2.5	0.0192504	0.148255
3	0.127449	0.135029
3.5	0.127449	0.132292
4	0.12531	0.130417
4.5	0.127377	0.129782
5	0.12748	0.129384
5.5	0.127568	0.129117
6	0.129582	0.129176
6.5	0.127449	0.128979
7	0.127449	0.128805
7.5	0.127449	0.12868
8	0.127449	0.128577
8.5	0.127449	0.128489
9	0.127449	0.128414
9.5	0.127449	0.12835
10	0.127449	0.128293
10.5	0.127449	0.128243
11	0.127449	0.128193
11.5	0.127449	0.128154
12	0.127449	0.128119
12.5	0.127449	0.128087
13	0.127449	0.128058
13.5	0.127449	0.128032
14	0.127449	0.128008
14.5	0.127449	0.127991
15	0	0.127991
15.5	0	0.127991
16	0	0.127991
16.5	0	0.127991
17	0	0.127991
17.5	0	0.127991
18	0	0.127991
18.5	0	0.127991
19	0	0.127991
19.5	0	0.127991
20	0	0.127991
20.5	0	0.127991
21	0	0.127991
21.5	0	0.127991
22	0	0.127991
22.5	0	0.127991
23	0	0.127991
23.5	0	0.127991
24	0	0.127991
24.5	0	0.127991
25	0	0.127991
25.5	0	0.127991
26	0.00604668	0.0683486
26.5	0.127449	0.0689519
27	0	0.0689519
27.5	0.0190904	0.0665274
28	0.127449	0.0666749
28.5	0	0.0666749
29	0	0.0666749
29.5	0	0.0666749
30	0	0.0666749
30.5	0	0.0666749
31	0	0.0666749
31.5	0.00600179	0.0585648
32	0.127547	0.0597027
32.5	0.127366	0.0608023
33	0.127454	0.0619982
33.5	0.127511	0.0630262
34	0.127343	0.0638985
34.5	0	0.0638985
35	0	0.0638985
35.5	0	0.0638985
36	0	0.0638985
36.5	0	0.0638985
37	0.0152824	0.0596053
37.5	0.129835	0.0605653
38	0.12752	0.0613709
38.5	0	0.0613709
39	0	0.0613709
39.5	0	0.0613709
40	0	0.0613709
40.5	0.00308413	0.0575034
41	0.123502	0.0583668
41.5	0.129107	0.0592412
42	0.129997	0.0600992
42.5	0.127417	0.0610232
43	0	0.0610232
43.5	0.0618161	0.0610427
44	0.129835	0.061837
44.5	0.129954	0.0626138
45	0.127377	0.0633586
45.5	0.127563	0.0640876
46	0.127434	0.0647994
46.5	0.127426	0.0655813
47	0.127387	0.0662599
47.5	0.127454	0.0669241
48	0.127465	0.0675741
48.5	0.127785	0.0682122
49	0.125226	0.0688221
49.5	0.127485	0.0694321
50	0.125778	0.0700198
50.5	0.12734	0.0706043
51	0.12997	0.0711915
51.5	0.110331	0.0712484
52	0	0.0712484
52.5	0.0121407	0.0697262
53	0	0.0697262
53.5	0.0195925	0.0685541
54	0.127449	0.0691132
54.5	0.127449	0.0696617
55	0.127449	0.0702001
55.5	0.127449	0.0707285
56	0.127449	0.0712472
56.5	0.127449	0.0717566
57	0.127449	0.0722568
57.5	0.127449	0.0728089
58	0.127449	0.0732904
58.5	0.127449	0.0737636
59	0.127449	0.073997
59.5	0	0.073997
60	0	0.073997
60.5	0	0.073997
61	0	0.073997
61.5	0	0.073997
62	0.00726259	0.0703839
62.5	0.127399	0.0706757
63	0	0.0706757
63.5	0	0.0706757
64	0	0.0706757
64.5	0	0.0706757
65	0	0.0706757
65.5	0	0.0706757
66	0	0.0706757
66.5	0	0.0706757
67	0	0.0706757
67.5	0	0.0706757
68	0	0.0706757
68.5	0	0.0706757
69	0	0.0706757
69.5	0	0.0706757
70	0	0.0706757
70.5	0.00668084	0.0629833
71	0.127449	0.0633869
71.5	0	0.0633869
72	0	0.0633869
72.5	0	0.0633869
73	0.0190256	0.0620965
73.5	0.127449	0.0625474
74	0.127449	0.0629922
74.5	0.127449	0.0634309
75	0.127449	0.0638636
75.5	0.127449	0.0642906
76	0.127449	0.0647641
76.5	0.127258	0.065127
77	0.127417	0.065588
77.5	0.12509	0.065984
78	0.125069	0.0663747
78.5	0.182974	0.0664406
79	0	0.0664406
79.5	0	0.0664406
80	0	0.0664406
80.5	0	0.0664406
81	0	0.0664406
81.5	0	0.0664406
82	0	0.0664406
82.5	0	0.0664406
83	0	0.0664406
83.5	0	0.0664406
84	0	0.0664406
84.5	0	0.0664406
85	0	0.0664406
85.5	0	0.0664406
86	0	0.0664406
86.5	0	0.0664406
87	0	0.0664406
87.5	0.00584808	0.0597712
88	0.127846	0.0602091
88.5	0.133431	0.0606576
89	0.127454	0.0610361
89.5	0.127449	0.0614104
90	0.129652	0.0617864
90.5	0.126058	0.0621485
91	0.127522	0.0625106
91.5	0.128797	0.0628721
92	0.127449	0.0632701
92.5	0.127449	0.0636197
93	0.127449	0.0639656
93.5	0.127449	0.0643077
94	0.127449	0.0646462
94.5	0.127449	0.0649394
95	0	0.0649394
95.5	0	0.0649394
96	0	0.0649394
96.5	0.0228824	0.0640225
97	0.129707	0.0643993
97.5	0.127449	0.0647248
98	0.12673	0.065045
98.5	0.127119	0.065363
99	0.124569	0.0656709
99.5	0.127471	0.0659833
100	0.131557	0.066303
100.5	0.126479	0.0666067
101	0.127341	0.0667963
101.5	0	0.0667963
102	0	0.0667963
102.5	0	0.0667963
103	0	0.0667963
103.5	0.00574592	0.065152
104	0.127434	0.0654531
104.5	0.127584	0.0657516
105	0.127428	0.0658257
105.5	0	0.0658257
106	0	0.0658257
106.5	0	0.0658257
107	0	0.0658257
107.5	0	0.0658257
108	0	0.0658257
108.5	0	0.0658257
109	0.0142729	0.063705
109.5	0.125267	0.0639922
110	0.129665	0.0642869
110.5	0.127605	0.0645742
111	0.125711	0.0648546
111.5	0.129873	0.0651419
112	0	0.0651419
112.5	0.0524399	0.0650215
113	0.12836	0.0653007
113.5	0.127449	0.0655755
114	0.126932	0.0658467
114.5	0.127509	0.0661168
115	0.124185	0.0663768
115.5	0.127274	0.0666087
116	0.128614	0.0669077
116.5	0.129862	0.0672069
117	0.127441	0.0674651
117.5	0.127457	0.0677211
118	0.127449	0.0679749
118.5	0.127449	0.0682266
119	0.127449	0.0684762
119.5	0.127449	0.0685382
120	0.044539	0.0683589
120.5	0.127449	0.0686048
121	0.127449	0.0686353
121.5	0	0.0686353
122	0	0.0686353
122.5	0	0.0686353
123	0	0.0686353
123.5	0.00265646	0.0670299
124	0.13822	0.0673283
124.5	0.0886785	0.0674055
125	0	0.0674055
125.5	0	0.0674055
126	0	0.0674055
126.5	0	0.0674055
127	0.0216251	0.0664744
127.5	0.127449	0.0667139
128	0.126134	0.0669489
128.5	0.127885	0.0670082
129	0	0.0670082
129.5	0	0.0670082
130	0	0.0670082
130.5	0	0.0670082
131	0	0.0670082
131.5	0	0.0670082
132	0	0.0670082
132.5	0.0124992	0.0651712
133	0.127449	0.0654056
133.5	0.127449	0.0656382
134	0.12734	0.0658975
134.5	0.127568	0.0661267
135	0.127453	0.0663539
135.5	0.123728	0.0665721
136	0.12642	0.066794
136.5	0.130888	0.0670227
137	0.127698	0.0672438
137.5	0.127397	0.0674627
138	0.12733	0.06768
138.5	0.127567	0.0678422
139	0	0.0678422
139.5	0	0.0678422
140	0	0.0678422
140.5	0	0.0678422
141	0	0.0678422
141.5	0	0.0678422
142	0	0.0678422
142.5	0	0.0678422
143	0	0.0678422
143.5	0	0.0678422
144	0	0.0678422
144.5	0	0.0678422
145	0.00117868	0.0647367
145.5	0.127449	0.0649521
146	0.127449	0.065166
146.5	0.127449	0.0653785
147	0.127449	0.0656158
147.5	0.127449	0.0658252
148	0.127449	0.0660332
148.5	0.127449	0.0662398
149	0.127449	0.066445
149.5	0.127449	0.0666489
150	0.127449	0.0668514
150.5	0.127449	0.0670525
151	0.127449	0.0672772
151.5	0.127449	0.0674755
152	0.127449	0.0676726
152.5	0.127449	0.0678683
153	0.127449	0.0680627
153.5	0.127449	0.0682559
154	0.127449	0.0684479
154.5	0.127449	0.0686386
155	0.127449	0.0688517
155.5	0.127449	0.0690398
156	0.127449	0.0692267
156.5	0.127449	0.0694124
157	0.127449	0.0695969
157.5	0.127449	0.0697802
158	0.126375	0.0699606
158.5	0.128541	0.0701435
159	0.127449	0.0703458
159.5	0.127449	0.0705245
160	0.127449	0.070702
160.5	0.126587	0.0708769
161	0.127461	0.0710523
161.5	0.12749	0.0712266
162	0.127449	0.0712917
162.5	0.0172977	0.0711386
163	0	0.0711386
163.5	0	0.0711386
164	0	0.0711386
164.5	0	0.0711386
165	0	0.0711386
165.5	0	0.0711386
166	0	0.0711386
166.5	0	0.0711386
167	0	0.0711386
167.5	0	0.0711386
168	0.00134213	0.0686789
168.5	0.126474	0.0688513
169	0.127408	0.0690457
169.5	0.128487	0.0692191
170	0.127449	0.0693899
170.5	0.127449	0.0695597
171	0.127449	0.0697285
171.5	0.127449	0.0698963
172	0.127449	0.0700632
172.5	0.127449	0.0702291
173	0	0.0702291
173.5	0	0.0702291
174	0	0.0702291
174.5	0	0.0702291
175	0.0062351	0.0692975
175.5	0.127449	0.0694627
176	0.127449	0.0696474
176.5	0.127449	0.0698106
177	0.127449	0.0699729
177.5	0.127449	0.0701343
178	0.127449	0.0702947
178.5	0.127449	0.0704543
179	0.127449	0.070613
179.5	0.127449	0.0707708
180	0.127449	0.0709473
180.5	0.127449	0.0711032
181	0.127449	0.0712583
181.5	0.127449	0.0714126
182	0.127449	0.071566
182.5	0.127449	0.0717185
183	0.127449	0.0718703
183.5	0.125291	0.0720178
184	0.12943	0.07219
184.5	0.127449	0.0723391
185	0.126736	0.0724864
185.5	0.127558	0.0726342
186	0.12806	0.0727819
186.5	0.127449	0.0729279
187	0.127449	0.0730731
187.5	0.127449	0.0732176
188	0.127449	0.0733792
188.5	0.127449	0.073522
189	0.127449	0.0736641
189.5	0.127449	0.0738054
190	0.127449	0.073946
190.5	0.127449	0.0740859
191	0.127449	0.074225
191.5	0.127449	0.0743634
192	0.127449	0.0745182
192.5	0.127449	0.0746551
193	0.12541	0.0747882
193.5	0.127726	0.0749241
194	0.127439	0.0750588
194.5	0.125039	0.0751892
195	0.129938	0.0753263
195.5	0.129298	0.0754618
196	0.127449	0.0756103
196.5	0.127449	0.0757416
197	0.127449	0.0758723
197.5	0.127449	0.0759698
198	0.0906298	0.0760152
198.5	0.127568	0.0761443
199	0.127366	0.0762725
199.5	0.12749	0.0764162
200	0.127449	0.0765432
200.5	0.125129	0.076666
201	0.127413	0.0767917
201.5	0.1299	0.0769204
202	0.127516	0.077045
202.5	0.127756	0.0771693
203	0.118159	0.0772777
203.5	0.136761	0.0774132
204	0.125903	0.0775479
204.5	0.12758	0.0776391
205	0	0.0776391
205.5	0.00796393	0.0773015
206	0	0.0773015
206.5	0	0.0773015
207	0	0.0773015
207.5	0.0332081	0.0768451
208	0.118649	0.076872
208.5	0	0.076872
209	0	0.076872
209.5	0	0.076872
210	0	0.076872
210.5	0	0.076872
211	0	0.076872
211.5	0	0.076872
212	0	0.076872
212.5	0	0.076872
213	0	0.076872
213.5	0	0.076872
214	0	0.076872
214.5	0	0.076872
215	0	0.076872
215.5	0	0.076872
216	0.00657157	0.0741254
216.5	0.127594	0.0742481
217	0.122366	0.0743629
217.5	0.129169	0.0744866
218	0.131724	0.0746287
218.5	0.12494	0.0747454
219	0.126719	0.0748493
219.5	0.128152	0.0749844
220	0.124802	0.0750994
220.5	0.11106	0.0751808
221	0.137897	0.0753275
221.5	0.109445	0.0754055
222	0.11151	0.0754863
222.5	0.113517	0.0755698
223	0.0794784	0.0755785
223.5	0.137925	0.0757227
224	0.207568	0.0760146
224.5	0.127449	0.0761285
225	0.127449	0.0762419
225.5	0.127449	0.0763689
226	0.127449	0.0764812
226.5	0.127449	0.0765931
227	0.127449	0.0767044
227.5	0.127449	0.0768153
228	0.127449	0.0769257
228.5	0.127449	0.0770356
229	0.127449	0.077145
229.5	0.127449	0.0772675
230	0.127449	0.0773759
230.5	0.127449	0.0774839
231	0.127449	0.0775914
231.5	0.127449	0.0776984
232	0.127449	0.077805
232.5	0.127449	0.0779111
233	0.126528	0.0780155
233.5	0.127373	0.0780944
234	0	0.0780944
234.5	0	0.0780944
235	0	0.0780944
235.5	0	0.0780944
236	0	0.0780944
236.5	0	0.0780944
237	0	0.0780944
237.5	0	0.0780944
238	0.00506849	0.0766569
238.5	0.132374	0.0767687
239	0.125109	0.0768711
239.5	0.127481	0.0769891
240	0.129841	0.0770965
240.5	0.127291	0.0772003
241	0.127542	0.077304
241.5	0.125159	0.0774043
242	0.129808	0.0775099
242.5	0.128675	0.0776137
243	0	0.0776137
243.5	0	0.0776137
244	0	0.0776137
244.5	0.0230147	0.0771531
245	0.129271	0.0772572
245.5	0.127449	0.0773588
246	0.127449	0.0774599
246.5	0.127449	0.0775732
247	0.127449	0.0776735
247.5	0.127449	0.0777734
248	0.127449	0.0778728
248.5	0.127449	0.0779719
249	0.127449	0.0780706
249.5	0.127449	0.0781689
250	0.127449	0.0782668
250.5	0.127449	0.0782912
251	0	0.0782912
251.5	0	0.0782912
252	0.00412559	0.0777269
252.5	0.128566	0.077826
253	0.127449	0.0779234
253.5	0.127449	0.0780204
254	0.127449	0.0781291
254.5	0.127449	0.0782253
255	0.127449	0.0783211
255.5	0.127449	0.0784166
256	0.127449	0.0785117
256.5	0.127449	0.0786064
257	0.127449	0.0787008
257.5	0.127449	0.0787948
258	0.127449	0.0789001
258.5	0.127449	0.0789933
259	0.127449	0.0790166
259.5	0	0.0790166
260	0	0.0790166
260.5	0	0.0790166
261	0	0.0790166
261.5	0	0.0790166
262	0.00234139	0.0780281
262.5	0.127532	0.0781217
263	0.129458	0.078229
263.5	0.127449	0.0783217
264	0.127449	0.078414
264.5	0.127449	0.0785061
265	0.127449	0.0785977
265.5	0.127449	0.0786891
266	0.127449	0.0787801
266.5	0.12506	0.0788679
267	0.127542	0.0789583
267.5	0.127398	0.0790595
268	0.13025	0.0791406
268.5	0	0.0791406
269	0	0.0791406
269.5	0	0.0791406
270	0	0.0791406
270.5	0	0.0791406
271	0	0.0791406
271.5	0	0.0791406
272	0	0.0791406
272.5	0	0.0791406
273	0	0.0791406
273.5	0	0.0791406
274	0	0.0791406
274.5	0	0.0791406
275	0	0.0791406
275.5	0	0.0791406
276	0	0.0791406
276.5	0	0.0791406
277	0	0.0791406
277.5	0.0049129	0.0765587
278	0.128319	0.0766505
278.5	0.127449	0.0767409
279	0.127449	0.0768311
279.5	0.127449	0.076921
280	0.123564	0.0770062
280.5	0.125114	0.0770929
281	0.129857	0.0771843
281.5	0.127392	0.0772729
282	0.131182	0.0773765
282.5	0.127449	0.0774644
283	0.127449	0.0775521
283.5	0.127449	0.0776394
284	0.127449	0.0777264
284.5	0.119663	0.0778043
285	0.131372	0.0778947
285.5	0.132099	0.0779856
286	0.115144	0.0780569
286.5	0.127779	0.0781428
287	0.127601	0.0782282
287.5	0.127434	0.0783131
288	0.127459	0.0783977
288.5	0.120997	0.0784749
289	0.134495	0.0785774
289.5	0.127449	0.0786611
290	0.127449	0.0787445
290.5	0.127449	0.0788277
291	0.127449	0.0788381
291.5	0	0.0788381
292	0	0.0788381
292.5	0	0.0788381
293	0	0.0788381
293.5	0	0.0788381
294	0	0.0788381
294.5	0	0.0788381
295	0.00894247	0.0777912
295.5	0	0.0777912
296	0	0.0777912
296.5	0	0.0777912
297	0	0.0777912
297.5	0	0.0777912
298	0	0.0777912
298.5	0	0.0777912
299	0	0.0777912
299.5	0	0.0777912
300	0	0.0777912
300.5	0	0.0777912
301	0	0.0777912
301.5	0	0.0777912
302	0	0.0777912
302.5	0	0.0777912
303	0	0.0777912
303.5	0	0.0777912
304	0	0.0777912
304.5	0	0.0777912
305	0	0.0777912
305.5	0	0.0777912
306	0	0.0777912
306.5	0	0.0777912
307	0	0.0777912
307.5	0	0.0777912
308	0	0.0777912
308.5	0	0.0777912
309	0	0.0777912
309.5	0	0.0777912
310	0	0.0777912
310.5	0	0.0777912
311	0	0.0777912
311.5	0	0.0777912
312	0	0.0777912
312.5	0	0.0777912
313	0	0.0777912
313.5	0	0.0777912
314	0	0.0777912
314.5	0.000400825	0.0729431
315	0.121193	0.073023
315.5	0.1299	0.0731106
316	0.127408	0.0731746
316.5	0	0.0731746
317	0	0.0731746
317.5	0	0.0731746
318	0	0.0731746
318.5	0	0.0731746
319	0	0.0731746
319.5	0	0.0731746
320	0	0.0731746
320.5	0	0.0731746
321	0	0.0731746
321.5	0	0.0731746
322	0.00255594	0.0718196
322.5	0.127449	0.0719051
323	0.127402	0.0719903
323.5	0.128738	0.0720764
324	0.125079	0.072159
324.5	0.127485	0.0722434
325	0.128247	0.0723283
325.5	0.127408	0.0724227
326	0.12749	0.0725064
326.5	0.0767653	0.0725131
327	0.128224	0.072597
327.5	0.124364	0.0726773
328	0.128278	0.0727607
328.5	0.130342	0.0728457
329	0.124989	0.0729258
329.5	0.129911	0.0730098
330	0.127516	0.0730917
330.5	0.127615	0.0731019
331	0	0.0731019
331.5	0	0.0731019
332	0	0.0731019
332.5	0	0.0731019
333	0	0.0731019
333.5	0	0.0731019
334	0	0.0731019
334.5	0	0.0731019
335	0	0.0731019
335.5	0	0.0731019
336	0	0.0731019
336.5	0	0.0731019
337	0	0.0731019
337.5	0	0.0731019
338	0	0.0731019
338.5	0	0.0731019
339	0	0.0731019
339.5	0	0.0731019
340	0	0.0731019
340.5	0.00375233	0.0709597
341	0.127325	0.0710417
341.5	0.125109	0.0711216
342	0.127459	0.0712032
342.5	0.129704	0.0712967
343	0.127304	0.0713575
343.5	0.0637701	0.0713438
344	0.0892217	0.0713714
344.5	0.127449	0.071452
345	0.127449	0.0715324
345.5	0.127449	0.0716126
346	0.12081	0.0716869
346.5	0.134541	0.071772
347	0.125556	0.0718305
347.5	0	0.0718305
348	0	0.0718305
348.5	0.0384936	0.0716736
349	0.12893	0.071754
349.5	0.133815	0.0718482
350	0.12579	0.0719256
350.5	0.127284	0.0719648
351	0	0.0719648
351.5	0	0.0719648
352	0	0.0719648
352.5	0	0.0719648
353	0	0.0719648
353.5	0.00727676	0.0713694
354	0.12699	0.0714475
354.5	0.127475	0.0715258
355	0.127398	0.0716135
355.5	0.127423	0.0716913
356	0.127579	0.071769
356.5	0.12732	0.0718462
357	0.127434	0.0719234
357.5	0.127522	0.0720004
358	0.127459	0.0720771
358.5	0.127366	0.0720866
359	0	0.0720866
359.5	0	0.0720866
360	0	0.0720866
360.5	0	0.0720866
361	0	0.0720866
361.5	0	0.0720866
362	0	0.0720866
362.5	0	0.0720866
363	0	0.0720866
363.5	0	0.0720866
364	0	0.0720866
364.5	0	0.0720866
365	0.00679155	0.0708397
365.5	0.127426	0.0709259
366	0.127639	0.0710025
366.5	0.127449	0.0710788
367	0.127449	0.0711549
367.5	0.127449	0.0712307
368	0.127449	0.071278
368.5	0	0.071278
369	0	0.071278
369.5	0	0.071278
370	0	0.071278
370.5	0	0.071278
371	0	0.071278
371.5	0	0.071278
372	0	0.071278
372.5	0	0.071278
373	0	0.071278
373.5	0	0.071278
374	0	0.071278
374.5	0	0.071278
375	0	0.071278
375.5	0	0.071278
376	0	0.071278
376.5	0	0.071278
377	0	0.071278
377.5	0	0.071278
378	0	0.071278
378.5	0	0.071278
379	0	0.071278
379.5	0	0.071278
380	0	0.071278
380.5	0.00433103	0.0690349
381	0.126243	0.0691099
381.5	0.127389	0.069195
382	0.127392	0.0692705
382.5	0.127675	0.069346
383	0.12749	0.0694211
383.5	0.128532	0.0694968
384	0.126631	0.0695709
384.5	0.126271	0.0696446
385	0.129493	0.0697204
385.5	0.127449	0.0698038
386	0.127449	0.0698777
386.5	0.127449	0.0699146
387	0	0.0699146
387.5	0	0.0699146
388	0	0.0699146
388.5	0.0177224	0.0696156
389	0.127449	0.0696984
389.5	0.125187	0.0697702
390	0.129794	0.069845
390.5	0.127449	0.0699181
391	0.127449	0.0699909
391.5	0.125222	0.070062
392	0.129757	0.070136
392.5	0.127449	0.0701541
393	0	0.0701541
393.5	0	0.0701541
394	0	0.0701541
394.5	0.0262891	0.0698873
395	0.12747	0.0699594
395.5	0.130796	0.0700151
396	0	0.0700151
396.5	0	0.0700151
397	0	0.0700151
397.5	0	0.0700151
398	0	0.0700151
398.5	0	0.0700151
399	0	0.0700151
399.5	0	0.0700151
400	0	0.0700151
400.5	0	0.0700151
401	0	0.0700151
401.5	0	0.0700151
402	0	0.0700151
402.5	0	0.0700151
403	0	0.0700151
403.5	0.00192658	0.0686338
404	0.129884	0.0687074
404.5	0.125119	0.0687777
405	0.1275	0.0688584
405.5	0.129846	0.0689315
406	0.122829	0.0689996
406.5	0.12748	0.0690708
407	0.132374	0.0691449
407.5	0.122844	0.0692126
408	0.131897	0.0692953
408.5	0.122131	0.0693537
409	0.131774	0.0694359
409.5	0.129278	0.0695072
410	0.125731	0.069576
410.5	0.128618	0.0696465
411	0.127408	0.0696552
411.5	0	0.0696552
412	0	0.0696552
412.5	0	0.0696552
413	0	0.0696552
413.5	0	0.0696552
414	0	0.0696552
414.5	0.0139657	0.0691243
415	0.125172	0.0691923
415.5	0.130632	0.0692459
416	0	0.0692459
416.5	0	0.0692459
417	0	0.0692459
417.5	0	0.0692459
418	0	0.0692459
418.5	0.0175465	0.0688574
419	0.12749	0.0689352
419.5	0.127437	0.0689956
420	0.127371	0.069073
420.5	0.127418	0.0691417
421	0.125184	0.0692088
421.5	0.12983	0.0692787
422	0.125119	0.0693454
422.5	0.130738	0.0693979
423	0	0.0693979
423.5	0	0.0693979
424	0	0.0693979
424.5	0	0.0693979
425	0	0.0693979
425.5	0	0.0693979
426	0	0.0693979
426.5	0	0.0693979
427	0	0.0693979
427.5	0	0.0693979
428	0	0.0693979
428.5	0	0.0693979
429	0	0.0693979
429.5	0	0.0693979
430	0.00617943	0.0682726
430.5	0.134439	0.0683447
431	0.126399	0.0684203
431.5	0.129512	0.0684892
432	0.127449	0.0685652
432.5	0.127449	0.0686242
433	0	0.0686242
433.5	0	0.0686242
434	0	0.0686242
434.5	0	0.0686242
435	0	0.0686242
435.5	0	0.0686242
436	0	0.0686242
436.5	0	0.0686242
437	0	0.0686242
437.5	0	0.0686242
438	0	0.0686242
438.5	0	0.0686242
439	0	0.0686242
439.5	0	0.0686242
440	0	0.0686242
440.5	0	0.0686242
441	0	0.0686242
441.5	0	0.0686242
442	0	0.0686242
442.5	0	0.0686242
443	0	0.0686242
443.5	0	0.0686242
444	0	0.0686242
444.5	0	0.0686242
445	0	0.0686242
445.5	0	0.0686242
446	0	0.0686242
446.5	0	0.0686242
447	0	0.0686242
447.5	0	0.0686242
448	0	0.0686242
448.5	0	0.0686242
449	0	0.0686242
449.5	0	0.0686242
450	0.00312846	0.0660577
450.5	0.127449	0.0661251
451	0.127449	0.0661924
451.5	0.127449	0.0662595
452	0.127449	0.0663265
452.5	0.127449	0.0664016
453	0.127449	0.0664683
453.5	0.127449	0.0665348
454	0.12569	0.0666002
454.5	0.127527	0.0666664
455	0.127431	0.0667243
455.5	0	0.0667243
456	0	0.0667243
456.5	0.0201144	0.0665642
457	0.127449	0.0666302
457.5	0.127449	0.0666959
458	0.127449	0.0667615
458.5	0.124993	0.0668256
459	0.128539	0.0668998
459.5	0.127109	0.0669647
460	0.127663	0.0670299
460.5	0.127356	0.0670947
461	0.128977	0.0671604
461.5	0.127449	0.0671684
462	0	0.0671684
462.5	0.00531407	0.0669701
463	0.127454	0.0670348
463.5	0.127511	0.0670993
464	0	0.0670993
464.5	0	0.0670993
465	0	0.0670993
465.5	0	0.0670993
466	0	0.0670993
466.5	0	0.0670993
467	0	0.0670993
467.5	0	0.0670993
468	0	0.0670993
468.5	0	0.0670993
469	0	0.0670993
469.5	0	0.0670993
470	0	0.0670993
470.5	0.00118094	0.0661638
471	0	0.0661638
471.5	0	0.0661638
472	0.0339374	0.066037
472.5	0.136432	0.0661144
473	0.127579	0.0661786
473.5	0.129442	0.0662437
474	0.127449	0.0663076
474.5	0.127449	0.0663713
475	0.125416	0.0664338
475.5	0.129312	0.0665063
476	0.127449	0.0665696
476.5	0.127449	0.0666328
477	0.127449	0.0666958
477.5	0	0.0666958
478	0.0553162	0.0666721
478.5	0.127449	0.0667349
479	0.127449	0.0667976
479.5	0.127449	0.0668601
480	0.126957	0.0669301
480.5	0.127408	0.0669923
481	0.127511	0.0670545
481.5	0.125144	0.0671153
482	0.127444	0.0671772
482.5	0.129916	0.0672402
483	0.121319	0.0672621
483.5	0	0.0672621
484	0	0.0672621
484.5	0	0.0672621
485	0	0.0672621
485.5	0	0.0672621
486	0	0.0672621
486.5	0	0.0672621
487	0	0.0672621
487.5	0	0.0672621
488	0.00737194	0.0666063
488.5	0.127449	0.0666679
489	0.127449	0.0667294
489.5	0.127449	0.0667907
490	0.127449	0.066852
490.5	0.126577	0.0669201
491	0.128445	0.0669816
491.5	0.127449	0.0670425
492	0.127449	0.0671032
492.5	0.127449	0.0671638
493	0.127033	0.067224
493.5	0.127868	0.0672846
494	0.127449	0.0673448
494.5	0.125794	0.067404
495	0.12744	0.0674715
495.5	0.12747	0.0675313
496	0.127371	0.067591
496.5	0.127434	0.0676506
497	0.125154	0.0677089
497.5	0.129873	0.0677695
498	0.125144	0.0678275
498.5	0.127454	0.0678867
499	0.136122	0.0679184
499.5	0.0601167	0.0679061
500	0.127449	0.067965
500.5	0.127449	0.0680237
501	0.127449	0.0680824
501.5	0.127449	0.0681482
502	0.127449	0.0681847
502.5	0	0.0681847
503	0	0.0681847
503.5	0	0.0681847
504	0	0.0681847
504.5	0	0.0681847
505	0	0.0681847
505.5	0.0170806	0.0678118
506	0	0.0678118
506.5	0	0.0678118
507	0	0.0678118
507.5	0	0.0678118
508	0	0.0678118
508.5	0	0.0678118
509	0	0.0678118
509.5	0	0.0678118
510	0	0.0678118
510.5	0	0.0678118
511	0	0.0678118
511.5	0	0.0678118
512	0	0.0678118
512.5	0	0.0678118
513	0	0.0678118
513.5	0	0.0678118
514	0	0.0678118
514.5	0	0.0678118
515	0	0.0678118
515.5	0.00548266	0.066596
516	0.127454	0.0666543
516.5	0.127351	0.0667124
517	0.127437	0.0667633
517.5	0	0.0667633
518	0	0.0667633
518.5	0	0.0667633
519	0	0.0667633
519.5	0	0.0667633
520	0	0.0667633
520.5	0	0.0667633
521	0	0.0667633
521.5	0	0.0667633
522	0	0.0667633
522.5	0	0.0667633
523	0	0.0667633
523.5	0	0.0667633
524	0	0.0667633
524.5	0	0.0667633
525	0	0.0667633
525.5	0.00456252	0.0657418
526	0	0.0657418
526.5	0	0.0657418
527	0	0.0657418
527.5	0	0.0657418
528	0	0.0657418
528.5	0	0.0657418
529	0.0137513	0.065404
529.5	0.122232	0.0654594
530	0.130672	0.0655261
530.5	0.124384	0.0655823
531	0.132447	0.0656422
531.5	0.127434	0.0656997
532	0.127088	0.0657569
532.5	0.128149	0.0658217
533	0.12333	0.0658768
533.5	0.12733	0.0659338
534	0.12997	0.0659919
534.5	0.127315	0.0660487
535	0.125174	0.0661043
535.5	0.127413	0.0661609
536	0.127514	0.0662104
536.5	0	0.0662104
537	0	0.0662104
537.5	0	0.0662104
538	0	0.0662104
538.5	0	0.0662104
539	0	0.0662104
539.5	0	0.0662104
540	0	0.0662104
540.5	0	0.0662104
541	0	0.0662104
541.5	0	0.0662104
542	0.01028	0.0655781
542.5	0.127501	0.0656344
543	0.129803	0.0656918
543.5	0.127527	0.065748
544	0.127397	0.065804
544.5	0.12748	0.06586
545	0.129556	0.0659239
545.5	0.127449	0.0659797
546	0.127428	0.0660353
546.5	0.127402	0.0660908
547	0	0.0660908
547.5	0	0.0660908
548	0	0.0660908
548.5	0	0.0660908
549	0	0.0660908
549.5	0	0.0660908
550	0	0.0660908
550.5	0	0.0660908
551	0	0.0660908
551.5	0	0.0660908
552	0.0127611	0.0655544
552.5	0.127449	0.0656028
553	0	0.0656028
553.5	0	0.0656028
554	0	0.0656028
554.5	0	0.0656028
555	0.0124659	0.0653609
555.5	0.127527	0.0654231
556	0.124634	0.0654702
556.5	0.128458	0.0655326
557	0.12724	0.0655875
557.5	0.129114	0.0656431
558	0.127309	0.0656977
558.5	0.120751	0.0657492
559	0	0.0657492
559.5	0	0.0657492
560	0	0.0657492
560.5	0	0.0657492
561	0	0.0657492
561.5	0	0.0657492
562	0	0.0657492
562.5	0	0.0657492
563	0	0.0657492
563.5	0.00312775	0.0651897
564	0.127449	0.0652443
564.5	0.127449	0.0652987
565	0.127449	0.0653531
565.5	0.127449	0.0654074
566	0.127449	0.0654615
566.5	0.127449	0.0655156
567	0.127449	0.0655696
567.5	0.127449	0.0656033
568	0	0.0656033
568.5	0	0.0656033
569	0	0.0656033
569.5	0	0.0656033
570	0.0228242	0.0653962
570.5	0.127449	0.0654499
571	0.127449	0.0655036
571.5	0.127449	0.0655572
572	0.127449	0.0655772
572.5	0	0.0655772
573	0	0.0655772
573.5	0.00875049	0.0653989
574	0.127415	0.065439
574.5	0	0.065439
575	0.0139698	0.0653381
575.5	0.127449	0.0653648
576	0	0.0653648
576.5	0	0.0653648
577	0	0.0653648
577.5	0.0205919	0.0651869
578	0.127449	0.0652402
578.5	0.127449	0.0652933
579	0.127449	0.0653464
579.5	0.127449	0.0653993
580	0.127449	0.0654522
580.5	0.127449	0.0655115
581	0.127449	0.0655642
581.5	0.127449	0.0656168
582	0.126369	0.0656688
582.5	0.127077	0.0656819
583	0	0.0656819
583.5	0	0.0656819
584	0	0.0656819
584.5	0	0.0656819
585	0	0.0656819
585.5	0	0.0656819
586	0	0.0656819
586.5	0	0.0656819
587	0	0.0656819
587.5	0	0.0656819
588	0	0.0656819
588.5	0	0.0656819
589	0	0.0656819
589.5	0	0.0656819
590	0	0.0656819
590.5	0	0.0656819
591	0	0.0656819
591.5	0	0.0656819
592	0	0.0656819
592.5	0	0.0656819
593	0	0.0656819
593.5	0	0.0656819
594	0	0.0656819
594.5	0.00443269	0.0644012
595	0.127449	0.0644536
595.5	0.127449	0.0645059
596	0.127449	0.0645581
596.5	0.127449	0.0646101
597	0.127449	0.0646622
597.5	0.125456	0.0647132
598	0.12749	0.0647716
598.5	0.127273	0.0648232
599	0.129371	0.0648757
599.5	0.12771	0.0649274
600	0.127449	0.0649788
600.5	0.127449	0.065011
601	0	0.065011
601.5	0	0.065011
602	0	0.065011
602.5	0	0.065011
603	0	0.065011
603.5	0	0.065011
604	0	0.065011
604.5	0	0.065011
605	0	0.065011
605.5	0	0.065011
606	0.0109571	0.0644984
606.5	0.0936052	0.0645226
607	0.121713	0.0645409
607.5	0	0.0645409
608	0	0.0645409
608.5	0	0.0645409
609	0	0.0645409
609.5	0	0.0645409
610	0	0.0645409
610.5	0	0.0645409
611	0	0.0645409
611.5	0.0114682	0.0641239
612	0.126191	0.0641745
612.5	0.120479	0.0642226
613	0.136085	0.0642768
613.5	0.129504	0.0643285
614	0.127614	0.0643857
614.5	0.127449	0.0644364
615	0.127449	0.0644871
615.5	0.125714	0.0645369
616	0.127465	0.0645873
616.5	0.127475	0.0646377
617	0.12733	0.064688
617.5	0.12749	0.0647131
618	0	0.0647131
618.5	0	0.0647131
619	0	0.0647131
619.5	0	0.0647131
620	0	0.0647131
620.5	0	0.0647131
621	0	0.0647131
621.5	0	0.0647131
622	0	0.0647131
622.5	0	0.0647131
623	0	0.0647131
623.5	0	0.0647131
624	0	0.0647131
624.5	0	0.0647131
625	0	0.0647131
625.5	0	0.0647131
626	0	0.0647131
626.5	0	0.0647131
627	0	0.0647131
627.5	0	0.0647131
628	0	0.0647131
628.5	0.00348806	0.0636141
629	0.125149	0.0636633
629.5	0.129186	0.0637204
630	0.127366	0.0637703
630.5	0.127553	0.0638202
631	0.127366	0.06387
631.5	0.12747	0.0639198
632	0.127705	0.0639695
632.5	0.127392	0.0640191
633	0.128676	0.0640753
633.5	0.125034	0.0641237
634	0.128595	0.0641735
634.5	0.127428	0.0642228
635	0.127684	0.0642413
635.5	0	0.0642413
636	0	0.0642413
636.5	0	0.0642413
637	0	0.0642413
637.5	0	0.0642413
638	0	0.0642413
638.5	0	0.0642413
639	0	0.0642413
639.5	0	0.0642413
640	0	0.0642413
640.5	0	0.0642413
641	0	0.0642413
641.5	0	0.0642413
642	0	0.0642413
642.5	0.00602266	0.0635309
643	0.127346	0.06358
643.5	0.127532	0.063629
644	0.127387	0.0636779
644.5	0.126886	0.0637266
645	0.128996	0.063776
645.5	0.122939	0.0638229
646	0.127389	0.0638776
646.5	0.129835	0.0639271
647	0.127537	0.0639756
647.5	0.129804	0.0640249
648	0.125163	0.0640724
648.5	0.12982	0.0641216
649	0.127449	0.0641758
649.5	0.127449	0.0642239
650	0.127449	0.0642719
650.5	0.126854	0.0643197
651	0.126799	0.0643673
651.5	0.128205	0.0644155
652	0.12795	0.0644634
652.5	0.127449	0.0645111
653	0.125545	0.064558
653.5	0.128213	0.0646118
654	0.127413	0.0646592
654.5	0.127346	0.0647065
655	0.127527	0.0647539
655.5	0.12747	0.0648011
656	0.127361	0.0648483
656.5	0.127516	0.0648954
657	0.126534	0.0649421
657.5	0.126396	0.0649944
658	0.12983	0.0650422
658.5	0.127532	0.0650891
659	0.125074	0.0651349
659.5	0.128655	0.065182
660	0	0.065182
660.5	0.0393623	0.0651429
661	0.126173	0.065189
661.5	0.127418	0.0652355
662	0.127439	0.0652819
662.5	0.127169	0.0653339
663	0.129117	0.0653808
663.5	0.127449	0.065427
664	0.127141	0.065473
664.5	0.126809	0.0655189
665	0.128408	0.0655652
665.5	0.127449	0.0656111
666	0.127449	0.0656627
666.5	0.127449	0.0657085
667	0.127449	0.0657542
667.5	0.127449	0.0657999
668	0.127449	0.0658455
668.5	0.127449	0.065891
669	0.127449	0.0659364
669.5	0.126295	0.0659814
670	0.125169	0.0660258
670.5	0.13049	0.066078
671	0.12477	0.0661166
671.5	0	0.0661166
672	0	0.0661166
672.5	0	0.0661166
673	0	0.0661166
673.5	0	0.0661166
674	0	0.0661166
674.5	0	0.0661166
675	0	0.0661166
675.5	0	0.0661166
676	0	0.0661166
676.5	0.0126804	0.0656755
677	0.12749	0.0657206
677.5	0	0.0657206
678	0	0.0657206
678.5	0	0.0657206
679	0	0.0657206
679.5	0	0.0657206
680	0	0.0657206
680.5	0	0.0657206
681	0	0.0657206
681.5	0	0.0657206
682	0	0.0657206
682.5	0	0.0657206
683	0	0.0657206
683.5	0	0.0657206
684	0	0.0657206
684.5	0	0.0657206
685	0	0.0657206
685.5	0	0.0657206
686	0	0.0657206
686.5	0	0.0657206
687	0.00157129	0.0647855
687.5	0.127449	0.0648305
688	0.127449	0.0648754
688.5	0.127449	0.0649203
689	0.127449	0.0649651
689.5	0.127449	0.0650155
690	0.127449	0.0650602
690.5	0.127449	0.0651048
691	0.127449	0.0651493
691.5	0.127449	0.0651938
692	0.127118	0.0652382
692.5	0.125009	0.0652816
693	0.128283	0.0652928
693.5	0	0.0652928
694	0	0.0652928
694.5	0	0.0652928
695	0	0.0652928
695.5	0	0.0652928
696	0	0.0652928
696.5	0	0.0652928
697	0	0.0652928
697.5	0	0.0652928
698	0	0.0652928
698.5	0	0.0652928
699	0	0.0652928
699.5	0.00113653	0.0646579
700	0.127449	0.0647022
700.5	0.127449	0.0647464
701	0.127449	0.0647906
701.5	0.125755	0.0648341
702	0.127309	0.0648781
702.5	0.127584	0.0649221
703	0.128998	0.0649721
703.5	0.127449	0.065016
704	0.127449	0.0650598
704.5	0.127449	0.0651035
705	0.126742	0.0651469
705.5	0.127361	0.0651905
706	0.127475	0.0652341
706.5	0.12749	0.0652776
707	0.12738	0.0653264
707.5	0.127465	0.0653698
708	0.127459	0.0654131
708.5	0.12748	0.0654563
709	0.127553	0.0654671
709.5	0	0.0654671
710	0	0.0654671
710.5	0	0.0654671
711	0	0.0654671
711.5	0	0.0654671
712	0	0.0654671
712.5	0	0.0654671
713	0	0.0654671
713.5	0	0.0654671
714	0	0.0654671
714.5	0	0.0654671
715	0	0.0654671
715.5	0	0.0654671
716	0	0.0654671
716.5	0.00201925	0.0647771
717	0	0.0647771
717.5	0	0.0647771
718	0	0.0647771
718.5	0	0.0647771
719	0	0.0647771
719.5	0	0.0647771
720	0	0.0647771
720.5	0	0.0647771
721	0	0.0647771
721.5	0	0.0647771
722	0	0.0647771
722.5	0	0.0647771
723	0	0.0647771
723.5	0	0.0647771
724	0	0.0647771
724.5	0.00581669	0.0641167
725	0.127444	0.0641598
725.5	0.127481	0.0642083
726	0.127615	0.0642514
726.5	0.127201	0.0642942
727	0.127459	0.0643371
727.5	0.12762	0.06438
728	0.127315	0.0644227
728.5	0.128958	0.064466
729	0.126829	0.0645084
729.5	0	0.0645084
730	0	0.0645084
730.5	0	0.0645084
731	0	0.0645084
731.5	0	0.0645084
732	0	0.0645084
732.5	0	0.0645084
733	0	0.0645084
733.5	0	0.0645084
734	0	0.0645084
734.5	0	0.0645084
735	0	0.0645084
735.5	0.00481895	0.0639785
736	0.127347	0.0640211
736.5	0.127551	0.0640636
737	0.125725	0.0641107
737.5	0.123668	0.0641364
738	0	0.0641364
738.5	0	0.0641364
739	0.0328413	0.0640654
739.5	0.127449	0.0641077
740	0.127449	0.06415
740.5	0.127449	0.0641922
741	0.127449	0.0642238
741.5	0.0940475	0.0642507
742	0.127646	0.0642929
742.5	0.127268	0.0643348
743	0.127511	0.0643768
743.5	0.127418	0.0644186
744	0.1285	0.0644608
744.5	0.127382	0.0645026
745	0.127449	0.0645443
745.5	0.127467	0.0645912
746	0.12749	0.0646328
746.5	0.127633	0.0646744
747	0.127459	0.0647159
747.5	0.125099	0.0647565
748	0.129884	0.0647987
748.5	0.125044	0.0648392
749	0.127547	0.0648805
749.5	0.12959	0.0649277
750	0.127356	0.0649482
750.5	0	0.0649482
751	0	0.0649482
751.5	0	0.0649482
752	0.0278158	0.0648365
752.5	0.127449	0.0648776
753	0.127449	0.0649186
753.5	0.127449	0.0649596
754	0.127449	0.0650005
754.5	0.127449	0.0650414
755	0.127449	0.0650822
755.5	0.127449	0.065123
756	0.127449	0.0651688
756.5	0.127449	0.0652094
757	0.127449	0.06525
757.5	0.127449	0.0652905
758	0.127449	0.0653057
758.5	0	0.0653057
759	0	0.0653057
759.5	0	0.0653057
760	0	0.0653057
760.5	0	0.0653057
761	0	0.0653057
761.5	0	0.0653057
762	0	0.0653057
762.5	0	0.0653057
763	0	0.0653057
763.5	0	0.0653057
764	0	0.0653057
764.5	0.00805752	0.0647941
765	0.127449	0.0648345
765.5	0.127449	0.0648749
766	0.127449	0.0649152
766.5	0.127449	0.0649555
767	0.057133	0.0649499
767.5	0.132418	0.0649916
768	0.12509	0.065031
768.5	0.127459	0.0650711
769	0.129904	0.0651119
769.5	0.127318	0.0651569
770	0.125014	0.065196
770.5	0.127608	0.0652359
771	0.129889	0.0652766
771.5	0.129651	0.0653171
772	0	0.0653171
772.5	0	0.0653171
773	0	0.0653171
773.5	0	0.0653171
774	0	0.0653171
774.5	0	0.0653171
775	0	0.0653171
775.5	0	0.0653171
776	0	0.0653171
776.5	0	0.0653171
777	0	0.0653171
777.5	0	0.0653171
778	0.00603118	0.0648202
778.5	0.127721	0.06486
779	0.124315	0.064889
779.5	0	0.064889
780	0	0.064889
780.5	0	0.064889
781	0	0.064889
781.5	0	0.064889
782	0	0.064889
782.5	0	0.064889
783	0	0.064889
783.5	0	0.064889
784	0	0.064889
784.5	0	0.064889
785	0	0.064889
785.5	0	0.064889
786	0	0.064889
786.5	0	0.064889
787	0	0.064889
787.5	0	0.064889
788	0	0.064889
788.5	0	0.064889
789	0	0.064889
789.5	0.00147744	0.0640339
790	0.127449	0.0640784
790.5	0.127449	0.064118
791	0.127449	0.0641575
791.5	0.126701	0.0641968
792	0.127511	0.0642362
792.5	0.127418	0.0642756
793	0.0297859	0.0642526
793.5	0.126333	0.0642916
794	0.127387	0.0643308
794.5	0.127589	0.0643701
795	0.125793	0.0644087
795.5	0.128334	0.0644481
796	0	0.0644481
796.5	0	0.0644481
797	0	0.0644481
797.5	0.0271442	0.0643533
798	0.127449	0.0643923
798.5	0.125432	0.0644306
799	0.127485	0.0644696
799.5	0.129495	0.0645091
800	0.126321	0.0645476
800.5	0.127366	0.0645912
801	0.127594	0.06463
801.5	0.127418	0.0646687
802	0.127366	0.0646735
802.5	0	0.0646735
803	0	0.0646735
803.5	0	0.0646735
804	0	0.0646735
804.5	0	0.0646735
805	0	0.0646735
805.5	0	0.0646735
806	0	0.0646735
806.5	0	0.0646735
807	0	0.0646735
807.5	0	0.0646735
808	0.00243589	0.0641761
808.5	0.132369	0.0642162
809	0.127454	0.0642548
809.5	0.125074	0.0642926
810	0.129523	0.0643366
810.5	0.12748	0.0643751
811	0.127454	0.0644135
811.5	0.127454	0.0644518
812	0.127434	0.0644901
812.5	0.127719	0.0644997
813	0.0461465	0.0644804
813.5	0.128442	0.0645238
814	0.126577	0.0645617
814.5	0.123771	0.064594
815	0.124449	0.0646357
815.5	0.135586	0.0646761
816	0.127449	0.0647141
816.5	0.127449	0.064752
817	0.127449	0.0647946
817.5	0.127449	0.0648325
818	0.127009	0.0648701
818.5	0.127893	0.064908
819	0.127449	0.0649457
819.5	0.127449	0.0649833
820	0.127449	0.0650209
820.5	0.127449	0.0650585
821	0.127449	0.0651007
821.5	0.127449	0.0651381
822	0.127449	0.0651756
822.5	0.127449	0.0652036
823	0	0.0652036
823.5	0	0.0652036
824	0	0.0652036
824.5	0	0.0652036
825	0	0.0652036
825.5	0	0.0652036
826	0	0.0652036
826.5	0	0.0652036
827	0	0.0652036
827.5	0	0.0652036
828	0.00556852	0.0647968
828.5	0.12829	0.0648344
829	0.127449	0.0648716
829.5	0.127449	0.0649089
830	0.127449	0.0649321
830.5	0.0695168	0.0649359
831	0.127449	0.0649776
831.5	0.126598	0.0650145
832	0.126995	0.0650191
832.5	0	0.0650191
833	0	0.0650191
833.5	0	0.0650191
834	0	0.0650191
834.5	0	0.0650191
835	0	0.0650191
835.5	0	0.0650191
836	0.00356188	0.0646945
836.5	0.129771	0.0647322
837	0.125139	0.0647685
837.5	0.129537	0.0648107
838	0.125139	0.0648469
838.5	0.129948	0.0648845
839	0.127428	0.0649213
839.5	0.127371	0.0649581
840	0.127563	0.0649948
840.5	0.127912	0.0650316
841	0.127449	0.0650728
841.5	0.127449	0.0651094
842	0.127072	0.0651458
842.5	0.127516	0.0651824
843	0.127428	0.0652188
843.5	0.127781	0.0652553
844	0.127449	0.0652917
844.5	0.127449	0.065328
845	0.127449	0.0653689
845.5	0.127449	0.0654051
846	0.127449	0.0654413
846.5	0.127449	0.0654639
847	0	0.0654639
847.5	0	0.0654639
848	0	0.0654639
848.5	0.0144244	0.0653327
849	0.128191	0.0653691
849.5	0.127527	0.0654052
850	0.127421	0.0654457
850.5	0.125084	0.0654809
851	0.125443	0.0654986
851.5	0	0.0654986
852	0	0.0654986
852.5	0	0.0654986
853	0	0.0654986
853.5	0	0.0654986
854	0	0.0654986
854.5	0	0.0654986
855	0	0.0654986
855.5	0	0.0654986
856	0	0.0654986
856.5	0	0.0654986
857	0	0.0654986
857.5	0.00350292	0.0650118
858	0.127501	0.0650477
858.5	0.127516	0.0650836
859	0.127201	0.0651193
859.5	0.128455	0.0651599
860	0.128191	0.0651959
860.5	0.127449	0.0652316
861	0.127449	0.0652673
861.5	0.127449	0.0653029
862	0.127449	0.0653385
862.5	0.127449	0.065374
863	0.127449	0.065414
863.5	0.127449	0.0654494
864	0.125731	0.0654843
864.5	0.127361	0.0655197
865	0.127625	0.065555
865.5	0.125154	0.0655897
866	0.1299	0.0656256
866.5	0.128004	0.065661
867	0.119543	0.0656937
867.5	0.12399	0.0657235
868	0	0.0657235
868.5	0	0.0657235
869	0	0.0657235
869.5	0.0151747	0.065603
870	0.127449	0.0656381
870.5	0.127449	0.0656732
871	0.127449	0.0657082
871.5	0.127449	0.0657431
872	0	0.0657431
872.5	0	0.0657431
873	0	0.0657431
873.5	0	0.0657431
874	0	0.0657431
874.5	0	0.0657431
875	0	0.0657431
875.5	0	0.0657431
876	0	0.0657431
876.5	0	0.0657431
877	0	0.0657431
877.5	0	0.0657431
878	0	0.0657431
878.5	0	0.0657431
879	0	0.0657431
879.5	0.00490596	0.0651888
880	0.127403	0.0652281
880.5	0.115301	0.0652552
881	0.120766	0.0652881
881.5	0.133798	0.06532
882	0.126435	0.0653588
882.5	0.123443	0.0653923
883	0.132368	0.0654284
883.5	0.122911	0.0654617
884	0.134007	0.0655026
884.5	0.127449	0.0655372
885	0.127449	0.0655717
885.5	0.127449	0.0656062
886	0.127449	0.0656407
886.5	0.127449	0.0656751
887	0.127449	0.0657137
887.5	0.127449	0.0657481
888	0.127449	0.0657823
888.5	0.127449	0.0658166
889	0.127449	0.0658508
889.5	0.126223	0.0658846
890	0.127434	0.0659188
890.5	0.127356	0.0659358
891	0	0.0659358
891.5	0	0.0659358
892	0	0.0659358
892.5	0	0.0659358
893	0	0.0659358
893.5	0	0.0659358
894	0	0.0659358
894.5	0.00919888	0.0656648
895	0.127449	0.0656988
895.5	0.127449	0.0657328
896	0.127449	0.0657583
896.5	0	0.0657583
897	0.0418666	0.0657283
897.5	0.126952	0.0657664
898	0.12749	0.0658003
898.5	0.128078	0.0658045
899	0	0.0658045
899.5	0	0.0658045
900	0	0.0658045
900.5	0	0.0658045
901	0	0.0658045
901.5	0.00682731	0.0655785
902	0.127431	0.0656081
902.5	0.127417	0.0656462
903	0.127547	0.06568
903.5	0.127346	0.0657137
904	0.128626	0.0657477
904.5	0.123718	0.0657803
905	0.130948	0.0658149
905.5	0.127325	0.0658526
906	0.127439	0.0658862
906.5	0.127563	0.0659197
907	0.127532	0.0659281
907.5	0	0.0659281
908	0	0.0659281
908.5	0	0.0659281
909	0	0.0659281
909.5	0.0164374	0.0657719
910	0.127449	0.0658054
910.5	0.127449	0.0658388
911	0.127449	0.0658722
911.5	0.127449	0.0659097
912	0.127449	0.065943
912.5	0.127449	0.0659762
913	0.127449	0.0660095
913.5	0.125476	0.0660339
914	0	0.0660339
914.5	0	0.0660339
915	0	0.0660339
915.5	0	0.0660339
916	0	0.0660339
916.5	0	0.0660339
917	0	0.0660339
917.5	0	0.0660339
918	0	0.0660339
918.5	0	0.0660339
919	0	0.0660339
919.5	0	0.0660339
920	0	0.0660339
920.5	0	0.0660339
921	0	0.0660339
921.5	0	0.0660339
922	0	0.0660339
922.5	0	0.0660339
923	0	0.0660339
923.5	0	0.0660339
924	0	0.0660339
924.5	0	0.0660339
925	0	0.0660339
925.5	0	0.0660339
926	0	0.0660339
926.5	0.00358941	0.0651483
927	0.127449	0.0651814
927.5	0.127449	0.0652146
928	0.127449	0.0652518
928.5	0.127449	0.0652848
929	0.127449	0.0653179
929.5	0.127449	0.0653467
930	0	0.0653467
930.5	0	0.0653467
931	0	0.0653467
931.5	0.00761317	0.0652187
932	0.12777	0.0652518
932.5	0.127449	0.0652847
933	0.127449	0.0653175
933.5	0.127449	0.0653504
934	0.123305	0.065382
934.5	0.129924	0.0654155
935	0.127412	0.0654523
935.5	0.128073	0.0654852
936	0.127501	0.0655178
936.5	0.127387	0.0655505
937	0.127599	0.0655831
937.5	0.127299	0.0656156
938	0.127579	0.0656482
938.5	0.127371	0.0656847
939	0.127325	0.0656928
939.5	0	0.0656928
940	0	0.0656928
940.5	0	0.0656928
941	0	0.0656928
941.5	0	0.0656928
942	0	0.0656928
942.5	0	0.0656928
943	0	0.0656928
943.5	0	0.0656928
944	0	0.0656928
944.5	0	0.0656928
945	0	0.0656928
945.5	0	0.0656928
946	0	0.0656928
946.5	0	0.0656928
947	0	0.0656928
947.5	0.00354369	0.0651108
948	0.127573	0.0651149
948.5	0	0.0651149
949	0	0.0651149
949.5	0.0160196	0.0650134
950	0.127449	0.0650458
950.5	0.127449	0.0650701
951	0	0.0650701
951.5	0	0.0650701
952	0	0.0650701
952.5	0	0.0650701
953	0.0121752	0.0649268
953.5	0.0419342	0.0649132
954	0.129986	0.0649462
954.5	0.127444	0.0649785
955	0.125547	0.0650103
955.5	0.127454	0.0650425
956	0.127454	0.0650747
956.5	0.131495	0.0650955
957	0	0.0650955
957.5	0	0.0650955
958	0.0184413	0.0650125
958.5	0.127449	0.0650446
959	0.127449	0.0650807
959.5	0.127449	0.0651128
960	0.127449	0.0651448
960.5	0.127449	0.0651768
961	0.127449	0.0652088
961.5	0.127449	0.0652368
962	0	0.0652368
962.5	0	0.0652368
963	0	0.0652368
963.5	0	0.0652368
964	0	0.0652368
964.5	0	0.0652368
965	0	0.0652368
965.5	0	0.0652368
966	0	0.0652368
966.5	0	0.0652368
967	0.00140895	0.0648685
967.5	0.127459	0.0649004
968	0.127351	0.0649323
968.5	0.127853	0.0649682
969	0.127449	0.065
969.5	0.127449	0.0650318
970	0.126238	0.0650633
970.5	0.125049	0.0650943
971	0.126547	0.0651258
971.5	0	0.0651258
972	0	0.0651258
972.5	0	0.0651258
973	0	0.0651258
973.5	0	0.0651258
974	0	0.0651258
974.5	0	0.0651258
975	0	0.0651258
975.5	0	0.0651258
976	0	0.0651258
976.5	0	0.0651258
977	0	0.0651258
977.5	0	0.0651258
978	0	0.0651258
978.5	0	0.0651258
979	0.0049295	0.0646355
979.5	0	0.0646355
980	0	0.0646355
980.5	0	0.0646355
981	0	0.0646355
981.5	0	0.0646355
982	0	0.0646355
982.5	0	0.0646355
983	0	0.0646355
983.5	0	0.0646355
984	0	0.0646355
984.5	0	0.0646355
985	0	0.0646355
985.5	0	0.0646355
986	0.00446533	0.0642059
986.5	0.127392	0.0642375
987	0.127516	0.0642691
987.5	0.127475	0.0643046
988	0.127402	0.0643361
988.5	0.127496	0.0643676
989	0.127459	0.0643991
989.5	0.125073	0.0644299
990	0.129799	0.0644619
990.5	0.125194	0.0644927
991	0.129921	0.0645247
991.5	0.127467	0.0645521
992	0	0.0645521
992.5	0	0.0645521
993	0	0.0645521
993.5	0	0.0645521
994	0	0.0645521
994.5	0	0.0645521
995	0	0.0645521
995.5	0	0.0645521
996	0	0.0645521
996.5	0	0.0645521
997	0	0.0645521
997.5	0	0.0645521
998	0.00952834	0.0641882
998.5	0.12468	0.0642188
999	0.131862	0.0642551
999.5	0.127263	0.0642707
1000	0	0.0642707
1000.5	0	0.0642707
1001	0.00457411	0.0641682
1001.5	0.127532	0.0641994
1002	0.129561	0.064235
1002.5	0.127397	0.0642661
1003	0.127428	0.0642972
1003.5	0.12862	0.0643285
1004	0.127449	0.0643595
1004.5	0.127449	0.0643905
1005	0.127449	0.0644215
1005.5	0.127449	0.0644563
1006	0.127449	0.0644872
1006.5	0.127449	0.064518
1007	0.127449	0.0645489
1007.5	0.126289	0.0645794
1008	0.127631	0.0646102
1008.5	0.127234	0.0646294
1009	0	0.0646294
1009.5	0	0.0646294
1010	0	0.0646294
1010.5	0.0283104	0.0645496
1011	0.127449	0.0645802
1011.5	0.127449	0.0646109
1012	0.126797	0.0646414
1012.5	0.127418	0.064672
1013	0.127413	0.0647025
1013.5	0.127454	0.0647331
1014	0.12809	0.0647676
1014.5	0.127449	0.0647981
1015	0.127449	0.0648285
1015.5	0.127449	0.064859
1016	0.126287	0.0648891
1016.5	0.127475	0.0649194
1017	0.127496	0.0649498
1017.5	0.12749	0.0649801
1018	0.12705	0.0649914
1018.5	0	0.0649914
1019	0	0.0649914
1019.5	0	0.0649914
1020	0	0.0649914
1020.5	0	0.0649914
1021	0	0.0649914
1021.5	0	0.0649914
1022	0	0.0649914
1022.5	0	0.0649914
1023	0	0.0649914
1023.5	0	0.0649914
1024	0.0012573	0.0646023
1024.5	0	0.0646023
1025	0	0.0646023
1025.5	0	0.0646023
1026	0.0224893	0.0645162
1026.5	0.129148	0.0645431
1027	0	0.0645431
1027.5	0	0.0645431
1028	0	0.0645431
1028.5	0	0.0645431
1029	0	0.0645431
1029.5	0	0.0645431
1030	0	0.0645431
1030.5	0	0.0645431
1031	0	0.0645431
1031.5	0	0.0645431
1032	0	0.0645431
1032.5	0.00643822	0.0641996
1033	0.128065	0.0642299
1033.5	0.127449	0.0642601
1034	0.127449	0.0642902
1034.5	0.127449	0.0643204
1035	0.127449	0.0643467
1035.5	0	0.0643467
1036	0	0.0643467
1036.5	0	0.0643467
1037	0	0.0643467
1037.5	0	0.0643467
1038	0	0.0643467
1038.5	0	0.0643467
1039	0	0.0643467
1039.5	0	0.0643467
1040	0	0.0643467
1040.5	0	0.0643467
1041	0	0.0643467
1041.5	0	0.0643467
1042	0	0.0643467
1042.5	0	0.0643467
1043	0	0.0643467
1043.5	0	0.0643467
1044	0.00344803	0.0638149
1044.5	0.1261	0.0638446
1045	0.130235	0.0638599
1045.5	0	0.0638599
1046	0	0.0638599
1046.5	0	0.0638599
1047	0	0.0638599
1047.5	0	0.0638599
1048	0	0.0638599
1048.5	0.00835967	0.0636609
1049	0.127717	0.0636909
1049.5	0.127449	0.0637209
1050	0.127397	0.0637508
1050.5	0.125282	0.0637802
1051	0.127434	0.0638138
1051.5	0.125135	0.0638431
1052	0.132452	0.0638741
1052.5	0.12281	0.0639028
1053	0.127449	0.0639325
1053.5	0.132491	0.0639634
1054	0.125049	0.0639926
1054.5	0.128393	0.0640225
1055	0.128619	0.0640561
1055.5	0.125144	0.0640852
1056	0.130786	0.0641156
1056.5	0.127449	0.0641452
1057	0.127449	0.0641673
1057.5	0	0.0641673
1058	0	0.0641673
1058.5	0	0.0641673
1059	0	0.0641673
1059.5	0	0.0641673
1060	0	0.0641673
1060.5	0.00215234	0.0639538
1061	0.127449	0.0639833
1061.5	0.127449	0.0640128
1062	0.127449	0.0640165
1062.5	0	0.0640165
1063	0	0.0640165
1063.5	0	0.0640165
1064	0	0.0640165
1064.5	0	0.0640165
1065	0	0.0640165
1065.5	0	0.0640165
1066	0	0.0640165
1066.5	0	0.0640165
1067	0	0.0640165
1067.5	0	0.0640165
1068	0	0.0640165
1068.5	0.0056546	0.0636369
1069	0.127449	0.0636664
1069.5	0.127449	0.0636958
1070	0.127366	0.0637288
1070.5	0.127543	0.0637582
1071	0.127449	0.0637876
1071.5	0.127449	0.0638169
1072	0.125128	0.0638456
1072.5	0.129858	0.0638754
1073	0.127449	0.0639046
1073.5	0.127449	0.0639229
1074	0	0.0639229
1074.5	0	0.0639229
1075	0	0.0639229
1075.5	0	0.0639229
1076	0	0.0639229
1076.5	0	0.0639229
1077	0	0.0639229
1077.5	0	0.0639229
1078	0	0.0639229
1078.5	0	0.0639229
1079	0	0.0639229
1079.5	0	0.0639229
1080	0	0.0639229
1080.5	0	0.0639229
1081	0	0.0639229
1081.5	0	0.0639229
1082	0	0.0639229
1082.5	0	0.0639229
1083	0	0.0639229
1083.5	0	0.0639229
1084	0	0.0639229
1084.5	0	0.0639229
1085	0	0.0639229
1085.5	0	0.0639229
1086	0	0.0639229
1086.5	0	0.0639229
1087	0	0.0639229
1087.5	0	0.0639229
1088	0	0.0639229
1088.5	0	0.0639229
1089	0	0.0639229
1089.5	0.00338305	0.0630194
1090	0.127064	0.0630484
1090.5	0.129396	0.0630558
1091	0	0.0630558
1091.5	0	0.0630558
1092	0	0.0630558
1092.5	0.00982139	0.0629389
1093	0.127449	0.062968
1093.5	0.127449	0.0629971
1094	0.127449	0.0630261
1094.5	0.127449	0.0630552
1095	0.127449	0.0630842
1095.5	0.127449	0.0631131
1096	0.127449	0.0631421
1096.5	0.127449	0.0631746
1097	0.127449	0.0632036
1097.5	0.127449	0.0632324
1098	0.127449	0.063236
1098.5	0	0.063236
1099	0.0163845	0.0631747
1099.5	0.127449	0.0632035
1100	0.127449	0.0632323
1100.5	0.127449	0.0632611
1101	0.127449	0.0632899
1101.5	0.127449	0.0633222
1102	0.127449	0.0633473
1102.5	0.124793	0.0633754
1103	0.122184	0.0634028
1103.5	0.135184	0.0634369
1104	0.127449	0.0634655
1104.5	0.122828	0.063493
1105	0.127465	0.0635215
1105.5	0.129911	0.0635506
1106	0.120054	0.0635773
1106.5	0.134919	0.0636111
1107	0.127325	0.0636254
1107.5	0	0.0636254
1108	0	0.0636254
1108.5	0	0.0636254
1109	0	0.0636254
1109.5	0	0.0636254
1110	0	0.0636254
1110.5	0	0.0636254
1111	0	0.0636254
1111.5	0	0.0636254
1112	0	0.0636254
1112.5	0	0.0636254
1113	0	0.0636254
1113.5	0	0.0636254
1114	0	0.0636254
1114.5	0	0.0636254
1115	0	0.0636254
1115.5	0	0.0636254
1116	0.00511172	0.0631417
1116.5	0.127537	0.0631737
1117	0.127232	0.0631879
1117.5	0	0.0631879
1118	0	0.0631879
1118.5	0	0.0631879
1119	0	0.0631879
1119.5	0	0.0631879
1120	0.00241417	0.0630113
1120.5	0.127473	0.0630361
1121	0	0.0630361
1121.5	0	0.0630361
1122	0	0.0630361
1122.5	0	0.0630361
1123	0.00923794	0.0629138
1123.5	0.12631	0.0629419
1124	0.128406	0.0629704
1124.5	0.127335	0.0629987
1125	0.127631	0.063027
1125.5	0.127567	0.0630588
1126	0.127449	0.063087
1126.5	0.127449	0.0631152
1127	0.127449	0.0631292
1127.5	0	0.0631292
1128	0	0.0631292
1128.5	0	0.0631292
1129	0	0.0631292
1129.5	0	0.0631292
1130	0	0.0631292
1130.5	0	0.0631292
1131	0.0110307	0.0629324
1131.5	0.14063	0.0629669
1132	0.111282	0.062988
1132.5	0.148121	0.0630239
1133	0.12023	0.0630503
1133.5	0.132035	0.0630793
1134	0.130432	0.0631079
1134.5	0.127366	0.0631393
1135	0.127497	0.0631603
1135.5	0	0.0631603
1136	0	0.0631603
1136.5	0	0.0631603
1137	0	0.0631603
1137.5	0.0151524	0.0630509
1138	0.127418	0.0630788
1138.5	0.126813	0.0631065
1139	0.12744	0.0631379
1139.5	0.127423	0.0631657
1140	0.12748	0.0631935
1140.5	0.127423	0.0632213
1141	0.127501	0.0632491
1141.5	0.128405	0.063277
1142	0.127449	0.0633047
1142.5	0.126917	0.0633323
1143	0.127465	0.06336
1143.5	0.12697	0.063391
1144	0.122616	0.0634175
1144.5	0.129349	0.0634455
1145	0.131804	0.063474
1145.5	0.127449	0.0635015
1146	0.127449	0.0635291
1146.5	0.127449	0.06356
1147	0.127449	0.0635875
1147.5	0.127449	0.0636149
1148	0.127449	0.0636423
1148.5	0.127449	0.0636697
1149	0.127449	0.0636971
1149.5	0.127449	0.0637245
1150	0.126391	0.0637516
1150.5	0.114944	0.0637607
1151	0	0.0637607
1151.5	0	0.0637607
1152	0	0.0637607
1152.5	0	0.0637607
1153	0	0.0637607
1153.5	0	0.0637607
1154	0	0.0637607
1154.5	0	0.0637607
1155	0	0.0637607
1155.5	0	0.0637607
1156	0.00134777	0.0634459
1156.5	0.127449	0.0634732
1157	0.127449	0.0635005
1157.5	0.127449	0.0635244
1158	0	0.0635244
1158.5	0	0.0635244
1159	0	0.0635244
1159.5	0	0.0635244
1160	0	0.0635244
1160.5	0	0.0635244
1161	0	0.0635244
1161.5	0.0133807	0.0633469
1162	0.127496	0.0633741
1162.5	0.127527	0.0634013
1163	0.127413	0.0634285
1163.5	0.127418	0.0634556
1164	0.127611	0.0634828
1164.5	0.127449	0.0635098
1165	0.127449	0.0635403
1165.5	0.127449	0.0635673
1166	0.127449	0.0635944
1166.5	0.123103	0.0636204
1167	0.128409	0.0636238
1167.5	0	0.0636238
1168	0	0.0636238
1168.5	0	0.0636238
1169	0	0.0636238
1169.5	0	0.0636238
1170	0.00695119	0.0634595
1170.5	0.1275	0.0634899
1171	0.127299	0.0635168
1171.5	0.127568	0.0635437
1172	0.127408	0.0635706
1172.5	0.116048	0.0635797
1173	0	0.0635797
1173.5	0	0.0635797
1174	0	0.0635797
1174.5	0	0.0635797
1175	0	0.0635797
1175.5	0	0.0635797
1176	0	0.0635797
1176.5	0.00725275	0.0633723
1177	0.127449	0.0633991
1177.5	0.127449	0.0634259
1178	0.125282	0.0634523
1178.5	0.128523	0.0634793
1179	0.117858	0.0635008
1179.5	0.137308	0.0635295
1180	0.120676	0.0635578
1180.5	0.125078	0.0635808
1181	0.102015	0.0635983
1181.5	0.131064	0.0636291
1182	0.164464	0.0636658
1182.5	0.114276	0.0636893
1183	0.13767	0.0637215
1183.5	0.132138	0.063749
1184	0.127222	0.0637556
1184.5	0	0.0637556
1185	0	0.0637556
1185.5	0.024589	0.0636922
1186	0.127449	0.0637187
1186.5	0.127449	0.0637452
1187	0.127449	0.0637717
1187.5	0.127449	0.0637982
1188	0.127449	0.0638246
1188.5	0.127449	0.0638411
1189	0	0.0638411
1189.5	0	0.0638411
1190	0	0.0638411
1190.5	0.0213709	0.0637624
1191	0.125747	0.0637884
1191.5	0.127418	0.0638148
1192	0.12923	0.0638414
1192.5	0.127449	0.063871
1193	0.127449	0.0638973
1193.5	0.127449	0.0639236
1194	0.127449	0.0639269
1194.5	0	0.0639269
1195	0	0.0639269
1195.5	0	0.0639269
1196	0	0.0639269
1196.5	0	0.0639269
1197	0	0.0639269
1197.5	0	0.0639269
1198	0	0.0639269
1198.5	0	0.0639269
1199	0	0.0639269
1199.5	0	0.0639269
1200	0	0.0639269
1200.5	0	0.0639269
1201	0	0.0639269
1201.5	0.00395477	0.0635302
1202	0.127449	0.0635564
1202.5	0.127449	0.0635826
1203	0.127449	0.0636088
1203.5	0.127449	0.063635
1204	0.127449	0.0636644
1204.5	0.127449	0.0636905
1205	0.127449	0.0637166
1205.5	0.127449	0.0637427
1206	0.12709	0.0637686
1206.5	0.125019	0.0637942
1207	0.150631	0.0637979
1207.5	0	0.0637979
1208	0	0.0637979
1208.5	0	0.0637979
1209	0	0.0637979
1209.5	0	0.0637979
1210	0	0.0637979
1210.5	0	0.0637979
1211	0	0.0637979
1211.5	0	0.0637979
1212	0	0.0637979
1212.5	0	0.0637979
1213	0.00608309	0.0634907
1213.5	0.12747	0.0635166
1214	0.12732	0.0635426
1214.5	0.125595	0.0635682
1215	0.127434	0.0635941
1215.5	0.127615	0.06362
1216	0.12733	0.0636491
1216.5	0.125249	0.0636745
1217	0.126914	0.0636971
1217.5	0.130771	0.0637269
1218	0.125841	0.0637523
1218.5	0	0.0637523
1219	0	0.0637523
1219.5	0	0.0637523
1220	0	0.0637523
1220.5	0	0.0637523
1221	0.00280781	0.0636126
1221.5	0	0.0636126
1222	0	0.0636126
1222.5	0	0.0636126
1223	0	0.0636126
1223.5	0	0.0636126
1224	0	0.0636126
1224.5	0	0.0636126
1225	0	0.0636126
1225.5	0	0.0636126
1226	0	0.0636126
1226.5	0	0.0636126
1227	0	0.0636126
1227.5	0	0.0636126
1228	0	0.0636126
1228.5	0	0.0636126
1229	0	0.0636126
1229.5	0	0.0636126
1230	0	0.0636126
1230.5	0	0.0636126
1231	0	0.0636126
1231.5	0.00150572	0.0630862
1232	0	0.0630862
1232.5	0	0.0630862
1233	0	0.0630862
1233.5	0.0204612	0.0630066
1234	0.127449	0.0630323
1234.5	0.127449	0.0630581
1235	0.127449	0.0630838
1235.5	0.127449	0.0631095
1236	0.127449	0.0631384
1236.5	0.127449	0.063164
1237	0.127321	0.0631896
1237.5	0.127578	0.0632152
1238	0.125675	0.0632405
1238.5	0.127449	0.063266
1239	0.127537	0.0632916
1239.5	0.127181	0.0633171
1240	0.127397	0.0633426
1240.5	0.127555	0.0633713
1241	0.12939	0.0633971
1241.5	0.127449	0.0634226
1242	0.127449	0.063448
1242.5	0.127449	0.0634734
1243	0.127449	0.0634988
1243.5	0.127449	0.0635019
1244	0	0.0635019
1244.5	0	0.0635019
1245	0	0.0635019
1245.5	0	0.0635019
1246	0	0.0635019
1246.5	0	0.0635019
1247	0	0.0635019
1247.5	0	0.0635019
1248	0	0.0635019
1248.5	0	0.0635019
1249	0	0.0635019
1249.5	0.00973893	0.0632243
1250	0.127449	0.0632496
1250.5	0.126018	0.0632746
1251	0.127434	0.0632999
1251.5	0.127514	0.0633284
1252	0.127284	0.0633347
1252.5	0	0.0633347
1253	0	0.0633347
1253.5	0	0.0633347
1254	0	0.0633347
1254.5	0	0.0633347
1255	0	0.0633347
1255.5	0	0.0633347
1256	0	0.0633347
1256.5	0	0.0633347
1257	0	0.0633347
1257.5	0.00268761	0.0630527
1258	0.12955	0.0630816
1258.5	0.125295	0.0631064
1259	0.127547	0.0631316
1259.5	0.127263	0.0631567
1260	0.12977	0.0631823
1260.5	0.127449	0.0632075
1261	0.126296	0.0632324
1261.5	0.128623	0.0632577
1262	0.126901	0.0632827
1262.5	0.12794	0.063311
1263	0.127449	0.063336
1263.5	0.127449	0.0633611
1264	0.127449	0.0633861
1264.5	0.127449	0.063411
1265	0.127449	0.063436
1265.5	0.126266	0.0634607
1266	0.127527	0.0634857
1266.5	0.127523	0.0635137
1267	0.127361	0.0635386
1267.5	0.126478	0.0635632
1268	0.127459	0.0635881
1268.5	0.127449	0.0636129
1269	0.127408	0.0636377
1269.5	0.127547	0.0636625
1270	0.129282	0.0636908
1270.5	0.127449	0.0637155
1271	0.127449	0.0637403
1271.5	0.127449	0.063765
1272	0.124622	0.0637891
1272.5	0.125709	0.0638134
1273	0.113706	0.0638324
1273.5	0.128502	0.0638572
1274	0.127263	0.0638634
1274.5	0	0.0638634
1275	0	0.0638634
1275.5	0	0.0638634
1276	0	0.0638634
1276.5	0	0.0638634
1277	0.00929426	0.0637189
1277.5	0.127346	0.0637435
1278	0.127477	0.0637711
1278.5	0.127397	0.0637834
1279	0	0.0637834
1279.5	0	0.0637834
1280	0	0.0637834
1280.5	0	0.0637834
1281	0	0.0637834
1281.5	0	0.0637834
1282	0	0.0637834
1282.5	0	0.0637834
1283	0	0.0637834
1283.5	0	0.0637834
1284	0	0.0637834
1284.5	0	0.0637834
1285	0	0.0637834
1285.5	0.00542337	0.0634546
1286	0.127449	0.0634791
1286.5	0.127449	0.0635036
1287	0.127449	0.0635281
1287.5	0.127449	0.0635465
1288	0	0.0635465
1288.5	0	0.0635465
1289	0	0.0635465
1289.5	0	0.0635465
1290	0	0.0635465
1290.5	0	0.0635465
1291	0	0.0635465
1291.5	0.0132047	0.0633842
1292	0.127449	0.0634086
1292.5	0.127449	0.0634331
1293	0.127449	0.0634575
1293.5	0.127449	0.0634819
1294	0.126055	0.063506
1294.5	0.127352	0.0635334
1295	0.127558	0.0635577
1295.5	0.127428	0.063582
1296	0.131381	0.0635914
1296.5	0	0.0635914
1297	0	0.0635914
1297.5	0	0.0635914
1298	0	0.0635914
1298.5	0	0.0635914
1299	0	0.0635914
1299.5	0	0.0635914
1300	0	0.0635914
1300.5	0	0.0635914
1301	0	0.0635914
1301.5	0	0.0635914
1302	0	0.0635914
1302.5	0	0.0635914
1303	0	0.0635914
1303.5	0	0.0635914
1304	0	0.0635914
1304.5	0	0.0635914
1305	0	0.0635914
1305.5	0	0.0635914
1306	0	0.0635914
1306.5	0	0.0635914
1307	0.00554436	0.063088
1307.5	0.132455	0.0631132
1308	0.127449	0.0631374
1308.5	0.126599	0.0631645
1309	0.128419	0.0631889
1309.5	0.127449	0.0632131
1310	0.127449	0.0632373
1310.5	0.127449	0.0632614
1311	0.127449	0.0632856
1311.5	0.127449	0.0633097
1312	0.127449	0.0633338
1312.5	0.127449	0.0633519
1313	0.0242679	0.0633326
1313.5	0.129405	0.063357
1314	0.127449	0.0633841
1314.5	0.126617	0.063408
1315	0.127413	0.063432
1315.5	0.127522	0.063456
1316	0.127377	0.06348
1316.5	0.127465	0.0635039
1317	0.128307	0.063528
1317.5	0.122133	0.0635509
1318	0.132285	0.0635757
1318.5	0.125754	0.0635993
1319	0.129814	0.0636266
1319.5	0.127449	0.0636505
1320	0.127449	0.0636743
1320.5	0.127449	0.0636981
1321	0.127449	0.0637219
1321.5	0.127449	0.0637457
1322	0.127449	0.0637516
1322.5	0	0.0637516
1323	0	0.0637516
1323.5	0	0.0637516
1324	0	0.0637516
1324.5	0	0.0637516
1325	0	0.0637516
1325.5	0	0.0637516
1326	0.00712265	0.0635632
1326.5	0.127449	0.063587
1327	0.127449	0.0636107
1327.5	0.127449	0.0636344
1328	0.127449	0.0636581
1328.5	0.127449	0.0636847
1329	0.127449	0.0637084
1329.5	0.127449	0.063732
1330	0.127449	0.0637557
1330.5	0.127449	0.0637793
1331	0.127449	0.0638029
1331.5	0.127449	0.0638264
1332	0.125172	0.0638496
1332.5	0.125099	0.0638726
1333	0.127428	0.0638962
1333.5	0.1318	0.0639235
1334	0.127449	0.0639382
1334.5	0	0.0639382
1335	0	0.0639382
1335.5	0	0.0639382
1336	0	0.0639382
1336.5	0	0.0639382
1337	0	0.0639382
1337.5	0	0.0639382
1338	0	0.0639382
1338.5	0	0.0639382
1339	0.00903851	0.0637243
1339.5	0.127299	0.0637478
1340	0.127522	0.0637712
1340.5	0.127459	0.0637947
1341	0.127387	0.0638181
1341.5	0.127558	0.0638415
1342	0.127449	0.0638648
1342.5	0.127413	0.0638882
1343	0.127421	0.0639144
1343.5	0.127584	0.0639261
1344	0	0.0639261
1344.5	0	0.0639261
1345	0	0.0639261
1345.5	0.0141308	0.0638438
1346	0.127211	0.0638671
1346.5	0.129333	0.0638936
1347	0.127449	0.0639169
1347.5	0.127449	0.0639402
1348	0.127449	0.0639431
1348.5	0	0.0639431
1349	0	0.0639431
1349.5	0	0.0639431
1350	0	0.0639431
1350.5	0	0.0639431
1351	0	0.0639431
1351.5	0	0.0639431
1352	0	0.0639431
1352.5	0	0.0639431
1353	0	0.0639431
1353.5	0	0.0639431
1354	0	0.0639431
1354.5	0	0.0639431
1355	0	0.0639431
1355.5	0	0.0639431
1356	0	0.0639431
1356.5	0	0.0639431
1357	0	0.0639431
1357.5	0	0.0639431
1358	0	0.0639431
1358.5	0	0.0639431
1359	0	0.0639431
1359.5	0	0.0639431
1360	0	0.0639431
1360.5	0	0.0639431
1361	0	0.0639431
1361.5	0	0.0639431
1362	0	0.0639431
1362.5	0	0.0639431
1363	0	0.0639431
1363.5	0	0.0639431
1364	0	0.0639431
1364.5	0	0.0639431
1365	0	0.0639431
1365.5	0	0.0639431
1366	0	0.0639431
1366.5	0	0.0639431
1367	0	0.0639431
1367.5	0	0.0639431
1368	0	0.0639431
1368.5	0	0.0639431
1369	0	0.0639431
1369.5	0	0.0639431
1370	0	0.0639431
1370.5	0	0.0639431
1371	0	0.0639431
1371.5	0	0.0639431
1372	0	0.0639431
1372.5	0	0.0639431
1373	0	0.0639431
1373.5	0.00211679	0.0627738
1374	0.127449	0.062797
1374.5	0.127449	0.0628202
1375	0.127449	0.0628433
1375.5	0.127449	0.0628665
1376	0.127449	0.0628896
1376.5	0.127449	0.0629157
1377	0.127449	0.0629388
1377.5	0.127449	0.0629619
1378	0.127449	0.0629849
1378.5	0.127449	0.063008
1379	0.125796	0.0630307
1379.5	0.12747	0.0630538
1380	0.121169	0.063062
1380.5	0	0.063062
1381	0	0.063062
1381.5	0	0.063062
1382	0.00342544	0.062963
1382.5	0.127449	0.0629889
1383	0.127449	0.0630119
1383.5	0.126327	0.0630346
1384	0.127284	0.0630432
1384.5	0	0.0630432
1385	0.0120014	0.062995
1385.5	0.127449	0.0630179
1386	0.127449	0.0630408
1386.5	0.125113	0.0630633
1387	0.125129	0.0630858
1387.5	0.127475	0.0631087
1388	0.129889	0.063132
1388.5	0.125552	0.0631545
1389	0.125289	0.0631797
1389.5	0.129905	0.0632029
1390	0.125129	0.0632253
1390.5	0.0625794	0.0632251
1391	0.127413	0.0632478
1391.5	0.135043	0.0632718
1392	0.126917	0.0632973
1392.5	0.127506	0.06332
1393	0.127444	0.0633427
1393.5	0.127485	0.0633654
1394	0.12734	0.0633881
1394.5	0.127405	0.0634107
1395	0.127309	0.0634333
1395.5	0.127335	0.0634559
1396	0.127693	0.0634786
1396.5	0	0.0634786
1397	0	0.0634786
1397.5	0.00505603	0.0634136
1398	0.127558	0.0634362
1398.5	0.127408	0.0634588
1399	0.125902	0.0634811
1399.5	0.129948	0.063504
1400	0.127547	0.0635266
1400.5	0.127459	0.0635491
1401	0.127412	0.0635744
1401.5	0.127418	0.0635968
1402	0.127382	0.0636193
1402.5	0.125164	0.0636413
1403	0.129682	0.0636641
1403.5	0.127382	0.0636865
1404	0.127563	0.0636977
1404.5	0	0.0636977
1405	0	0.0636977
1405.5	0	0.0636977
1406	0	0.0636977
1406.5	0	0.0636977
1407	0	0.0636977
1407.5	0	0.0636977
1408	0.0164226	0.0635532
1408.5	0.127656	0.063556
1409	0.0589937	0.063553
1409.5	0.122131	0.0635717
1410	0.131813	0.0635976
1410.5	0.125159	0.0636195
1411	0.124979	0.0636414
1411.5	0.132475	0.0636645
1412	0.127382	0.0636868
1412.5	0.1275	0.0637119
1413	0.12849	0.0637343
1413.5	0.127449	0.0637565
1414	0.127449	0.0637787
1414.5	0.127449	0.0638009
1415	0.127449	0.0638231
1415.5	0.127449	0.0638452
1416	0.127449	0.0638674
1416.5	0.127449	0.0638923
1417	0.127449	0.0639144
1417.5	0.127449	0.0639282
1418	0	0.0639282
1418.5	0	0.0639282
1419	0	0.0639282
1419.5	0	0.0639282
1420	0	0.0639282
1420.5	0	0.0639282
1421	0	0.0639282
1421.5	0.00187576	0.0637454
1422	0.127449	0.0637675
1422.5	0.127449	0.0637896
1423	0.127449	0.0638116
1423.5	0.127449	0.0638337
1424	0.125756	0.0638554
1424.5	0.127472	0.0638802
1425	0.127459	0.0639022
1425.5	0.127423	0.0639242
1426	0.127815	0.0639462
1426.5	0.113157	0.0639629
1427	0.142242	0.0639902
1427.5	0.12552	0.0640118
1428	0.129685	0.0640369
1428.5	0.127449	0.0640587
1429	0.127449	0.0640806
1429.5	0.127449	0.0641025
1430	0.127449	0.0641243
1430.5	0.127449	0.0641461
1431	0.127449	0.0641679
1431.5	0.127449	0.0641897
1432	0.127449	0.0642142
1432.5	0.127449	0.064236
1433	0.127449	0.0642578
1433.5	0.127449	0.0642795
1434	0.127449	0.0643012
1434.5	0.127449	0.0643229
1435	0.127449	0.0643446
1435.5	0.116719	0.0643643
1436	0.13879	0.0643906
1436.5	0.127449	0.0644123
1437	0.127449	0.0644339
1437.5	0.127449	0.0644555
1438	0.127449	0.0644771
1438.5	0.127449	0.0644987
1439	0.127449	0.0645095
1439.5	0	0.0645095
1440	0	0.0645095
1440.5	0	0.0645095
1441	0	0.0645095
1441.5	0	0.0645095
1442	0	0.0645095
1442.5	0.0125033	0.0643736
1443	0.127351	0.0643951
1443.5	0.127516	0.0644167
1444	0.128338	0.0644384
1444.5	0.127449	0.0644626
1445	0.127449	0.0644841
1445.5	0.127449	0.0645055
1446	0.127449	0.064527
1446.5	0.127036	0.0645484
1447	0.111173	0.0645529
1447.5	0	0.0645529
1448	0	0.0645529
1448.5	0	0.0645529
1449	0.0262709	0.0644897
1449.5	0.129905	0.0645116
1450	0.118452	0.0645214
1450.5	0.0105469	0.0644937
1451	0.130921	0.0645157
1451.5	0.119688	0.0645356
1452	0.127066	0.0645569
1452.5	0.13175	0.064579
1453	0.131946	0.0646038
1453.5	0.124731	0.0646221
1454	0.129921	0.0646438
1454.5	0	0.0646438
1455	0.0154013	0.0646093
1455.5	0.127449	0.0646332
1456	0.127449	0.0646545
1456.5	0.127449	0.0646758
1457	0.127449	0.064697
1457.5	0.127449	0.0647182
1458	0.127449	0.0647394
1458.5	0.127449	0.064758
1459	0	0.064758
1459.5	0	0.064758
1460	0	0.064758
1460.5	0	0.064758
1461	0.0181042	0.0646749
1461.5	0.124954	0.0646956
1462	0.132241	0.0647038
1462.5	0	0.0647038
1463	0.0243249	0.0646682
1463.5	0.128647	0.0646842
1464	0	0.0646842
1464.5	0	0.0646842
1465	0	0.0646842
1465.5	0	0.0646842
1466	0	0.0646842
1466.5	0	0.0646842
1467	0.0130078	0.0645566
1467.5	0.127449	0.0645803
1468	0.127449	0.0646015
1468.5	0.127449	0.0646226
1469	0.127449	0.0646436
1469.5	0.125643	0.0646644
1470	0.127435	0.0646723
1470.5	0	0.0646723
1471	0	0.0646723
1471.5	0	0.0646723
1472	0	0.0646723
1472.5	0	0.0646723
1473	0	0.0646723
1473.5	0.00205383	0.0645098
1474	0.127449	0.0645308
1474.5	0.127449	0.0645519
1475	0.127449	0.0645729
1475.5	0.127449	0.0645939
1476	0.127449	0.0646175
1476.5	0.127449	0.0646385
1477	0.127449	0.0646595
1477.5	0.127449	0.0646804
1478	0.125285	0.064701
1478.5	0.12749	0.0647219
1479	0.129646	0.0647432
1479.5	0.127449	0.0647641
1480	0.127449	0.0647876
1480.5	0.127449	0.0648085
1481	0.127449	0.0648293
1481.5	0.127449	0.0648501
1482	0.127449	0.064871
1482.5	0.122702	0.064886
1483	0	0.064886
1483.5	0	0.064886
1484	0	0.064886
1484.5	0	0.064886
1485	0	0.064886
1485.5	0	0.064886
1486	0	0.064886
1486.5	0	0.064886
1487	0	0.064886
1487.5	0	0.064886
1488	0	0.064886
1488.5	0	0.064886
1489	0	0.064886
1489.5	0	0.064886
1490	0	0.064886
1490.5	0	0.064886
1491	0	0.064886
1491.5	0	0.064886
1492	0	0.064886
1492.5	0	0.064886
1493	0	0.064886
1493.5	0	0.064886
1494	0	0.064886
1494.5	0	0.064886
1495	0	0.064886
1495.5	0	0.064886
1496	0	0.064886
1496.5	0	0.064886
1497	0	0.064886
1497.5	0	0.064886
1498	0	0.064886
1498.5	0	0.064886
1499	0	0.064886
1499.5	0	0.064886
1500	0	0.064886
1500.5	0	0.064886
1501	0	0.064886
1501.5	0	0.064886
1502	0	0.064886
1502.5	0	0.064886
1503	0	0.064886
1503.5	0	0.064886
1504	0	0.064886
1504.5	0	0.064886
1505	0	0.064886
1505.5	0	0.064886
1506	0	0.064886
1506.5	0	0.064886
1507	0	0.064886
1507.5	0	0.064886
1508	0	0.064886
1508.5	0	0.064886
1509	0	0.064886
1509.5	0	0.064886
1510	0	0.064886
1510.5	0	0.064886
1511	0	0.064886
1511.5	0	0.064886
1512	0	0.064886
1512.5	0	0.064886
1513	0	0.064886
1513.5	0	0.064886
1514	0	0.064886
1514.5	0	0.064886
1515	0	0.064886
1515.5	0	0.064886
1516	0	0.064886
1516.5	0	0.064886
1517	0	0.064886
1517.5	0	0.064886
1518	0	0.064886
1518.5	0	0.064886
1519	0	0.064886
1519.5	0	0.064886
1520	0	0.064886
1520.5	0	0.064886
1521	0	0.064886
1521.5	0	0.064886
1522	0	0.064886
1522.5	0	0.064886
1523	0.000193002	0.0631574
1523.5	0.129921	0.0631786
1524	0.12748	0.0631994
1524.5	0.125149	0.0632198
1525	0.122796	0.0632398
1525.5	0.132396	0.0632613
1526	0.121357	0.0632687
1526.5	0	0.0632687
1527	0	0.0632687
1527.5	0	0.0632687
1528	0	0.0632687
1528.5	0.00275625	0.0631559
1529	0.125926	0.0631763
1529.5	0.126861	0.063197
1530	0.129303	0.063218
1530.5	0.118017	0.063237
1531	0.117905	0.0632537
1531.5	0.135487	0.0632783
1532	0.103168	0.0632902
1532.5	0.156363	0.0633207
1533	0.128516	0.0633441
1533.5	0.122228	0.063349
1534	0	0.063349
1534.5	0	0.063349
1535	0	0.063349
1535.5	0	0.063349
1536	0	0.063349
1536.5	0	0.063349
1537	0	0.063349
1537.5	0	0.063349
1538	0	0.063349
1538.5	0	0.063349
1539	0	0.063349
1539.5	0	0.063349
1540	0	0.063349
1540.5	0	0.063349
1541	0	0.063349
1541.5	0	0.063349
1542	0	0.063349
1542.5	0	0.063349
1543	0	0.063349
1543.5	0	0.063349
1544	0	0.063349
1544.5	0	0.063349
1545	0	0.063349
1545.5	0	0.063349
1546	0	0.063349
1546.5	0	0.063349
1547	0	0.063349
1547.5	0	0.063349
1548	0	0.063349
1548.5	0	0.063349
1549	0	0.063349
1549.5	0	0.063349
1550	0	0.063349
1550.5	0	0.063349
1551	0	0.063349
1551.5	0	0.063349
1552	0	0.063349
1552.5	0.000810962	0.0625688
1553	0.127449	0.0625894
1553.5	0.127449	0.0626099
1554	0.127449	0.0626331
1554.5	0.127449	0.0626536
1555	0.1273	0.0626742
1555.5	0.126689	0.0626946
1556	0.121804	0.0627142
1556.5	0.133452	0.0627329
1557	0.124476	0.0627554
1557.5	0.124396	0.0627754
1558	0.1314	0.0627965
1558.5	0.129371	0.0628172
1559	0.12007	0.0628364
1559.5	0.137483	0.062861
1560	0.127449	0.0628814
1560.5	0.127449	0.0629018
1561	0.127449	0.0629222
1561.5	0.127449	0.0629426
1562	0.127449	0.0629655
1562.5	0.127449	0.0629858
1563	0.127449	0.0630062
1563.5	0.127449	0.0630265
1564	0.127449	0.0630468
1564.5	0	0.0630468
1565	0.0402006	0.0630325
1565.5	0.127449	0.0630554
1566	0.127449	0.0630756
1566.5	0.127449	0.0630959
1567	0.127449	0.0631161
1567.5	0.127449	0.0631364
1568	0.127449	0.0631566
1568.5	0.127449	0.0631768
1569	0.127449	0.063197
1569.5	0.127449	0.0632197
1570	0.127449	0.0632399
1570.5	0.127449	0.06326
1571	0.127449	0.0632676
1571.5	0	0.0632676
1572	0	0.0632676
1572.5	0	0.0632676
1573	0	0.0632676
1573.5	0	0.0632676
1574	0	0.0632676
1574.5	0	0.0632676
1575	0.00181276	0.0630985
1575.5	0.127449	0.0631187
1576	0.127449	0.0631388
1576.5	0.127449	0.0631589
1577	0.125707	0.0631787
1577.5	0.127522	0.0631988
1578	0.127294	0.0632189
1578.5	0.127341	0.0632389
1579	0.129213	0.0632618
1579.5	0.125492	0.0632815
1580	0.129468	0.0633018
1580.5	0.127449	0.0633218
1581	0.123907	0.0633413
1581.5	0.129878	0.0633616
1582	0.124939	0.0633812
1582.5	0.13829	0.0633866
1583	0	0.0633866
1583.5	0	0.0633866
1584	0	0.0633866
1584.5	0	0.0633866
1585	0	0.0633866
1585.5	0	0.0633866
1586	0	0.0633866
1586.5	0	0.0633866
1587	0	0.0633866
1587.5	0	0.0633866
1588	0	0.0633866
1588.5	0	0.0633866
1589	0	0.0633866
1589.5	0	0.0633866
1590	0	0.0633866
1590.5	0	0.0633866
1591	0	0.0633866
1591.5	0	0.0633866
1592	0	0.0633866
1592.5	0	0.0633866
1593	0	0.0633866
1593.5	0	0.0633866
1594	0	0.0633866
1594.5	0	0.0633866
1595	0	0.0633866
1595.5	0	0.0633866
1596	0	0.0633866
1596.5	0	0.0633866
1597	0	0.0633866
1597.5	0	0.0633866
1598	0	0.0633866
1598.5	0	0.0633866
1599	0	0.0633866
1599.5	0	0.0633866
1600	0	0.0633866
