4	0.00393925	0.220127
4.5	0.127449	0.139168
5	0.127449	0.133704
5.5	0.127449	0.131715
6	0.127449	0.130786
6.5	0	0.130786
7	0	0.130786
7.5	0	0.130786
8	0	0.130786
8.5	0	0.130786
9	0	0.130786
9.5	0	0.130786
10	0	0.130786
10.5	0	0.130786
11	0	0.130786
11.5	0	0.130786
12	0.00649166	0.0371624
12.5	0.127444	0.0429947
13	0.127428	0.0475804
13.5	0.125034	0.0516427
14	0.127496	0.0553534
14.5	0.132364	0.0588188
15	0.127449	0.0607666
15.5	0	0.0607666
16	0	0.0607666
16.5	0	0.0607666
17	0	0.0607666
17.5	0.0230616	0.0532027
18	0.127449	0.0558034
18.5	0.127449	0.058228
19	0.127449	0.060494
19.5	0.127449	0.0626162
20	0.127449	0.0643658
20.5	0	0.0643658
21	0	0.0643658
21.5	0	0.0643658
22	0	0.0643658
22.5	0	0.0643658
23	0	0.0643658
23.5	0.00872686	0.0541387
24	0.127449	0.0559388
24.5	0.127449	0.0576526
25	0.127449	0.0592862
25.5	0.127449	0.0610349
26	0.127449	0.0623342
26.5	0	0.0623342
27	0	0.0623342
27.5	0	0.0623342
28	0	0.0623342
28.5	0	0.0623342
29	0	0.0623342
29.5	0	0.0623342
30	0	0.0623342
30.5	0	0.0623342
31	0.00468304	0.0516233
31.5	0.127449	0.052979
32	0.127449	0.054287
32.5	0.127449	0.0557048
33	0.127449	0.0569196
33.5	0.127449	0.058094
34	0.127449	0.0592299
34.5	0.127449	0.0600577
35	0	0.0600577
35.5	0	0.0600577
36	0	0.0600577
36.5	0	0.0600577
37	0	0.0600577
37.5	0	0.0600577
38	0	0.0600577
38.5	0	0.0600577
39	0.0101093	0.0534303
39.5	0.130533	0.0544725
40	0.124478	0.0554508
40.5	0.129573	0.0564328
41	0.108056	0.0571405
41.5	0.145234	0.0582809
42	0.125244	0.0591626
42.5	0.132184	0.0600624
43	0.126997	0.0610145
43.5	0.125064	0.0618263
44	0.129916	0.0626472
44.5	0.124697	0.0633217
45	0	0.0633217
45.5	0	0.0633217
46	0	0.0633217
46.5	0	0.0633217
47	0	0.0633217
47.5	0	0.0633217
48	0	0.0633217
48.5	0	0.0633217
49	0.0137527	0.0583033
49.5	0.127449	0.0590506
50	0.126027	0.0597746
50.5	0.12732	0.0604897
51	0.127599	0.0611912
51.5	0.128722	0.0619694
52	0.127449	0.0626399
52.5	0.127449	0.0632968
53	0.125996	0.0639331
53.5	0.127186	0.0645627
54	0.127677	0.0651823
54.5	0.127496	0.065789
55	0.127253	0.0663827
55.5	0.12747	0.0668214
56	0	0.0668214
56.5	0	0.0668214
57	0	0.0668214
57.5	0	0.0668214
58	0	0.0668214
58.5	0	0.0668214
59	0	0.0668214
59.5	0	0.0668214
60	0	0.0668214
60.5	0	0.0668214
61	0	0.0668214
61.5	0	0.0668214
62	0	0.0668214
62.5	0.0043926	0.0592064
63	0.127449	0.0597754
63.5	0.127449	0.060335
64	0.127449	0.0604043
64.5	0	0.0604043
65	0	0.0604043
65.5	0	0.0604043
66	0	0.0604043
66.5	0	0.0604043
67	0	0.0604043
67.5	0	0.0604043
68	0	0.0604043
68.5	0	0.0604043
69	0	0.0604043
69.5	0	0.0604043
70	0	0.0604043
70.5	0	0.0604043
71	0	0.0604043
71.5	0	0.0604043
72	0	0.0604043
72.5	0	0.0604043
73	0	0.0604043
73.5	0	0.0604043
74	0	0.0604043
74.5	0	0.0604043
75	0.00409942	0.0513108
75.5	0.127449	0.0518346
76	0.127449	0.0523511
76.5	0.127449	0.0528607
77	0.127449	0.0533634
77.5	0.127449	0.0538594
78	0.127449	0.0543488
78.5	0.127449	0.0548916
79	0.127449	0.0553674
79.5	0.127449	0.055837
80	0.127449	0.0563005
80.5	0.127449	0.056758
81	0.127449	0.0572097
81.5	0.127449	0.0573776
82	0	0.0573776
82.5	0	0.0573776
83	0	0.0573776
83.5	0.021599	0.056396
84	0	0.056396
84.5	0	0.056396
85	0	0.056396
85.5	0	0.056396
86	0	0.056396
86.5	0	0.056396
87	0	0.056396
87.5	0	0.056396
88	0	0.056396
88.5	0	0.056396
89	0	0.056396
89.5	0	0.056396
90	0	0.056396
90.5	0	0.056396
91	0	0.056396
91.5	0.00674955	0.0517831
92	0.127434	0.0522062
92.5	0.127242	0.0524158
93	0	0.0524158
93.5	0	0.0524158
94	0	0.0524158
94.5	0.00346699	0.0511928
95	0.128195	0.0516068
95.5	0.127449	0.0520654
96	0.125596	0.0524643
96.5	0.129358	0.0528672
97	0.127449	0.0532618
97.5	0.127449	0.0536522
98	0.125259	0.0540335
98.5	0.129717	0.0544207
99	0.125511	0.0545614
99.5	0	0.0545614
100	0	0.0545614
100.5	0	0.0545614
101	0	0.0545614
101.5	0	0.0545614
102	0	0.0545614
102.5	0	0.0545614
103	0.00361888	0.0523324
103.5	0.127449	0.0527039
104	0.127449	0.0530717
104.5	0.127449	0.0534359
105	0.127449	0.0537965
105.5	0.127449	0.0541981
106	0.127449	0.0545514
106.5	0.127449	0.0549012
107	0.126319	0.0552454
107.5	0.127413	0.0555886
108	0.12718	0.0556738
108.5	0	0.0556738
109	0	0.0556738
109.5	0	0.0556738
110	0	0.0556738
110.5	0.0028308	0.0542985
111	0.0820891	0.0544473
111.5	0.127325	0.0548229
112	0.127527	0.0551538
112.5	0.127356	0.0554815
113	0.128998	0.0558094
113.5	0.127449	0.0561313
114	0.126253	0.056448
114.5	0.12756	0.0567645
115	0.12798	0.0571181
115.5	0.12462	0.0573847
116	0.126563	0.0577289
116.5	0.130809	0.0580403
117	0.127397	0.0583425
117.5	0.128325	0.0584181
118	0	0.0584181
118.5	0	0.0584181
119	0	0.0584181
119.5	0	0.0584181
120	0	0.0584181
120.5	0	0.0584181
121	0.0162778	0.0570301
121.5	0.127449	0.0573618
122	0.126941	0.0576531
122.5	0.127479	0.0579068
123	0.123358	0.0581865
123.5	0.130143	0.0585129
124	0.116115	0.0587398
124.5	0.118452	0.0589368
125	0.139439	0.0593483
125.5	0.129991	0.0596288
126	0.127389	0.0599364
126.5	0.128543	0.0602096
127	0.128762	0.060481
127.5	0.125178	0.0607435
128	0.123882	0.0610012
128.5	0.131156	0.0612707
129	0.122839	0.0615221
129.5	0.132385	0.0617897
130	0.129637	0.0620827
130.5	0.127449	0.0623369
131	0.12546	0.0625854
131.5	0.127579	0.0628359
132	0.127356	0.0630842
132.5	0.127584	0.0632078
133	0	0.0632078
133.5	0	0.0632078
134	0	0.0632078
134.5	0	0.0632078
135	0	0.0632078
135.5	0.0119965	0.0619354
136	0.128762	0.062182
136.5	0.128574	0.0624265
137	0.127563	0.0626673
137.5	0.127418	0.0629061
138	0.127449	0.0631727
138.5	0.127444	0.0634078
139	0.125089	0.0636368
139.5	0.130477	0.063874
140	0.125624	0.0641006
140.5	0.127397	0.0643289
141	0.127397	0.0645556
141.5	0.127459	0.0647807
142	0.129202	0.0650356
142.5	0.127449	0.0652573
143	0.127449	0.0654775
143.5	0.127449	0.0656961
144	0.127449	0.0659132
144.5	0.126028	0.0661261
145	0.127408	0.0663401
145.5	0.12748	0.0665527
146	0	0.0665527
146.5	0	0.0665527
147	0	0.0665527
147.5	0.0305444	0.0660376
148	0.127485	0.0662475
148.5	0.12759	0.0663781
149	0	0.0663781
149.5	0	0.0663781
150	0	0.0663781
150.5	0	0.0663781
151	0	0.0663781
151.5	0	0.0663781
152	0	0.0663781
152.5	0	0.0663781
153	0	0.0663781
153.5	0	0.0663781
154	0	0.0663781
154.5	0	0.0663781
155	0	0.0663781
155.5	0	0.0663781
156	0	0.0663781
156.5	0	0.0663781
157	0	0.0663781
157.5	0.00341066	0.062607
158	0.127449	0.0628141
158.5	0.127449	0.0628915
159	0.0294441	0.0627191
159.5	0.127506	0.0629241
160	0.12748	0.0631277
160.5	0.127465	0.06333
161	0.12679	0.0633551
161.5	0	0.0633551
162	0	0.0633551
162.5	0.0278805	0.0629145
163	0.127449	0.0631143
163.5	0.127449	0.0633128
164	0.127449	0.0633375
164.5	0.0511273	0.0632675
165	0.127449	0.0634637
165.5	0.127449	0.063683
166	0.127449	0.0638767
166.5	0.127449	0.0639491
167	0	0.0639491
167.5	0	0.0639491
168	0	0.0639491
168.5	0	0.0639491
169	0	0.0639491
169.5	0	0.0639491
170	0	0.0639491
170.5	0	0.0639491
171	0	0.0639491
171.5	0	0.0639491
172	0	0.0639491
172.5	0	0.0639491
173	0	0.0639491
173.5	0	0.0639491
174	0	0.0639491
174.5	0	0.0639491
175	0	0.0639491
175.5	0	0.0639491
176	0.00480364	0.0605815
176.5	0.127449	0.0607723
177	0	0.0607723
177.5	0	0.0607723
178	0	0.0607723
178.5	0	0.0607723
179	0	0.0607723
179.5	0	0.0607723
180	0	0.0607723
180.5	0	0.0607723
181	0	0.0607723
181.5	0	0.0607723
182	0	0.0607723
182.5	0	0.0607723
183	0	0.0607723
183.5	0.00894086	0.0587466
184	0.125124	0.0589315
184.5	0.129226	0.0591205
185	0.127511	0.0593064
185.5	0.129776	0.0594941
186	0.127449	0.0597008
186.5	0.127449	0.0598151
187	0	0.0598151
187.5	0	0.0598151
188	0	0.0598151
188.5	0	0.0598151
189	0	0.0598151
189.5	0	0.0598151
190	0	0.0598151
190.5	0	0.0598151
191	0	0.0598151
191.5	0	0.0598151
192	0	0.0598151
192.5	0	0.0598151
193	0	0.0598151
193.5	0	0.0598151
194	0	0.0598151
194.5	0.000960475	0.057293
195	0.125119	0.057471
195.5	0.129181	0.0576529
196	0.127423	0.0578318
196.5	0.127486	0.058032
197	0.127465	0.058209
197.5	0.129776	0.0583878
198	0.127449	0.058563
198.5	0.127449	0.0587373
199	0.127449	0.0589108
199.5	0.127449	0.0590833
200	0.127449	0.0592764
200.5	0.125365	0.0594447
201	0.127485	0.0596146
201.5	0.12749	0.0597837
202	0.127335	0.0599517
202.5	0.106042	0.0600719
203	0.142774	0.0602773
203.5	0.155723	0.0603255
204	0	0.0603255
204.5	0	0.0603255
205	0	0.0603255
205.5	0	0.0603255
206	0	0.0603255
206.5	0	0.0603255
207	0	0.0603255
207.5	0.012457	0.0592893
208	0.124949	0.0594508
208.5	0.129825	0.0596171
209	0.127548	0.05978
209.5	0.131261	0.0599463
210	0.127449	0.0601076
210.5	0.127449	0.0602881
211	0.127449	0.0604478
211.5	0.127449	0.0606067
212	0.127449	0.0607649
212.5	0.127449	0.0609223
213	0.127449	0.0610789
213.5	0.127449	0.0612349
214	0.127449	0.0613901
214.5	0.127449	0.0615638
215	0.127449	0.0616983
215.5	0.123976	0.0618659
216	0	0.0618659
216.5	0	0.0618659
217	0	0.0618659
217.5	0	0.0618659
218	0	0.0618659
218.5	0	0.0618659
219	0	0.0618659
219.5	0	0.0618659
220	0	0.0618659
220.5	0.00319935	0.0605373
221	0.0953407	0.0606296
221.5	0.117246	0.0607341
222	0.114708	0.0608695
222.5	0.0810934	0.0609143
223	0.0268281	0.0608233
223.5	0.137401	0.060903
224	0.0394259	0.0608447
224.5	0	0.0608447
225	0	0.0608447
225.5	0	0.0608447
226	0	0.0608447
226.5	0	0.0608447
227	0	0.0608447
227.5	0	0.0608447
228	0	0.0608447
228.5	0	0.0608447
229	0.00627382	0.0596314
229.5	0	0.0596314
230	0	0.0596314
230.5	0	0.0596314
231	0	0.0596314
231.5	0	0.0596314
232	0	0.0596314
232.5	0	0.0596314
233	0.016881	0.0588511
233.5	0.127553	0.0589983
234	0.127434	0.0591448
234.5	0.127475	0.0592907
235	0.125046	0.0594334
235.5	0.127439	0.059578
236	0.129994	0.0597245
236.5	0.125101	0.0598655
237	0.127377	0.0600082
237.5	0.127553	0.0601505
238	0.129578	0.0603121
238.5	0.122788	0.0604482
239	0.12998	0.0605909
239.5	0.125109	0.0607283
240	0.125064	0.060865
240.5	0.134953	0.0610107
241	0.127472	0.0611659
241.5	0.12748	0.0613033
242	0.127408	0.06144
242.5	0.127501	0.0615763
243	0	0.0615763
243.5	0	0.0615763
244	0	0.0615763
244.5	0	0.0615763
245	0	0.0615763
245.5	0	0.0615763
246	0.00893835	0.0608131
246.5	0.127449	0.0608639
247	0	0.0608639
247.5	0	0.0608639
248	0	0.0608639
248.5	0	0.0608639
249	0	0.0608639
249.5	0	0.0608639
250	0	0.0608639
250.5	0	0.0608639
251	0.00164295	0.0597195
251.5	0.127449	0.059871
252	0.127449	0.0600051
252.5	0.127449	0.0601387
253	0.127449	0.0602717
253.5	0.127449	0.0604042
254	0.127449	0.0605362
254.5	0.127449	0.0606677
255	0.127449	0.0607987
255.5	0.127449	0.0609291
256	0	0.0609291
256.5	0.0529285	0.0608963
257	0.127377	0.0610257
257.5	0.127459	0.0611547
258	0.129862	0.0612853
258.5	0.12756	0.0613334
259	0	0.0613334
259.5	0	0.0613334
260	0	0.0613334
260.5	0.0269071	0.0610205
261	0.127449	0.0611477
261.5	0.126089	0.0612732
262	0.127542	0.0613996
262.5	0.127454	0.061541
263	0.127698	0.0615567
263.5	0	0.0615567
264	0	0.0615567
264.5	0	0.0615567
265	0	0.0615567
265.5	0	0.0615567
266	0	0.0615567
266.5	0	0.0615567
267	0	0.0615567
267.5	0	0.0615567
268	0	0.0615567
268.5	0	0.0615567
269	0	0.0615567
269.5	0	0.0615567
270	0	0.0615567
270.5	0.00198399	0.0597897
271	0	0.0597897
271.5	0	0.0597897
272	0	0.0597897
272.5	0	0.0597897
273	0	0.0597897
273.5	0	0.0597897
274	0	0.0597897
274.5	0	0.0597897
275	0	0.0597897
275.5	0	0.0597897
276	0	0.0597897
276.5	0	0.0597897
277	0	0.0597897
277.5	0	0.0597897
278	0	0.0597897
278.5	0.00196378	0.0581073
279	0.126017	0.0582302
279.5	0.127537	0.058354
280	0.128073	0.0584932
280.5	0.127558	0.058616
281	0.127371	0.0587382
281.5	0.128083	0.0588606
282	0.127449	0.0589821
282.5	0.126873	0.0591026
283	0.125184	0.0592213
283.5	0.129841	0.0593434
284	0.127481	0.0594781
284.5	0.1185	0.0595756
285	0.131499	0.0596977
285.5	0.131576	0.0598346
286	0.127454	0.0599527
286.5	0.127947	0.0600707
287	0.127449	0.0601879
287.5	0.127449	0.0603192
288	0.127449	0.0604356
288.5	0.126709	0.0605509
289	0.128197	0.060667
289.5	0.127449	0.0607822
290	0.127073	0.0608966
290.5	0.12733	0.0610109
291	0.127948	0.0611252
291.5	0.127449	0.0612529
292	0.127449	0.0613661
292.5	0.127449	0.0614647
293	0	0.0614647
293.5	0.0606071	0.0614617
294	0.127444	0.0615737
294.5	0.129345	0.061701
295	0.127449	0.0618122
295.5	0.127449	0.061923
296	0.127449	0.0620334
296.5	0.127449	0.0621435
297	0.127449	0.0622532
297.5	0.127449	0.0623626
298	0.127449	0.0624852
298.5	0.127449	0.0625937
299	0.127449	0.0627019
299.5	0.125788	0.0628084
300	0.127402	0.0629158
300.5	0.127584	0.0630231
301	0.12733	0.0631298
301.5	0.127459	0.0632362
302	0.110798	0.0632475
302.5	0	0.0632475
303	0	0.0632475
303.5	0	0.0632475
304	0.00322001	0.0627602
304.5	0.127373	0.0628661
305	0.127579	0.0629718
305.5	0.127251	0.0630901
306	0.127584	0.0631951
306.5	0	0.0631951
307	0	0.0631951
307.5	0	0.0631951
308	0	0.0631951
308.5	0	0.0631951
309	0	0.0631951
309.5	0	0.0631951
310	0	0.0631951
310.5	0	0.0631951
311	0	0.0631951
311.5	0	0.0631951
312	0	0.0631951
312.5	0	0.0631951
313	0	0.0631951
313.5	0	0.0631951
314	0	0.0631951
314.5	0	0.0631951
315	0.00349714	0.0614734
315.5	0.127449	0.0615776
316	0.127449	0.0616815
316.5	0.127449	0.0617981
317	0.127449	0.0619013
317.5	0.127449	0.0620042
318	0.127449	0.0621068
318.5	0.127449	0.0622091
319	0.127449	0.062311
319.5	0.127449	0.0624126
320	0.127449	0.062514
320.5	0.127449	0.0626149
321	0	0.0626149
321.5	0	0.0626149
322	0	0.0626149
322.5	0.00390654	0.0622449
323	0.127449	0.0623581
323.5	0.127449	0.0624584
324	0.127449	0.0625583
324.5	0	0.0625583
325	0	0.0625583
325.5	0	0.0625583
326	0	0.0625583
326.5	0	0.0625583
327	0.0156118	0.0621203
327.5	0.119752	0.062202
328	0.142036	0.0622292
328.5	0	0.0622292
329	0	0.0622292
329.5	0	0.0622292
330	0	0.0622292
330.5	0	0.0622292
331	0	0.0622292
331.5	0	0.0622292
332	0	0.0622292
332.5	0	0.0622292
333	0	0.0622292
333.5	0	0.0622292
334	0	0.0622292
334.5	0	0.0622292
335	0	0.0622292
335.5	0	0.0622292
336	0	0.0622292
336.5	0	0.0622292
337	0	0.0622292
337.5	0	0.0622292
338	0	0.0622292
338.5	0	0.0622292
339	0	0.0622292
339.5	0	0.0622292
340	0.00505409	0.0601172
340.5	0.125679	0.0602144
341	0.127377	0.0603126
341.5	0.129344	0.0604118
342	0.127449	0.0605094
342.5	0.127449	0.0606068
343	0.127449	0.0607159
343.5	0.127449	0.0608127
344	0	0.0608127
344.5	0	0.0608127
345	0	0.0608127
345.5	0	0.0608127
346	0.0126271	0.0604627
346.5	0.120336	0.0605538
347	0.129622	0.0606513
347.5	0.131863	0.0607499
348	0.131066	0.06086
348.5	0.126177	0.0609542
349	0.104587	0.0610111
349.5	0.148796	0.061145
350	0.125769	0.0612382
350.5	0.127439	0.0613323
351	0.127335	0.061426
351.5	0.129093	0.0615324
352	0.127449	0.0616256
352.5	0.127449	0.0617186
353	0.127449	0.0618113
353.5	0.125649	0.0619025
354	0.127052	0.0619944
354.5	0.127309	0.0620862
355	0.125249	0.0621764
355.5	0.127465	0.0622678
356	0.127247	0.0623588
356.5	0.129728	0.0624628
357	0.127511	0.0625534
357.5	0.127511	0.0626438
358	0.127465	0.062734
358.5	0.13149	0.0627687
359	0	0.0627687
359.5	0	0.0627687
360	0	0.0627687
360.5	0	0.0627687
361	0	0.0627687
361.5	0	0.0627687
362	0	0.0627687
362.5	0	0.0627687
363	0	0.0627687
363.5	0	0.0627687
364	0	0.0627687
364.5	0	0.0627687
365	0	0.0627687
365.5	0	0.0627687
366	0	0.0627687
366.5	0	0.0627687
367	0	0.0627687
367.5	0.00420393	0.0612661
368	0	0.0612661
368.5	0	0.0612661
369	0	0.0612661
369.5	0	0.0612661
370	0	0.0612661
370.5	0	0.0612661
371	0	0.0612661
371.5	0	0.0612661
372	0	0.0612661
372.5	0	0.0612661
373	0.00710182	0.0604557
373.5	0.127449	0.060545
374	0.127449	0.060634
374.5	0.127449	0.0607227
375	0.127449	0.0608113
375.5	0.127449	0.0608996
376	0.127449	0.0609876
376.5	0.127449	0.0609986
377	0	0.0609986
377.5	0	0.0609986
378	0	0.0609986
378.5	0.0225699	0.060749
379	0.127449	0.0608475
379.5	0.127449	0.0609348
380	0.127449	0.0610219
380.5	0.127449	0.0611087
381	0.127449	0.0611953
381.5	0.127449	0.0612817
382	0.127449	0.0613679
382.5	0.127449	0.0614538
383	0.127449	0.0615503
383.5	0.127449	0.0616357
384	0.12695	0.0617207
384.5	0.124042	0.0618035
385	0	0.0618035
385.5	0.040905	0.061751
386	0.125044	0.0618341
386.5	0.12749	0.0618764
387	0	0.0618764
387.5	0	0.0618764
388	0	0.0618764
388.5	0	0.0618764
389	0.0199656	0.0615771
389.5	0.125653	0.0616601
390	0.129089	0.0617556
390.5	0.127449	0.0618392
391	0.127449	0.0619227
391.5	0.123349	0.0620033
392	0.131831	0.0620889
392.5	0.127449	0.0621717
393	0.127449	0.0622544
393.5	0.127449	0.0623368
394	0.127449	0.0624292
394.5	0.127449	0.0625112
395	0.127449	0.0625929
395.5	0.127449	0.0626744
396	0.127449	0.0627558
396.5	0	0.0627558
397	0	0.0627558
397.5	0	0.0627558
398	0	0.0627558
398.5	0	0.0627558
399	0	0.0627558
399.5	0.0067107	0.062259
400	0.127449	0.06234
400.5	0.127449	0.0624209
401	0.127449	0.0625015
401.5	0.127449	0.062592
402	0.127449	0.0626421
402.5	0	0.0626421
403	0.0202698	0.0625189
403.5	0.126333	0.0625982
404	0.12747	0.062678
404.5	0.127242	0.062688
405	0	0.062688
405.5	0	0.062688
406	0	0.062688
406.5	0	0.062688
407	0	0.062688
407.5	0	0.062688
408	0	0.062688
408.5	0	0.062688
409	0.0127001	0.0620783
409.5	0.127366	0.0621576
410	0.128604	0.0622374
410.5	0.125795	0.0623154
411	0.128956	0.062405
411.5	0.127449	0.0624639
412	0	0.0624639
412.5	0	0.0624639
413	0	0.0624639
413.5	0	0.0624639
414	0	0.0624639
414.5	0	0.0624639
415	0	0.0624639
415.5	0	0.0624639
416	0	0.0624639
416.5	0	0.0624639
417	0	0.0624639
417.5	0.00512698	0.0616156
418	0.127387	0.0616938
418.5	0.125161	0.0617706
419	0.130002	0.0618499
419.5	0.127387	0.0618694
420	0.0266745	0.0617947
420.5	0.127516	0.0618724
421	0.128545	0.0619602
421.5	0.127449	0.0620374
422	0.127449	0.0621144
422.5	0.127449	0.0621912
423	0.125461	0.0622667
423.5	0.124063	0.0623412
424	0.129863	0.0624189
424.5	0.125064	0.0624936
425	0.132408	0.0625723
425.5	0.127444	0.0626575
426	0.127501	0.0627331
426.5	0.127428	0.0628085
427	0.125114	0.0628824
427.5	0.129577	0.0629586
428	0.121873	0.0630123
428.5	0	0.0630123
429	0.056171	0.0629943
429.5	0.12733	0.0630688
430	0.125133	0.0631419
430.5	0.118178	0.0632104
431	0.137147	0.0632896
431.5	0.130427	0.0633745
432	0.0633665	0.0633745
432.5	0.127449	0.0634481
433	0.127449	0.0635216
433.5	0.127449	0.0635948
434	0.127449	0.0636679
434.5	0.127449	0.0637409
435	0.12719	0.0638135
435.5	0.127444	0.0638952
436	0.127449	0.0639676
436.5	0.128159	0.0639948
437	0	0.0639948
437.5	0	0.0639948
438	0	0.0639948
438.5	0	0.0639948
439	0	0.0639948
439.5	0	0.0639948
440	0.014342	0.063559
440.5	0.127449	0.063631
441	0.127449	0.0637029
441.5	0	0.0637029
442	0	0.0637029
442.5	0.0213138	0.0635606
443	0.127413	0.0636322
443.5	0.127423	0.0637037
444	0.129078	0.063785
444.5	0.127449	0.0638205
445	0	0.0638205
445.5	0	0.0638205
446	0	0.0638205
446.5	0	0.0638205
447	0.0171646	0.0635318
447.5	0.127449	0.0636028
448	0.127449	0.0636736
448.5	0.125907	0.0637433
449	0.12748	0.0638138
449.5	0.128824	0.0638938
450	0.127449	0.0639639
450.5	0.127449	0.0640339
451	0.127449	0.0641037
451.5	0.127449	0.0641734
452	0.127449	0.0642429
452.5	0.127449	0.0643123
453	0.127449	0.0643815
453.5	0.127449	0.0644592
454	0.125293	0.0644846
454.5	0	0.0644846
455	0.0435158	0.064426
455.5	0.127454	0.0644947
456	0.127311	0.0645717
456.5	0.127537	0.0646402
457	0.127397	0.0647084
457.5	0.127532	0.0647765
458	0.127459	0.0648445
458.5	0.120792	0.0649084
459	0.129345	0.0649771
459.5	0.132024	0.0650471
460	0.128317	0.0651234
460.5	0.127449	0.0651906
461	0.127449	0.0652576
461.5	0.127449	0.0653246
462	0.127449	0.0653913
462.5	0.127449	0.065458
463	0.127449	0.0655244
463.5	0.127449	0.0655991
464	0.127449	0.0656652
464.5	0.127449	0.0657313
465	0.127449	0.0657972
465.5	0.127449	0.0658629
466	0.127449	0.0659286
466.5	0.127449	0.065994
467	0.125508	0.0660583
467.5	0.127485	0.0661235
468	0.127454	0.0661967
468.5	0.127485	0.0662616
469	0.125029	0.0663251
469.5	0.127589	0.0663898
470	0.13761	0.0664072
470.5	0.0270925	0.066334
471	0.125635	0.0663974
471.5	0.127475	0.0664617
472	0.11658	0.0665193
472.5	0.139648	0.0665895
473	0.129769	0.0666627
473.5	0.127449	0.0666707
474	0	0.0666707
474.5	0	0.0666707
475	0	0.0666707
475.5	0.00979563	0.066381
476	0.127465	0.0664447
476.5	0.127537	0.0665162
477	0.12734	0.0665796
477.5	0.127558	0.0666429
478	0.128311	0.0667065
478.5	0.125094	0.0667683
479	0.127439	0.0668311
479.5	0.127516	0.0668939
480	0.124576	0.0669549
480.5	0.129964	0.0670188
481	0.127371	0.0670889
481.5	0.124787	0.067142
482	0.129609	0.0672132
482.5	0.127501	0.0672752
483	0.129782	0.0673383
483.5	0.127527	0.0674
484	0.12749	0.0674616
484.5	0	0.0674616
485	0.0533583	0.0674315
485.5	0.127449	0.0674928
486	0.122932	0.0675515
486.5	0.127454	0.0676126
487	0.129975	0.067675
487.5	0.127315	0.0677358
488	0.127809	0.0677586
488.5	0	0.0677586
489	0	0.0677586
489.5	0	0.0677586
490	0	0.0677586
490.5	0	0.0677586
491	0	0.0677586
491.5	0	0.0677586
492	0.00538512	0.0672003
492.5	0.127444	0.067261
493	0.127431	0.067314
493.5	0.0437591	0.0672881
494	0.127434	0.0673485
494.5	0.125764	0.0674079
495	0.129932	0.0674694
495.5	0.125374	0.0675358
496	0.127444	0.0675957
496.5	0.127413	0.0676555
497	0.129921	0.0677165
497.5	0.125134	0.0677748
498	0.129889	0.0678356
498.5	0.127439	0.0678949
499	0.128909	0.0679624
499.5	0.127064	0.0680213
500	0.127449	0.0680802
500.5	0.127418	0.0681391
501	0.127567	0.0681906
501.5	0.0534807	0.0681732
502	0.127449	0.0682318
502.5	0.127449	0.0682903
503	0.127449	0.0683486
503.5	0.127449	0.0684069
504	0.127449	0.0684505
504.5	0	0.0684505
505	0	0.0684505
505.5	0	0.0684505
506	0	0.0684505
506.5	0	0.0684505
507	0	0.0684505
507.5	0	0.0684505
508	0	0.0684505
508.5	0	0.0684505
509	0	0.0684505
509.5	0	0.0684505
510	0	0.0684505
510.5	0	0.0684505
511	0.00329187	0.067532
511.5	0.127449	0.0675901
512	0.127449	0.0676481
512.5	0.127449	0.067706
513	0.127449	0.067771
513.5	0.127449	0.0678287
514	0.127449	0.0678862
514.5	0.127449	0.0679436
515	0.127449	0.068001
515.5	0.125702	0.0680573
516	0.127335	0.0681143
516.5	0.12747	0.0681713
517	0.127511	0.0682282
517.5	0.127408	0.0682921
518	0.127418	0.0683487
518.5	0.127402	0.0684052
519	0.1287	0.0684623
519.5	0.127516	0.0685186
520	0.127387	0.0685748
520.5	0.127439	0.0686309
521	0.128146	0.0686873
521.5	0	0.0686873
522	0	0.0686873
522.5	0	0.0686873
523	0	0.0686873
523.5	0	0.0686873
524	0	0.0686873
524.5	0	0.0686873
525	0	0.0686873
525.5	0	0.0686873
526	0	0.0686873
526.5	0	0.0686873
527	0	0.0686873
527.5	0	0.0686873
528	0.00890369	0.0678834
528.5	0.127444	0.0679393
529	0.125996	0.0679944
529.5	0.120041	0.0680461
530	0.142929	0.0680852
530.5	0	0.0680852
531	0	0.0680852
531.5	0	0.0680852
532	0	0.0680852
532.5	0	0.0680852
533	0	0.0680852
533.5	0	0.0680852
534	0	0.0680852
534.5	0	0.0680852
535	0	0.0680852
535.5	0	0.0680852
536	0	0.0680852
536.5	0	0.0680852
537	0	0.0680852
537.5	0	0.0680852
538	0	0.0680852
538.5	0	0.0680852
539	0	0.0680852
539.5	0	0.0680852
540	0	0.0680852
540.5	0.00294109	0.0667901
541	0.12744	0.0668526
541.5	0.128789	0.0669088
542	0.126771	0.0669638
542.5	0.125124	0.067018
543	0.129803	0.0670743
543.5	0.122839	0.0671271
544	0.132402	0.0671843
544.5	0.127477	0.0672461
545	0.125079	0.0672997
545.5	0.130282	0.0673487
546	0.124276	0.0673885
546.5	0	0.0673885
547	0	0.0673885
547.5	0.0231467	0.0672506
548	0.127449	0.0673051
548.5	0.127449	0.0673595
549	0.127218	0.0674136
549.5	0.127823	0.0674204
550	0	0.0674204
550.5	0	0.0674204
551	0	0.0674204
551.5	0.0129394	0.0671792
552	0.127449	0.0672333
552.5	0.127449	0.0672874
553	0.127449	0.067348
553.5	0.127449	0.0674019
554	0.127449	0.0674556
554.5	0.127449	0.0675093
555	0.127449	0.0675628
555.5	0.127449	0.0676163
556	0.127449	0.0676696
556.5	0.124662	0.0677216
557	0.128932	0.0677754
557.5	0.126694	0.0678347
558	0.127402	0.0678877
558.5	0.113784	0.0679276
559	0.132431	0.0679827
559.5	0.125887	0.0680346
560	0.127348	0.0680937
560.5	0.127465	0.0681462
561	0.127392	0.0681986
561.5	0.127506	0.068251
562	0.127425	0.0682966
562.5	0	0.0682966
563	0	0.0682966
563.5	0	0.0682966
564	0	0.0682966
564.5	0	0.0682966
565	0	0.0682966
565.5	0	0.0682966
566	0	0.0682966
566.5	0	0.0682966
567	0	0.0682966
567.5	0	0.0682966
568	0	0.0682966
568.5	0	0.0682966
569	0	0.0682966
569.5	0	0.0682966
570	0	0.0682966
570.5	0	0.0682966
571	0	0.0682966
571.5	0	0.0682966
572	0	0.0682966
572.5	0	0.0682966
573	0.000709067	0.0669829
573.5	0.104837	0.0670177
574	0.127572	0.06707
574.5	0.126097	0.0671214
575	0.127516	0.0671735
575.5	0.127454	0.0672254
576	0.129899	0.0672783
576.5	0.127449	0.0673301
577	0.127449	0.0673882
577.5	0.127415	0.0674397
578	0.127325	0.0674718
578.5	0	0.0674718
579	0	0.0674718
579.5	0.0324345	0.0673688
580	0.125099	0.0674191
580.5	0.127413	0.0674703
581	0.127392	0.0675214
581.5	0.129889	0.0675736
582	0.127434	0.0676246
582.5	0.12748	0.0676755
583	0.127518	0.0677327
583.5	0.127459	0.0677834
584	0.127356	0.067834
584.5	0.127408	0.0678846
585	0.127444	0.067935
585.5	0.125492	0.0679845
586	0.12748	0.0680348
586.5	0.127335	0.068085
587	0.127542	0.0681352
587.5	0.127518	0.0681915
588	0.127377	0.0682414
588.5	0.127277	0.0682788
589	0	0.0682788
589.5	0	0.0682788
590	0.0163925	0.0681516
590.5	0	0.0681516
591	0	0.0681516
591.5	0	0.0681516
592	0	0.0681516
592.5	0.00584088	0.0678673
593	0.127579	0.0679172
593.5	0.127475	0.0679669
594	0	0.0679669
594.5	0	0.0679669
595	0.0420609	0.0679015
595.5	0.127449	0.0679511
596	0.126749	0.0680002
596.5	0.128078	0.0680561
597	0.127449	0.0681054
597.5	0.0612219	0.0680995
598	0.127542	0.0681487
598.5	0.127408	0.0681978
599	0.12928	0.0682476
599.5	0.127449	0.0682782
600	0	0.0682782
600.5	0	0.0682782
601	0	0.0682782
601.5	0	0.0682782
602	0	0.0682782
602.5	0	0.0682782
603	0	0.0682782
603.5	0	0.0682782
604	0	0.0682782
604.5	0.00756172	0.0677539
605	0.127449	0.0678028
605.5	0.127449	0.0678516
606	0.12649	0.0678999
606.5	0.125431	0.0679477
607	0.129398	0.0680033
607.5	0.12733	0.0680517
608	0.128433	0.0681005
608.5	0.127449	0.0681489
609	0.127449	0.0681971
609.5	0.127449	0.0682453
610	0.127449	0.0682994
610.5	0.127449	0.0683474
611	0.127449	0.0683953
611.5	0.122795	0.0684353
612	0.127717	0.0684892
612.5	0.10924	0.0685229
613	0.139295	0.0685818
613.5	0.115462	0.0686183
614	0.190364	0.0686348
614.5	0	0.0686348
615	0	0.0686348
615.5	0	0.0686348
616	0	0.0686348
616.5	0	0.0686348
617	0	0.0686348
617.5	0.00794831	0.0682444
618	0.127449	0.0682503
618.5	0	0.0682503
619	0	0.0682503
619.5	0	0.0682503
620	0.019523	0.0680597
620.5	0.127346	0.0681071
621	0.127542	0.0681545
621.5	0.12732	0.0682017
622	0.127466	0.0682312
622.5	0	0.0682312
623	0	0.0682312
623.5	0	0.0682312
624	0	0.0682312
624.5	0	0.0682312
625	0	0.0682312
625.5	0	0.0682312
626	0	0.0682312
626.5	0	0.0682312
627	0	0.0682312
627.5	0	0.0682312
628	0	0.0682312
628.5	0	0.0682312
629	0	0.0682312
629.5	0	0.0682312
630	0	0.0682312
630.5	0	0.0682312
631	0	0.0682312
631.5	0	0.0682312
632	0	0.0682312
632.5	0	0.0682312
633	0	0.0682312
633.5	0	0.0682312
634	0	0.0682312
634.5	0	0.0682312
635	0	0.0682312
635.5	0	0.0682312
636	0	0.0682312
636.5	0.00106685	0.06667
637	0.127449	0.0667173
637.5	0.127449	0.0667645
638	0.127449	0.0668175
638.5	0.127449	0.0668645
639	0.127449	0.0669115
639.5	0.127449	0.0669408
640	0	0.0669408
640.5	0	0.0669408
641	0	0.0669408
641.5	0	0.0669408
642	0	0.0669408
642.5	0	0.0669408
643	0	0.0669408
643.5	0	0.0669408
644	0.00671667	0.0665013
644.5	0.127781	0.0665131
645	0.0174064	0.066444
645.5	0.125084	0.0664899
646	0.125159	0.0665357
646.5	0.129873	0.0665833
647	0.12983	0.0666308
647.5	0.122806	0.0666754
648	0.131896	0.0667296
648.5	0.127418	0.066776
649	0.127547	0.0668223
649.5	0.127361	0.0668685
650	0.127444	0.0669147
650.5	0.126948	0.0669606
651	0.126794	0.0670063
651.5	0.131785	0.0670123
652	0	0.0670123
652.5	0	0.0670123
653	0	0.0670123
653.5	0	0.0670123
654	0	0.0670123
654.5	0.0202892	0.0667624
655	0.126974	0.0667739
655.5	0	0.0667739
656	0	0.0667739
656.5	0.00427811	0.0665983
657	0.130986	0.0666514
657.5	0.126306	0.0666968
658	0.125034	0.0667415
658.5	0.127459	0.0667872
659	0.129964	0.0668337
659.5	0.128597	0.0668797
660	0.127449	0.0669252
660.5	0.127449	0.0669762
661	0.127449	0.0670215
661.5	0.127091	0.0670666
662	0.127413	0.0671118
662.5	0.127846	0.067157
663	0.127449	0.0672021
663.5	0.127449	0.0672077
664	0	0.0672077
664.5	0	0.0672077
665	0	0.0672077
665.5	0	0.0672077
666	0	0.0672077
666.5	0	0.0672077
667	0	0.0672077
667.5	0	0.0672077
668	0	0.0672077
668.5	0	0.0672077
669	0	0.0672077
669.5	0	0.0672077
670	0.00791544	0.0665903
670.5	0.133398	0.0666374
671	0.125302	0.066687
671.5	0.13079	0.066733
672	0.127449	0.0667778
672.5	0.127177	0.0668223
673	0.127516	0.066867
673.5	0.127392	0.0669115
674	0.125268	0.0669442
674.5	0	0.0669442
675	0	0.0669442
675.5	0	0.0669442
676	0	0.0669442
676.5	0	0.0669442
677	0	0.0669442
677.5	0.0150949	0.0666642
678	0.127449	0.0667086
678.5	0.127449	0.066753
679	0.127449	0.0667862
679.5	0	0.0667862
680	0	0.0667862
680.5	0	0.0667862
681	0	0.0667862
681.5	0	0.0667862
682	0	0.0667862
682.5	0	0.0667862
683	0	0.0667862
683.5	0	0.0667862
684	0	0.0667862
684.5	0.0097424	0.0663138
685	0.127375	0.0663635
685.5	0.127454	0.0664076
686	0.130228	0.0664245
686.5	0	0.0664245
687	0	0.0664245
687.5	0	0.0664245
688	0	0.0664245
688.5	0	0.0664245
689	0	0.0664245
689.5	0.00207954	0.0660705
690	0	0.0660705
690.5	0	0.0660705
691	0	0.0660705
691.5	0	0.0660705
692	0	0.0660705
692.5	0	0.0660705
693	0	0.0660705
693.5	0.00782947	0.0657321
694	0.127449	0.0657761
694.5	0.127449	0.0658256
695	0.127449	0.0658695
695.5	0.127449	0.0659133
696	0.127449	0.0659188
696.5	0	0.0659188
697	0	0.0659188
697.5	0	0.0659188
698	0	0.0659188
698.5	0	0.0659188
699	0	0.0659188
699.5	0.00804121	0.0655941
700	0.127449	0.0656434
700.5	0.127449	0.065687
701	0.127449	0.0657307
701.5	0.127449	0.0657361
702	0	0.0657361
702.5	0	0.0657361
703	0	0.0657361
703.5	0	0.0657361
704	0	0.0657361
704.5	0	0.0657361
705	0	0.0657361
705.5	0	0.0657361
706	0	0.0657361
706.5	0	0.0657361
707	0.00398303	0.0652172
707.5	0.127532	0.0652608
708	0	0.0652608
708.5	0	0.0652608
709	0	0.0652608
709.5	0	0.0652608
710	0	0.0652608
710.5	0	0.0652608
711	0	0.0652608
711.5	0	0.0652608
712	0	0.0652608
712.5	0	0.0652608
713	0	0.0652608
713.5	0	0.0652608
714	0	0.0652608
714.5	0	0.0652608
715	0	0.0652608
715.5	0.000979906	0.0645377
716	0.127449	0.0645867
716.5	0.127047	0.0646191
717	0	0.0646191
717.5	0.0486859	0.064594
718	0.127449	0.0646265
718.5	0	0.0646265
719	0.0492926	0.0646026
719.5	0.127449	0.0646458
720	0.127449	0.0646728
720.5	0	0.0646728
721	0	0.0646728
721.5	0.00935949	0.0645436
722	0.118578	0.0645834
722.5	0.124405	0.0646254
723	0.128886	0.0646689
723.5	0.113455	0.0647017
724	0.16435	0.064748
724.5	0	0.064748
725	0	0.064748
725.5	0	0.064748
726	0	0.064748
726.5	0	0.064748
727	0	0.064748
727.5	0	0.064748
728	0	0.064748
728.5	0.00334287	0.0643503
729	0.127449	0.0643932
729.5	0.127449	0.0644359
730	0.127449	0.0644787
730.5	0.127449	0.0645213
731	0.127449	0.0645639
731.5	0.127449	0.0646065
732	0.127449	0.0646543
732.5	0.127449	0.0646967
733	0.127449	0.0647391
733.5	0.127449	0.0647814
734	0.127449	0.0648078
734.5	0	0.0648078
735	0	0.0648078
735.5	0	0.0648078
736	0	0.0648078
736.5	0	0.0648078
737	0	0.0648078
737.5	0	0.0648078
738	0	0.0648078
738.5	0	0.0648078
739	0	0.0648078
739.5	0	0.0648078
740	0	0.0648078
740.5	0	0.0648078
741	0	0.0648078
741.5	0	0.0648078
742	0.000960899	0.0641017
742.5	0.127449	0.0641492
743	0.127449	0.0641809
743.5	0	0.0641809
744	0	0.0641809
744.5	0	0.0641809
745	0	0.0641809
745.5	0	0.0641809
746	0	0.0641809
746.5	0	0.0641809
747	0	0.0641809
747.5	0	0.0641809
748	0	0.0641809
748.5	0	0.0641809
749	0	0.0641809
749.5	0	0.0641809
750	0	0.0641809
750.5	0	0.0641809
751	0	0.0641809
751.5	0	0.0641809
752	0	0.0641809
752.5	0	0.0641809
753	0.00315542	0.0633707
753.5	0	0.0633707
754	0	0.0633707
754.5	0	0.0633707
755	0	0.0633707
755.5	0	0.0633707
756	0.00287278	0.063151
756.5	0	0.063151
757	0	0.063151
757.5	0	0.063151
758	0.022713	0.0630213
758.5	0.127449	0.0630318
759	0	0.0630318
759.5	0	0.0630318
760	0.0332544	0.0629575
760.5	0.127408	0.0629995
761	0.127563	0.0630414
761.5	0.12702	0.0630675
762	0	0.0630675
762.5	0	0.0630675
763	0	0.0630675
763.5	0.0141089	0.0629242
764	0.13238	0.0629675
764.5	0.127449	0.0629779
765	0	0.0629779
765.5	0	0.0629779
766	0	0.0629779
766.5	0	0.0629779
767	0	0.0629779
767.5	0	0.0629779
768	0	0.0629779
768.5	0	0.0629779
769	0	0.0629779
769.5	0	0.0629779
770	0	0.0629779
770.5	0	0.0629779
771	0	0.0629779
771.5	0	0.0629779
772	0	0.0629779
772.5	0.00466858	0.0623407
773	0.127449	0.0623667
773.5	0	0.0623667
774	0	0.0623667
774.5	0	0.0623667
775	0	0.0623667
775.5	0	0.0623667
776	0	0.0623667
776.5	0	0.0623667
777	0	0.0623667
777.5	0	0.0623667
778	0	0.0623667
778.5	0	0.0623667
779	0.00886605	0.0619393
779.5	0.127449	0.0619809
780	0.127449	0.0620016
780.5	0	0.0620016
781	0	0.0620016
781.5	0	0.0620016
782	0	0.0620016
782.5	0.0057432	0.0618043
783	0.125039	0.061845
783.5	0.129628	0.0618924
784	0.127454	0.0619337
784.5	0.127423	0.061975
785	0.127377	0.0620163
785.5	0.127537	0.0620575
786	0.129193	0.0620992
786.5	0.127449	0.0621403
787	0.127449	0.0621865
787.5	0.127449	0.0622275
788	0.127253	0.0622684
788.5	0.127485	0.0623093
789	0.12761	0.0623502
789.5	0.127449	0.062391
790	0.127449	0.0624318
790.5	0.127449	0.0624725
791	0.127449	0.0624776
791.5	0	0.0624776
792	0	0.0624776
792.5	0	0.0624776
793	0	0.0624776
793.5	0	0.0624776
794	0	0.0624776
794.5	0.0117783	0.0622213
795	0.127449	0.0622619
795.5	0.127449	0.0623025
796	0.127449	0.062343
796.5	0.127449	0.0623834
797	0.127449	0.0624238
797.5	0.127449	0.062444
798	0	0.062444
798.5	0	0.062444
799	0	0.062444
799.5	0	0.062444
800	0	0.062444
800.5	0	0.062444
801	0	0.062444
801.5	0	0.062444
802	0	0.062444
802.5	0	0.062444
803	0	0.062444
803.5	0	0.062444
804	0	0.062444
804.5	0	0.062444
805	0	0.062444
805.5	0	0.062444
806	0	0.062444
806.5	0	0.062444
807	0.00481321	0.0617424
807.5	0.127584	0.0617827
808	0.127444	0.0618229
808.5	0.125024	0.0618623
809	0.127439	0.0619024
809.5	0.129932	0.0619432
810	0.127485	0.0619832
810.5	0	0.0619832
811	0	0.0619832
811.5	0	0.0619832
812	0	0.0619832
812.5	0.0244767	0.0618643
813	0.127449	0.0619042
813.5	0.127449	0.0619192
814	0.0196245	0.0618774
814.5	0.118822	0.0619099
815	0.124685	0.0619488
815.5	0	0.0619488
816	0	0.0619488
816.5	0	0.0619488
817	0	0.0619488
817.5	0	0.0619488
818	0	0.0619488
818.5	0	0.0619488
819	0	0.0619488
819.5	0	0.0619488
820	0	0.0619488
820.5	0	0.0619488
821	0	0.0619488
821.5	0	0.0619488
822	0	0.0619488
822.5	0	0.0619488
823	0	0.0619488
823.5	0.00735449	0.0613805
824	0.127449	0.0614202
824.5	0.127449	0.0614598
825	0.125567	0.0614988
825.5	0.10299	0.0615257
826	0.127449	0.0615652
826.5	0.127449	0.0616046
827	0.127449	0.061644
827.5	0.127449	0.0616834
828	0.127449	0.0617227
828.5	0.127449	0.0617619
829	0.127449	0.0617962
829.5	0	0.0617962
830	0	0.0617962
830.5	0	0.0617962
831	0	0.0617962
831.5	0	0.0617962
832	0	0.0617962
832.5	0	0.0617962
833	0	0.0617962
833.5	0	0.0617962
834	0.00460001	0.0614438
834.5	0	0.0614438
835	0	0.0614438
835.5	0	0.0614438
836	0	0.0614438
836.5	0	0.0614438
837	0	0.0614438
837.5	0	0.0614438
838	0	0.0614438
838.5	0	0.0614438
839	0	0.0614438
839.5	0	0.0614438
840	0	0.0614438
840.5	0	0.0614438
841	0	0.0614438
841.5	0	0.0614438
842	0.00294824	0.0608867
842.5	0.127449	0.0609258
843	0.127449	0.0609648
843.5	0.127449	0.0609697
844	0	0.0609697
844.5	0	0.0609697
845	0	0.0609697
845.5	0.0253111	0.0608647
846	0.127506	0.0609036
846.5	0.127548	0.0609425
847	0.127449	0.0609814
847.5	0.127449	0.0610201
848	0.127449	0.0610589
848.5	0.126649	0.0610974
849	0.128259	0.0611362
849.5	0.127449	0.0611797
850	0.127449	0.0612182
850.5	0.127449	0.0612568
851	0.126709	0.061295
851.5	0.127444	0.0613334
852	0.127402	0.0613718
852.5	0.127501	0.0614102
853	0.127516	0.0614485
853.5	0.127486	0.0614915
854	0.128088	0.0615299
854.5	0.127449	0.061568
855	0.127449	0.0616061
855.5	0.127449	0.0616442
856	0.127449	0.0616822
856.5	0.127449	0.0617202
857	0.127449	0.0617581
857.5	0.127449	0.0617629
858	0	0.0617629
858.5	0	0.0617629
859	0	0.0617629
859.5	0.0254009	0.0616579
860	0.129792	0.0616964
860.5	0.12704	0.0617011
861	0	0.0617011
861.5	0	0.0617011
862	0	0.0617011
862.5	0	0.0617011
863	0	0.0617011
863.5	0	0.0617011
864	0	0.0617011
864.5	0	0.0617011
865	0	0.0617011
865.5	0.00865464	0.0613663
866	0.122724	0.0614027
866.5	0.128067	0.0614406
867	0.117122	0.0614751
867.5	0.142245	0.0615215
868	0.128434	0.0615594
868.5	0.128061	0.0615971
869	0.127449	0.0616345
869.5	0.127449	0.061672
870	0.125819	0.0617089
870.5	0.127366	0.0617462
871	0.127633	0.0617883
871.5	0.128994	0.0618259
872	0.127449	0.0618632
872.5	0.127449	0.0619003
873	0.125617	0.0619369
873.5	0.127475	0.061974
874	0.127439	0.0620111
874.5	0.127408	0.0620481
875	0.127467	0.0620897
875.5	0.127242	0.0620943
876	0.0441406	0.062076
876.5	0.127459	0.0621129
877	0.127426	0.0621543
877.5	0.127527	0.0621911
878	0.127394	0.0622049
878.5	0	0.0622049
879	0	0.0622049
879.5	0	0.0622049
880	0	0.0622049
880.5	0	0.0622049
881	0.0023659	0.0619788
881.5	0.127305	0.0620154
882	0.104972	0.0620374
882.5	0	0.0620374
883	0	0.0620374
883.5	0	0.0620374
884	0	0.0620374
884.5	0	0.0620374
885	0	0.0620374
885.5	0	0.0620374
886	0	0.0620374
886.5	0	0.0620374
887	0	0.0620374
887.5	0	0.0620374
888	0	0.0620374
888.5	0	0.0620374
889	0	0.0620374
889.5	0.00104302	0.0615194
890	0.127449	0.0615607
890.5	0.127449	0.0615972
891	0.127449	0.0616338
891.5	0.127449	0.0616703
892	0.127449	0.0617068
892.5	0.127449	0.0617432
893	0.126223	0.0617792
893.5	0.127496	0.0618156
894	0.128517	0.0618568
894.5	0.127449	0.061893
895	0.127449	0.0619292
895.5	0.126929	0.0619653
896	0.128049	0.061997
896.5	0	0.061997
897	0	0.061997
897.5	0	0.061997
898	0	0.061997
898.5	0	0.061997
899	0	0.061997
899.5	0	0.061997
900	0	0.061997
900.5	0	0.061997
901	0	0.061997
901.5	0	0.061997
902	0.00907318	0.0616404
902.5	0.127413	0.0616765
903	0.127439	0.0617125
903.5	0.1275	0.061753
904	0.12766	0.061789
904.5	0.125627	0.0618244
905	0.127242	0.0618333
905.5	0	0.0618333
906	0	0.0618333
906.5	0	0.0618333
907	0	0.0618333
907.5	0	0.0618333
908	0	0.0618333
908.5	0	0.0618333
909	0.0144123	0.0616052
909.5	0.127449	0.061641
910	0.127449	0.0616768
910.5	0.127449	0.0617125
911	0.127449	0.0617526
911.5	0.127449	0.0617883
912	0.127449	0.0618239
912.5	0.127449	0.061855
913	0	0.061855
913.5	0	0.061855
914	0	0.061855
914.5	0	0.061855
915	0	0.061855
915.5	0	0.061855
916	0	0.061855
916.5	0	0.061855
917	0	0.061855
917.5	0	0.061855
918	0	0.061855
918.5	0	0.061855
919	0.0047842	0.061446
919.5	0.127449	0.0614815
920	0.127449	0.061517
920.5	0.127449	0.0615524
921	0.127449	0.0615789
921.5	0	0.0615789
922	0	0.0615789
922.5	0	0.0615789
923	0	0.0615789
923.5	0	0.0615789
924	0	0.0615789
924.5	0	0.0615789
925	0	0.0615789
925.5	0	0.0615789
926	0	0.0615789
926.5	0	0.0615789
927	0	0.0615789
927.5	0	0.0615789
928	0	0.0615789
928.5	0	0.0615789
929	0.00771094	0.0611051
929.5	0.129602	0.0611454
930	0.127449	0.0611806
930.5	0.127449	0.0612158
931	0.124272	0.0612416
931.5	0	0.0612416
932	0	0.0612416
932.5	0	0.0612416
933	0	0.0612416
933.5	0	0.0612416
934	0	0.0612416
934.5	0	0.0612416
935	0	0.0612416
935.5	0	0.0612416
936	0.00947184	0.0609656
936.5	0.0362493	0.0609484
937	0.127449	0.0609835
937.5	0.125942	0.0610181
938	0.128992	0.0610535
938.5	0.127449	0.0610885
939	0.127449	0.0611278
939.5	0.127449	0.0611627
940	0.12683	0.0611974
940.5	0.127434	0.0612322
941	0.12809	0.0612672
941.5	0.127449	0.0613019
942	0.126666	0.0613365
942.5	0.127879	0.0613669
943	0	0.0613669
943.5	0.0145223	0.0613131
944	0.127394	0.061339
944.5	0	0.061339
945	0	0.061339
945.5	0	0.061339
946	0	0.061339
946.5	0	0.061339
947	0	0.061339
947.5	0	0.061339
948	0	0.061339
948.5	0	0.061339
949	0	0.061339
949.5	0	0.061339
950	0	0.061339
950.5	0	0.061339
951	0	0.061339
951.5	0	0.061339
952	0	0.061339
952.5	0	0.061339
953	0	0.061339
953.5	0.00405828	0.0607561
954	0.127428	0.0607907
954.5	0.127444	0.0608252
955	0.125342	0.0608549
955.5	0	0.0608549
956	0	0.0608549
956.5	0	0.0608549
957	0	0.0608549
957.5	0	0.0608549
958	0	0.0608549
958.5	0	0.0608549
959	0	0.0608549
959.5	0	0.0608549
960	0.00936534	0.0605843
960.5	0.127449	0.060623
961	0.127449	0.0606574
961.5	0.127449	0.0606703
962	0	0.0606703
962.5	0	0.0606703
963	0	0.0606703
963.5	0	0.0606703
964	0	0.0606703
964.5	0	0.0606703
965	0.012331	0.0604783
965.5	0.127449	0.0605126
966	0.127449	0.0605469
966.5	0.127449	0.0605811
967	0.125438	0.0606148
967.5	0.127449	0.0606489
968	0.127227	0.060683
968.5	0.127898	0.0607172
969	0.127458	0.0607555
969.5	0.127547	0.0607895
970	0.126193	0.0608232
970.5	0.129862	0.0608577
971	0.126567	0.0608913
971.5	0.127444	0.0609252
972	0.125463	0.0609586
972.5	0.129707	0.0609929
973	0.12748	0.0610098
973.5	0	0.0610098
974	0	0.0610098
974.5	0	0.0610098
975	0	0.0610098
975.5	0	0.0610098
976	0	0.0610098
976.5	0.0167295	0.060839
977	0.127459	0.0608727
977.5	0.127366	0.0609106
978	0.12657	0.060944
978.5	0.128313	0.0609778
979	0	0.0609778
979.5	0	0.0609778
980	0	0.0609778
980.5	0	0.0609778
981	0.0124385	0.0608525
981.5	0.127449	0.060886
982	0.127449	0.0609195
982.5	0.127449	0.060953
983	0.127449	0.0609781
983.5	0	0.0609781
984	0.0277578	0.0609398
984.5	0.127449	0.0609732
985	0.127449	0.0610065
985.5	0.127449	0.0610399
986	0.127449	0.0610731
986.5	0.127449	0.0611106
987	0.127449	0.0611438
987.5	0.127449	0.0611645
988	0.0233058	0.0611386
988.5	0.12946	0.0611723
989	0.127449	0.0612054
989.5	0.127449	0.0612426
990	0.127449	0.0612757
990.5	0.127449	0.0613087
991	0.126435	0.061321
991.5	0	0.061321
992	0	0.061321
992.5	0	0.061321
993	0	0.061321
993.5	0.0167651	0.0611946
994	0.129759	0.0612281
994.5	0.125209	0.0612604
995	0.127077	0.0612768
995.5	0	0.0612768
996	0	0.0612768
996.5	0	0.0612768
997	0	0.0612768
997.5	0.019765	0.0611608
998	0.127366	0.0611731
998.5	0	0.0611731
999	0	0.0611731
999.5	0.0307661	0.0611186
1000	0.127563	0.0611514
1000.5	0.127477	0.0611883
1001	0.127455	0.0612169
1001.5	0.127398	0.0612536
1002	0.125114	0.0612857
1002.5	0.129787	0.0613189
1003	0.127568	0.0613515
1003.5	0.127325	0.061384
1004	0.127496	0.0614166
1004.5	0.127537	0.0614531
1005	0.127382	0.0614856
1005.5	0.127501	0.061518
1006	0.127434	0.0615504
1006.5	0.127366	0.0615828
1007	0.127563	0.0616151
1007.5	0.125029	0.0616468
1008	0.129948	0.0616797
1008.5	0.12463	0.0617112
1009	0.127882	0.0617435
1009.5	0.1275	0.0617797
1010	0.137828	0.0617883
1010.5	0	0.0617883
1011	0	0.0617883
1011.5	0	0.0617883
1012	0.0166774	0.0616831
1012.5	0.127449	0.0617152
1013	0.127449	0.0617473
1013.5	0.127449	0.0617833
1014	0.127449	0.0617953
1014.5	0	0.0617953
1015	0	0.0617953
1015.5	0	0.0617953
1016	0	0.0617953
1016.5	0	0.0617953
1017	0	0.0617953
1017.5	0	0.0617953
1018	0	0.0617953
1018.5	0	0.0617953
1019	0	0.0617953
1019.5	0	0.0617953
1020	0	0.0617953
1020.5	0	0.0617953
1021	0.00754697	0.0614073
1021.5	0.127449	0.0614393
1022	0.127444	0.0614712
1022.5	0.127284	0.0614871
1023	0	0.0614871
1023.5	0.0300805	0.0614469
1024	0.127449	0.0614788
1024.5	0.127449	0.0615106
1025	0.127449	0.0615424
1025.5	0.127449	0.0615742
1026	0.127449	0.0616059
1026.5	0.126375	0.0616374
1027	0.127428	0.061669
1027.5	0.127458	0.0617046
1028	0.12749	0.0617362
1028.5	0.127371	0.0617678
1029	0.127599	0.0617994
1029.5	0.123447	0.0618185
1030	0	0.0618185
1030.5	0.00659841	0.0617545
1031	0.127449	0.061786
1031.5	0.127449	0.0618175
1032	0.127449	0.0618411
1032.5	0	0.0618411
1033	0	0.0618411
1033.5	0	0.0618411
1034	0	0.0618411
1034.5	0.0118903	0.0617132
1035	0.124895	0.061744
1035.5	0.130078	0.0617759
1036	0.124905	0.0618066
1036.5	0.127501	0.0618379
1037	0.129575	0.0618737
1037.5	0.127791	0.061905
1038	0.125054	0.0619356
1038.5	0.127475	0.0619668
1039	0.129803	0.0619985
1039.5	0.125109	0.062029
1040	0.130586	0.0620608
1040.5	0.127449	0.0620958
1041	0.127449	0.0621268
1041.5	0.125076	0.0621572
1042	0.129914	0.0621888
1042.5	0.127449	0.0622197
1043	0.127449	0.0622506
1043.5	0.127449	0.0622815
1044	0.126368	0.0623121
1044.5	0.127351	0.0623429
1045	0.128515	0.0623778
1045.5	0.127449	0.062397
1046	0.101147	0.062423
1046.5	0.127449	0.0624306
1047	0.0379416	0.0624112
1047.5	0.127458	0.0624457
1048	0.127346	0.0624764
1048.5	0.128372	0.0625072
1049	0.127449	0.0625378
1049.5	0.127449	0.0625684
1050	0.124666	0.0625982
1050.5	0.127605	0.0626288
1051	0.127496	0.0626593
1051.5	0.123769	0.0626778
1052	0	0.0626778
1052.5	0	0.0626778
1053	0.0411883	0.0626426
1053.5	0.125124	0.0626725
1054	0.12733	0.0627028
1054.5	0.128493	0.0627334
1055	0.128323	0.0627639
1055.5	0.127351	0.0627942
1056	0.12809	0.0628284
1056.5	0.127449	0.0628586
1057	0.127449	0.0628888
1057.5	0.127449	0.062919
1058	0.127449	0.0629491
1058.5	0.127449	0.0629792
1059	0.127449	0.0630093
1059.5	0.127449	0.0630394
1060	0.127449	0.0630731
1060.5	0.127449	0.0631031
1061	0.127449	0.0631331
1061.5	0.127449	0.0631631
1062	0	0.0631631
1062.5	0	0.0631631
1063	0	0.0631631
1063.5	0	0.0631631
1064	0.0157647	0.0630518
1064.5	0.127449	0.0630817
1065	0.127449	0.0630892
1065.5	0	0.0630892
1066	0.0223078	0.0630352
1066.5	0.127408	0.063065
1067	0.12835	0.063095
1067.5	0.082367	0.0631037
1068	0.127449	0.0631372
1068.5	0.127449	0.0631669
1069	0.127449	0.0631966
1069.5	0.127449	0.0632263
1070	0.127449	0.063256
1070.5	0.127449	0.0632856
1071	0.127449	0.0633152
1071.5	0.127449	0.0633448
1072	0.127449	0.063378
1072.5	0.127449	0.0634075
1073	0.127449	0.063437
1073.5	0.127449	0.0634554
1074	0	0.0634554
1074.5	0	0.0634554
1075	0	0.0634554
1075.5	0	0.0634554
1076	0	0.0634554
1076.5	0	0.0634554
1077	0	0.0634554
1077.5	0	0.0634554
1078	0	0.0634554
1078.5	0	0.0634554
1079	0	0.0634554
1079.5	0	0.0634554
1080	0	0.0634554
1080.5	0	0.0634554
1081	0.0061051	0.063045
1081.5	0.127449	0.0630744
1082	0.127449	0.0631038
1082.5	0.127449	0.0631332
1083	0.126699	0.0631624
1083.5	0.12749	0.0631917
1084	0.127475	0.063221
1084.5	0.127371	0.0632503
1085	0.128132	0.0632833
1085.5	0.127449	0.0633125
1086	0.126883	0.0633416
1086.5	0.12802	0.0633709
1087	0.127449	0.0634
1087.5	0.127449	0.0634145
1088	0	0.0634145
1088.5	0	0.0634145
1089	0	0.0634145
1089.5	0	0.0634145
1090	0.00563259	0.0632664
1090.5	0.127454	0.0632955
1091	0.127361	0.0633245
1091.5	0.127449	0.0633535
1092	0.127439	0.0633825
1092.5	0.127537	0.0634115
1093	0.127444	0.0634405
1093.5	0.127465	0.0634694
1094	0.127458	0.0635019
1094.5	0.127667	0.0635308
1095	0.127449	0.0635597
1095.5	0.127449	0.0635885
1096	0.0617763	0.0635876
1096.5	0.127449	0.0636164
1097	0.127449	0.0636451
1097.5	0.127449	0.0636739
1098	0.127449	0.0637026
1098.5	0.127449	0.0637312
1099	0.127449	0.0637635
1099.5	0.127449	0.0637921
1100	0.127449	0.0638207
1100.5	0.125318	0.0638488
1101	0.127501	0.0638773
1101.5	0.127253	0.0639058
1102	0.127589	0.0639343
1102.5	0.124913	0.0639622
1103	0.122199	0.0639894
1103.5	0.137247	0.0640237
1104	0.127449	0.064052
1104.5	0.125417	0.0640799
1105	0.127387	0.0641083
1105.5	0.127428	0.0641366
1106	0.126856	0.0641647
1106.5	0.130252	0.0641936
1107	0.127449	0.0642253
1107.5	0.127449	0.0642535
1108	0.127449	0.0642817
1108.5	0.127449	0.0643099
1109	0.127449	0.064338
1109.5	0.127449	0.0643661
1110	0.127443	0.0643942
1110.5	0.127449	0.0644222
1111	0.127449	0.0644538
1111.5	0.127449	0.0644818
1112	0.127449	0.0645098
1112.5	0.127455	0.0645377
1113	0.127449	0.0645656
1113.5	0.127449	0.0645935
1114	0.127449	0.0646214
1114.5	0.127449	0.0646493
1115	0.127449	0.0646806
1115.5	0.127449	0.0647014
1116	0	0.0647014
1116.5	0	0.0647014
1117	0.0147542	0.0646299
1117.5	0.127449	0.0646576
1118	0.127449	0.0646854
1118.5	0.127449	0.0647166
1119	0.127449	0.0647443
1119.5	0.127449	0.0647719
1120	0.127449	0.0647996
1120.5	0.127449	0.0648272
1121	0.127449	0.0648548
1121.5	0.127449	0.0648824
1122	0.127449	0.0649099
1122.5	0.127449	0.0649409
1123	0.127449	0.0649684
1123.5	0.127449	0.0649959
1124	0.127449	0.0650233
1124.5	0.127449	0.0650507
1125	0.127449	0.0650781
1125.5	0.127449	0.0651055
1126	0.127449	0.0651329
1126.5	0.127449	0.0651636
1127	0.127449	0.0651704
1127.5	0	0.0651704
1128	0	0.0651704
1128.5	0	0.0651704
1129	0	0.0651704
1129.5	0.0222534	0.0650629
1130	0.131291	0.065091
1130.5	0.126449	0.0651181
1131	0.11759	0.0651398
1131.5	0.0805695	0.0651478
1132	0.160965	0.0651726
1132.5	0	0.0651726
1133	0.0193238	0.0651232
1133.5	0.150558	0.0651626
1134	0.126229	0.0651895
1134.5	0.129927	0.0652171
1135	0.127346	0.0652442
1135.5	0.129835	0.0652718
1136	0.127449	0.0652988
1136.5	0.127449	0.0653292
1137	0.127449	0.0653562
1137.5	0.127449	0.0653831
1138	0.127449	0.0654101
1138.5	0.127449	0.0654168
1139	0	0.0654168
1139.5	0	0.0654168
1140	0	0.0654168
1140.5	0	0.0654168
1141	0	0.0654168
1141.5	0	0.0654168
1142	0	0.0654168
1142.5	0	0.0654168
1143	0	0.0654168
1143.5	0	0.0654168
1144	0	0.0654168
1144.5	0	0.0654168
1145	0	0.0654168
1145.5	0	0.0654168
1146	0	0.0654168
1146.5	0	0.0654168
1147	0	0.0654168
1147.5	0	0.0654168
1148	0.00637491	0.0649089
1148.5	0.127555	0.0649392
1149	0.127392	0.064966
1149.5	0.127413	0.0649929
1150	0.124124	0.0650189
1150.5	0.129394	0.0650462
1151	0.127501	0.065073
1151.5	0.129803	0.0651002
1152	0.1275	0.0651303
1152.5	0.124725	0.0651532
1153	0	0.0651532
1153.5	0	0.0651532
1154	0	0.0651532
1154.5	0	0.0651532
1155	0	0.0651532
1155.5	0	0.0651532
1156	0	0.0651532
1156.5	0	0.0651532
1157	0	0.0651532
1157.5	0	0.0651532
1158	0	0.0651532
1158.5	0	0.0651532
1159	0.00119927	0.0647911
1159.5	0.127449	0.0648178
1160	0.127449	0.0648444
1160.5	0.127449	0.0648711
1161	0.126489	0.0648942
1161.5	0	0.0648942
1162	0	0.0648942
1162.5	0	0.0648942
1163	0	0.0648942
1163.5	0	0.0648942
1164	0	0.0648942
1164.5	0	0.0648942
1165	0	0.0648942
1165.5	0	0.0648942
1166	0	0.0648942
1166.5	0	0.0648942
1167	0	0.0648942
1167.5	0	0.0648942
1168	0	0.0648942
1168.5	0	0.0648942
1169	0	0.0648942
1169.5	0	0.0648942
1170	0	0.0648942
1170.5	0	0.0648942
1171	0	0.0648942
1171.5	0	0.0648942
1172	0	0.0648942
1172.5	0	0.0648942
1173	0	0.0648942
1173.5	0	0.0648942
1174	0	0.0648942
1174.5	0	0.0648942
1175	0	0.0648942
1175.5	0.00161113	0.0641054
1176	0.127537	0.064132
1176.5	0.12674	0.0641584
1177	0.127428	0.064185
1177.5	0.129905	0.064212
1178	0.130873	0.0642392
1178.5	0.121621	0.0642644
1179	0.125595	0.064284
1179.5	0.0562978	0.0642802
1180	0.122611	0.0643088
1180.5	0.19234	0.0643665
1181	0.125019	0.0643923
1181.5	0.115681	0.064413
1182	0.143111	0.0644459
1182.5	0.112701	0.0644602
1183	0	0.0644602
1183.5	0	0.0644602
1184	0.0286119	0.0644102
1184.5	0.127516	0.0644365
1185	0.127179	0.064466
1185.5	0.128524	0.0644925
1186	0.127449	0.0645187
1186.5	0.127449	0.0645449
1187	0.127449	0.0645711
1187.5	0.127449	0.0645972
1188	0.127449	0.0646234
1188.5	0.127449	0.0646495
1189	0.127449	0.0646788
1189.5	0.127449	0.0647016
1190	0	0.0647016
1190.5	0	0.0647016
1191	0	0.0647016
1191.5	0	0.0647016
1192	0	0.0647016
1192.5	0	0.0647016
1193	0	0.0647016
1193.5	0	0.0647016
1194	0	0.0647016
1194.5	0	0.0647016
1195	0	0.0647016
1195.5	0	0.0647016
1196	0	0.0647016
1196.5	0	0.0647016
1197	0.00104262	0.0643002
1197.5	0.127449	0.06431
1198	0	0.06431
1198.5	0	0.06431
1199	0	0.06431
1199.5	0	0.06431
1200	0	0.06431
1200.5	0	0.06431
1201	0	0.06431
1201.5	0	0.06431
1202	0	0.06431
1202.5	0	0.06431
1203	0	0.06431
1203.5	0	0.06431
1204	0	0.06431
1204.5	0	0.06431
1205	0	0.06431
1205.5	0	0.06431
1206	0.00355326	0.0638638
1206.5	0.121488	0.0638823
1207	0	0.0638823
1207.5	0.0280244	0.063849
1208	0.127516	0.063875
1208.5	0.127413	0.063901
1209	0.0919654	0.0639129
1209.5	0.126939	0.0639387
1210	0.126608	0.0639645
1210.5	0.129325	0.0639776
1211	0	0.0639776
1211.5	0	0.0639776
1212	0	0.0639776
1212.5	0	0.0639776
1213	0	0.0639776
1213.5	0	0.0639776
1214	0	0.0639776
1214.5	0	0.0639776
1215	0	0.0639776
1215.5	0	0.0639776
1216	0.0121955	0.0637303
1216.5	0.124708	0.0637525
1217	0.126645	0.0637814
1217.5	0.117629	0.0638021
1218	0.0585354	0.0637998
1218.5	0.216921	0.063859
1219	0.127361	0.0638848
1219.5	0.127568	0.0639105
1220	0.128612	0.0639397
1220.5	0.1198	0.0639608
1221	0.107282	0.063966
1221.5	0	0.063966
1222	0.0228613	0.0639197
1222.5	0.127727	0.0639454
1223	0.129868	0.0639715
1223.5	0.127426	0.0640003
1224	0.127506	0.064026
1224.5	0.12734	0.0640515
1225	0.127589	0.0640771
1225.5	0.127439	0.0641026
1226	0.127454	0.0641282
1226.5	0.127658	0.0641537
1227	0.127449	0.0641824
1227.5	0.127449	0.0642078
1228	0.127449	0.0642333
1228.5	0.127449	0.0642587
1229	0.127449	0.0642841
1229.5	0.127449	0.0643094
1230	0.127449	0.0643348
1230.5	0.127449	0.0643601
1231	0.127449	0.0643886
1231.5	0	0.0643886
1232	0	0.0643886
1232.5	0	0.0643886
1233	0	0.0643886
1233.5	0	0.0643886
1234	0	0.0643886
1234.5	0	0.0643886
1235	0.013758	0.0642245
1235.5	0.127263	0.0642497
1236	0.127803	0.064275
1236.5	0.127449	0.0643003
1237	0.127449	0.0643255
1237.5	0.127449	0.0643507
1238	0.127449	0.0643759
1238.5	0.127449	0.0643979
1239	0	0.0643979
1239.5	0.0349526	0.0643711
1240	0.127449	0.0643963
1240.5	0.127449	0.0644214
1241	0.127449	0.0644464
1241.5	0.127449	0.064459
1242	0	0.064459
1242.5	0	0.064459
1243	0	0.064459
1243.5	0	0.064459
1244	0	0.064459
1244.5	0	0.064459
1245	0	0.064459
1245.5	0	0.064459
1246	0	0.064459
1246.5	0	0.064459
1247	0	0.064459
1247.5	0	0.064459
1248	0	0.064459
1248.5	0	0.064459
1249	0	0.064459
1249.5	0	0.064459
1250	0.0071711	0.0640567
1250.5	0.128566	0.064082
1251	0.125044	0.0641065
1251.5	0.129916	0.064132
1252	0.128449	0.0641603
1252.5	0.127449	0.0641852
1253	0.127449	0.0642102
1253.5	0.127449	0.0642351
1254	0.127449	0.06426
1254.5	0.127449	0.0642849
1255	0.127449	0.0643097
1255.5	0.127449	0.0643377
1256	0.127449	0.0643625
1256.5	0.127449	0.0643873
1257	0.127449	0.064412
1257.5	0.127449	0.0644368
1258	0.127449	0.0644615
1258.5	0.127449	0.0644863
1259	0.127449	0.064511
1259.5	0.127449	0.0645387
1260	0	0.0645387
1260.5	0	0.0645387
1261	0	0.0645387
1261.5	0	0.0645387
1262	0.0126348	0.0644363
1262.5	0.127449	0.0644394
1263	0.0743129	0.0644468
1263.5	0.127449	0.0644714
1264	0.127449	0.064496
1264.5	0.12536	0.0645202
1265	0.125087	0.0645443
1265.5	0.131211	0.0645696
1266	0.127542	0.0645941
1266.5	0.127573	0.0645972
1267	0	0.0645972
1267.5	0	0.0645972
1268	0	0.0645972
1268.5	0	0.0645972
1269	0	0.0645972
1269.5	0	0.0645972
1270	0	0.0645972
1270.5	0	0.0645972
1271	0	0.0645972
1271.5	0	0.0645972
1272	0.00263282	0.064306
1272.5	0.130547	0.0643311
1273	0.0999134	0.0643466
1273.5	0.127371	0.064371
1274	0.127553	0.0643894
1274.5	0	0.0643894
1275	0	0.0643894
1275.5	0	0.0643894
1276	0	0.0643894
1276.5	0	0.0643894
1277	0	0.0643894
1277.5	0.0152994	0.064251
1278	0.127475	0.0642755
1278.5	0.128226	0.0643031
1279	0.127449	0.0643275
1279.5	0.127449	0.0643518
1280	0.127449	0.0643762
1280.5	0.127449	0.0644005
1281	0.127449	0.0644248
1281.5	0.127449	0.0644491
1282	0.127449	0.0644734
1282.5	0.127449	0.0645006
1283	0.127449	0.0645249
1283.5	0.127449	0.0645491
1284	0.127449	0.0645733
1284.5	0.127449	0.0645974
1285	0.127449	0.0646216
1285.5	0.127449	0.0646457
1286	0.127449	0.0646668
1286.5	0.0525106	0.0646612
1287	0.127449	0.0646672
1287.5	0	0.0646672
1288	0	0.0646672
1288.5	0	0.0646672
1289	0	0.0646672
1289.5	0	0.0646672
1290	0	0.0646672
1290.5	0	0.0646672
1291	0	0.0646672
1291.5	0	0.0646672
1292	0	0.0646672
1292.5	0	0.0646672
1293	0	0.0646672
1293.5	0	0.0646672
1294	0.00212063	0.0643086
1294.5	0.127449	0.0643327
1295	0.127449	0.0643567
1295.5	0.127449	0.0643808
1296	0	0.0643808
1296.5	0	0.0643808
1297	0	0.0643808
1297.5	0	0.0643808
1298	0	0.0643808
1298.5	0	0.0643808
1299	0	0.0643808
1299.5	0	0.0643808
1300	0	0.0643808
1300.5	0	0.0643808
1301	0	0.0643808
1301.5	0	0.0643808
1302	0	0.0643808
1302.5	0	0.0643808
1303	0	0.0643808
1303.5	0	0.0643808
1304	0.00552408	0.0639951
1304.5	0.126862	0.064019
1305	0.127496	0.064043
1305.5	0.127485	0.064067
1306	0.127547	0.064091
1306.5	0.12732	0.0641149
1307	0.122217	0.0641378
1307.5	0.1325	0.0641658
1308	0.127439	0.0641896
1308.5	0.125882	0.0642132
1309	0.12913	0.0642374
1309.5	0.12716	0.0642404
1310	0	0.0642404
1310.5	0	0.0642404
1311	0	0.0642404
1311.5	0	0.0642404
1312	0	0.0642404
1312.5	0.00685223	0.0640898
1313	0.124354	0.064113
1313.5	0.130702	0.0641374
1314	0.127449	0.0641434
1314.5	0	0.0641434
1315	0	0.0641434
1315.5	0.0164583	0.0640741
1316	0.12733	0.0640978
1316.5	0.127382	0.0641216
1317	0.11945	0.0641437
1317.5	0.136805	0.0641691
1318	0.127315	0.0641927
1318.5	0.116524	0.0642115
1319	0.135064	0.0642428
1319.5	0.129921	0.0642669
1320	0.12717	0.0642787
1320.5	0	0.0642787
1321	0	0.0642787
1321.5	0	0.0642787
1322	0	0.0642787
1322.5	0	0.0642787
1323	0	0.0642787
1323.5	0	0.0642787
1324	0	0.0642787
1324.5	0	0.0642787
1325	0	0.0642787
1325.5	0	0.0642787
1326	0.00250966	0.0639867
1326.5	0.127377	0.0640103
1327	0.127501	0.0640339
1327.5	0.127423	0.0640575
1328	0.125104	0.0640806
1328.5	0.131354	0.0640958
1329	0	0.0640958
1329.5	0	0.0640958
1330	0	0.0640958
1330.5	0	0.0640958
1331	0	0.0640958
1331.5	0	0.0640958
1332	0.0063892	0.0639357
1332.5	0.127449	0.0639622
1333	0.127449	0.0639857
1333.5	0.127449	0.0639946
1334	0	0.0639946
1334.5	0	0.0639946
1335	0	0.0639946
1335.5	0.013473	0.0639062
1336	0.128309	0.0639299
1336.5	0.127449	0.0639533
1337	0.127449	0.0639768
1337.5	0.127449	0.0640002
1338	0.127449	0.0640236
1338.5	0.127449	0.064047
1339	0.127449	0.0640704
1339.5	0.127449	0.0640967
1340	0.127449	0.06412
1340.5	0.127449	0.0641433
1341	0.127449	0.0641667
1341.5	0.127449	0.0641899
1342	0.127449	0.0642132
1342.5	0.127449	0.0642365
1343	0.127449	0.0642597
1343.5	0.127449	0.0642858
1344	0.127449	0.0643091
1344.5	0.127449	0.0643322
1345	0.127449	0.0643409
1345.5	0	0.0643409
1346	0	0.0643409
1346.5	0	0.0643409
1347	0	0.0643409
1347.5	0	0.0643409
1348	0	0.0643409
1348.5	0	0.0643409
1349	0	0.0643409
1349.5	0	0.0643409
1350	0	0.0643409
1350.5	0	0.0643409
1351	0	0.0643409
1351.5	0	0.0643409
1352	0	0.0643409
1352.5	0	0.0643409
1353	0	0.0643409
1353.5	0	0.0643409
1354	0.00428439	0.0639337
1354.5	0	0.0639337
1355	0	0.0639337
1355.5	0	0.0639337
1356	0.0184021	0.063862
1356.5	0.12334	0.0638843
1357	0.127553	0.0638901
1357.5	0	0.0638901
1358	0	0.0638901
1358.5	0	0.0638901
1359	0	0.0638901
1359.5	0	0.0638901
1360	0.00689982	0.0637468
1360.5	0.127449	0.0637699
1361	0.127449	0.063793
1361.5	0.127449	0.0638103
1362	0	0.0638103
1362.5	0	0.0638103
1363	0	0.0638103
1363.5	0.0112447	0.0637294
1364	0.127449	0.0637554
1364.5	0.127449	0.0637784
1365	0.127449	0.0638015
1365.5	0.127449	0.0638245
1366	0.12161	0.0638464
1366.5	0.132384	0.0638702
1367	0.127605	0.0638817
1367.5	0	0.0638817
1368	0	0.0638817
1368.5	0	0.0638817
1369	0	0.0638817
1369.5	0	0.0638817
1370	0	0.0638817
1370.5	0	0.0638817
1371	0	0.0638817
1371.5	0	0.0638817
1372	0	0.0638817
1372.5	0	0.0638817
1373	0	0.0638817
1373.5	0	0.0638817
1374	0	0.0638817
1374.5	0	0.0638817
1375	0	0.0638817
1375.5	0	0.0638817
1376	0	0.0638817
1376.5	0.00401688	0.0634559
1377	0.127449	0.0634788
1377.5	0.127449	0.0635018
1378	0.127449	0.0635247
1378.5	0.127449	0.0635333
1379	0	0.0635333
1379.5	0	0.0635333
1380	0	0.0635333
1380.5	0	0.0635333
1381	0	0.0635333
1381.5	0	0.0635333
1382	0	0.0635333
1382.5	0	0.0635333
1383	0	0.0635333
1383.5	0	0.0635333
1384	0	0.0635333
1384.5	0	0.0635333
1385	0	0.0635333
1385.5	0	0.0635333
1386	0	0.0635333
1386.5	0	0.0635333
1387	0.00266625	0.0631449
1387.5	0.127449	0.0631678
1388	0.127472	0.0631935
1388.5	0.127945	0.0632136
1389	0.125311	0.0632388
1389.5	0.129868	0.0632621
1390	0.12749	0.0632849
1390.5	0.122882	0.0633068
1391	0.132385	0.0633304
1391.5	0.12282	0.0633523
1392	0.133656	0.0633791
1392.5	0.127449	0.0634018
1393	0.127449	0.0634245
1393.5	0.127449	0.0634472
1394	0.127449	0.0634698
1394.5	0.127322	0.0634925
1395	0.127335	0.0635151
1395.5	0.127541	0.0635405
1396	0.127397	0.0635631
1396.5	0.127638	0.0635857
1397	0.127449	0.0636083
1397.5	0.127449	0.0636309
1398	0.127449	0.0636534
1398.5	0.127449	0.0636759
1399	0.127449	0.0636984
1399.5	0.127449	0.0637237
1400	0.127449	0.0637462
1400.5	0.127449	0.0637687
1401	0.127449	0.0637911
1401.5	0.127449	0.0638135
1402	0.127449	0.0638359
1402.5	0.127449	0.0638583
1403	0.127449	0.0638611
1403.5	0	0.0638611
1404	0	0.0638611
1404.5	0	0.0638611
1405	0	0.0638611
1405.5	0	0.0638611
1406	0	0.0638611
1406.5	0	0.0638611
1407	0	0.0638611
1407.5	0	0.0638611
1408	0	0.0638611
1408.5	0.00788457	0.0636233
1409	0.127449	0.0636456
1409.5	0.127449	0.063668
1410	0.127449	0.0636903
1410.5	0.127449	0.0637126
1411	0.127449	0.0637349
1411.5	0.127449	0.06376
1412	0.127449	0.0637823
1412.5	0.127449	0.0638045
1413	0.127449	0.0638212
1413.5	0	0.0638212
1414	0	0.0638212
1414.5	0	0.0638212
1415	0	0.0638212
1415.5	0.0059329	0.0637128
1416	0.127449	0.063735
1416.5	0.127449	0.0637572
1417	0.127449	0.0637794
1417.5	0.127449	0.0638016
1418	0.127449	0.0638237
1418.5	0.127449	0.0638459
1419	0.127159	0.0638679
1419.5	0.125049	0.0638896
1420	0.129628	0.0639149
1420.5	0.124861	0.0639338
1421	0	0.0639338
1421.5	0	0.0639338
1422	0	0.0639338
1422.5	0	0.0639338
1423	0	0.0639338
1423.5	0	0.0639338
1424	0	0.0639338
1424.5	0	0.0639338
1425	0	0.0639338
1425.5	0.0109032	0.063746
1426	0.120469	0.0637668
1426.5	0.126934	0.0637887
1427	0.13396	0.0638118
1427.5	0.128956	0.0638369
1428	0.127635	0.0638589
1428.5	0.127449	0.0638809
1429	0.127449	0.0639028
1429.5	0.127449	0.0639248
1430	0.127449	0.0639467
1430.5	0.127449	0.0639686
1431	0.127449	0.0639905
1431.5	0.127449	0.0640151
1432	0.127449	0.0640343
1432.5	0	0.0640343
1433	0	0.0640343
1433.5	0	0.0640343
1434	0	0.0640343
1434.5	0	0.0640343
1435	0	0.0640343
1435.5	0	0.0640343
1436	0	0.0640343
1436.5	0	0.0640343
1437	0	0.0640343
1437.5	0	0.0640343
1438	0	0.0640343
1438.5	0	0.0640343
1439	0	0.0640343
1439.5	0	0.0640343
1440	0.00485744	0.0637016
1440.5	0.127449	0.0637234
1441	0.123628	0.0637419
1441.5	0.130589	0.0637671
1442	0.127449	0.0637889
1442.5	0.127449	0.0637943
1443	0	0.0637943
1443.5	0	0.0637943
1444	0	0.0637943
1444.5	0	0.0637943
1445	0	0.0637943
1445.5	0	0.0637943
1446	0	0.0637943
1446.5	0	0.0637943
1447	0	0.0637943
1447.5	0	0.0637943
1448	0	0.0637943
1448.5	0	0.0637943
1449	0	0.0637943
1449.5	0	0.0637943
1450	0.00694934	0.0634838
1450.5	0.12749	0.0635055
1451	0.133497	0.0635283
1451.5	0.11966	0.0635486
1452	0.138197	0.0635632
1452.5	0.116867	0.0635904
1453	0.12201	0.0636086
1453.5	0.13432	0.0636342
1454	0.127428	0.0636558
1454.5	0.125109	0.0636771
1455	0.127564	0.0636988
1455.5	0.125059	0.06372
1456	0.131818	0.0637451
1456.5	0.127544	0.063764
1457	0.12536	0.0637878
1457.5	0.12747	0.0638094
1458	0.129868	0.0638314
1458.5	0.128912	0.0638531
1459	0.124415	0.0638741
1459.5	0.129796	0.0638988
1460	0.127605	0.0639203
1460.5	0.122126	0.0639382
1461	0.127364	0.0639624
1461.5	0.132285	0.0639846
1462	0.122964	0.0640052
1462.5	0.131965	0.0640135
1463	0	0.0640135
1463.5	0	0.0640135
1464	0	0.0640135
1464.5	0	0.0640135
1465	0	0.0640135
1465.5	0	0.0640135
1466	0.0123658	0.0638791
1466.5	0.127449	0.0639005
1467	0.127449	0.0639219
1467.5	0.127449	0.0639433
1468	0.127449	0.0639673
1468.5	0.127449	0.0639886
1469	0.127449	0.06401
1469.5	0.125503	0.0640309
1470	0.129457	0.0640526
1470.5	0.127449	0.0640738
1471	0.127449	0.0640951
1471.5	0.127449	0.0641164
1472	0.127449	0.0641403
1472.5	0.127449	0.0641615
1473	0.127449	0.0641827
1473.5	0.127449	0.0641906
1474	0	0.0641906
1474.5	0	0.0641906
1475	0	0.0641906
1475.5	0	0.0641906
1476	0	0.0641906
1476.5	0	0.0641906
1477	0	0.0641906
1477.5	0	0.0641906
1478	0	0.0641906
1478.5	0	0.0641906
1479	0	0.0641906
1479.5	0.00498347	0.063938
1480	0.127449	0.0639592
1480.5	0.127449	0.0639804
1481	0.127449	0.0640042
1481.5	0.127449	0.0640253
1482	0.127449	0.0640464
1482.5	0.127378	0.0640649
1483	0.125612	0.0640883
1483.5	0.127418	0.0641094
1484	0.12747	0.0641304
1484.5	0.127371	0.0641515
1485	0.129477	0.0641755
1485.5	0.127449	0.0641966
1486	0.127449	0.0642176
1486.5	0.127449	0.0642359
1487	0	0.0642359
1487.5	0	0.0642359
1488	0	0.0642359
1488.5	0	0.0642359
1489	0	0.0642359
1489.5	0	0.0642359
1490	0	0.0642359
1490.5	0	0.0642359
1491	0	0.0642359
1491.5	0	0.0642359
1492	0.00983944	0.064032
1492.5	0.127449	0.0640529
1493	0.127449	0.0640739
1493.5	0.127449	0.0640949
1494	0.127449	0.0641158
1494.5	0.127449	0.0641367
1495	0.127449	0.0641576
1495.5	0.127449	0.0641785
1496	0.127449	0.064202
1496.5	0.127449	0.0642228
1497	0.127449	0.0642437
1497.5	0.127449	0.0642645
1498	0.127449	0.0642853
1498.5	0.127449	0.0643062
1499	0.127449	0.0643269
1499.5	0.127449	0.0643477
1500	0.127449	0.0643607
1500.5	0	0.0643607
1501	0	0.0643607
1501.5	0	0.0643607
1502	0	0.0643607
1502.5	0	0.0643607
1503	0	0.0643607
1503.5	0	0.0643607
1504	0	0.0643607
1504.5	0	0.0643607
1505	0.0075153	0.0641631
1505.5	0.127449	0.0641735
1506	0	0.0641735
1506.5	0	0.0641735
1507	0	0.0641735
1507.5	0	0.0641735
1508	0	0.0641735
1508.5	0	0.0641735
1509	0	0.0641735
1509.5	0	0.0641735
1510	0	0.0641735
1510.5	0	0.0641735
1511	0	0.0641735
1511.5	0	0.0641735
1512	0	0.0641735
1512.5	0	0.0641735
1513	0	0.0641735
1513.5	0	0.0641735
1514	0	0.0641735
1514.5	0	0.0641735
1515	0	0.0641735
1515.5	0	0.0641735
1516	0	0.0641735
1516.5	0	0.0641735
1517	0	0.0641735
1517.5	0	0.0641735
1518	0.00430173	0.0636688
1518.5	0.127449	0.0636895
1519	0.127449	0.0637102
1519.5	0.127449	0.0637309
1520	0.127449	0.0637516
1520.5	0.127449	0.0637749
1521	0.127449	0.0637956
1521.5	0.127449	0.0638162
1522	0.127449	0.0638369
1522.5	0.127449	0.0638575
1523	0.127449	0.0638781
1523.5	0.127449	0.0638987
1524	0.127449	0.0639193
1524.5	0.127449	0.0639424
1525	0.127449	0.063963
1525.5	0.127449	0.0639835
1526	0.127449	0.064004
1526.5	0.127449	0.0640245
1527	0.127449	0.064045
1527.5	0.127449	0.0640655
1528	0.127449	0.064086
1528.5	0.127449	0.064109
1529	0.124033	0.0641264
1529.5	0.120196	0.0641456
1530	0.129287	0.0641663
1530.5	0.072526	0.0641693
1531	0.0999074	0.0641785
1531.5	0.168226	0.0642102
1532	0.0968566	0.0642241
1532.5	0	0.0642241
1533	0	0.0642241
1533.5	0	0.0642241
1534	0	0.0642241
1534.5	0	0.0642241
1535	0	0.0642241
1535.5	0	0.0642241
1536	0	0.0642241
1536.5	0	0.0642241
1537	0	0.0642241
1537.5	0.00712184	0.064019
1538	0.127449	0.0640394
1538.5	0.127449	0.0640597
1539	0.127449	0.0640801
1539.5	0.127449	0.0641004
1540	0.127449	0.0641207
1540.5	0.127449	0.064141
1541	0.127449	0.0641613
1541.5	0.127449	0.064184
1542	0.127449	0.0642043
1542.5	0.127449	0.0642245
1543	0.127449	0.0642321
1543.5	0	0.0642321
1544	0	0.0642321
1544.5	0	0.0642321
1545	0	0.0642321
1545.5	0.0222083	0.0641551
1546	0.127449	0.0641753
1546.5	0.125414	0.0641952
1547	0.127408	0.0642153
1547.5	0.127408	0.0642355
1548	0.110413	0.0642504
1548.5	0.127449	0.0642529
1549	0	0.0642529
1549.5	0	0.0642529
1550	0	0.0642529
1550.5	0	0.0642529
1551	0	0.0642529
1551.5	0.00226572	0.0641142
1552	0.127454	0.0641344
1552.5	0.124537	0.064154
1553	0.14999	0.0641569
1553.5	0	0.0641569
1554	0	0.0641569
1554.5	0	0.0641569
1555	0	0.0641569
1555.5	0.00270222	0.064042
1556	0.128703	0.0640623
1556.5	0.109506	0.0640749
1557	0	0.0640749
1557.5	0	0.0640749
1558	0	0.0640749
1558.5	0	0.0640749
1559	0	0.0640749
1559.5	0	0.0640749
1560	0	0.0640749
1560.5	0	0.0640749
1561	0	0.0640749
1561.5	0	0.0640749
1562	0	0.0640749
1562.5	0	0.0640749
1563	0	0.0640749
1563.5	0	0.0640749
1564	0	0.0640749
1564.5	0	0.0640749
1565	0	0.0640749
1565.5	0.00517953	0.0637322
1566	0.127495	0.0637548
1566.5	0.127465	0.0637749
1567	0.127444	0.0637949
1567.5	0.127496	0.063815
1568	0.127356	0.063835
1568.5	0.12749	0.063855
1569	0.127542	0.063875
1569.5	0.124994	0.0638946
1570	0.12967	0.0639175
1570.5	0.122245	0.0639342
1571	0.133422	0.0639577
1571.5	0.127449	0.0639776
1572	0.127449	0.0639975
1572.5	0.127449	0.0640175
1573	0.127449	0.0640374
1573.5	0.127449	0.0640572
1574	0.127449	0.0640672
1574.5	0	0.0640672
1575	0	0.0640672
1575.5	0	0.0640672
1576	0	0.0640672
1576.5	0	0.0640672
1577	0	0.0640672
1577.5	0	0.0640672
1578	0	0.0640672
1578.5	0.00816115	0.0638966
1579	0.127522	0.0639165
1579.5	0.127366	0.0639363
1580	0.121469	0.0639434
1580.5	0	0.0639434
1581	0	0.0639434
1581.5	0	0.0639434
1582	0.0172381	0.063876
1582.5	0.126886	0.0638982
1583	0.127496	0.0639032
1583.5	0.0279018	0.063884
1584	0.127459	0.0639038
1584.5	0.12774	0.0639087
1585	0	0.0639087
1585.5	0	0.0639087
1586	0	0.0639087
1586.5	0	0.0639087
1587	0	0.0639087
1587.5	0	0.0639087
1588	0	0.0639087
1588.5	0	0.0639087
1589	0	0.0639087
1589.5	0	0.0639087
1590	0	0.0639087
1590.5	0	0.0639087
1591	0	0.0639087
1591.5	0	0.0639087
1592	0	0.0639087
1592.5	0	0.0639087
1593	0	0.0639087
1593.5	0	0.0639087
1594	0	0.0639087
1594.5	0	0.0639087
1595	0	0.0639087
1595.5	0	0.0639087
1596	0	0.0639087
1596.5	0	0.0639087
1597	0	0.0639087
1597.5	0.00467766	0.0634102
1598	0.127449	0.06343
1598.5	0.127449	0.0634497
1599	0.127449	0.0634695
1599.5	0.127449	0.0634892
1600	0.127449	0.0635089
