2	0	0	0
2.5	0.0192504	0.148255	1
3	0.127449	0.135029	1
3.5	0.129708	0.549683	2
4	0.275002	0.630421	4
4.5	0.510575	0.53628	4
5	0.509915	0.52634	4
5.5	0.509983	0.521924	4
6	0.511838	0.520297	4
6.5	0.127449	0.5201	1
7	0.130822	0.697106	2
7.5	0.281637	0.617187	3
8	0.254883	0.621656	2
8.5	0.258102	1.18828	4
9	0.512258	0.902169	4
9.5	0.509763	0.896596	4
10	0.510042	0.895316	4
10.5	0.382324	0.896926	3
11	0.395352	0.782256	4
11.5	0.509702	0.794168	4
12	0.388927	0.710426	4
12.5	0.505656	1.02052	5
13	0.650587	0.871286	5
13.5	0.516911	0.864365	5
14	0.637401	0.872724	5
14.5	0.517136	0.881581	4
15	0.38491	0.817439	4
15.5	0.383802	0.825943	3
16	0.298102	0.828579	3
16.5	0.382254	0.834022	3
17	0.285199	0.833931	3
17.5	0.403443	0.832576	4
18	0.509698	0.840857	4
18.5	0.509791	0.848778	4
19	0.509836	0.855818	4
19.5	0.509755	0.862264	4
20	0.51179	0.867954	4
20.5	0.254898	0.871197	2
21	0.255172	0.762059	3
21.5	0.254934	0.766619	2
22	0.254877	0.771247	2
22.5	0.25496	0.775269	2
23	0.258399	0.671353	3
23.5	0.262558	0.664689	3
24	0.25496	0.66877	2
24.5	0.247037	0.672601	2
25	0.262889	0.52955	4
25.5	0.272527	0.530951	3
26	0.254902	0.474071	3
26.5	0.127449	0.474675	1
27	0.0138754	0.474838	1
27.5	0.0536313	0.47379	2
28	0.2599	0.472911	3
28.5	0.284418	0.457025	4
29	0.509532	0.453997	5
29.5	0.513495	0.461077	4
30	0.509741	0.466195	4
30.5	0.368124	0.469662	3
31	0.275095	0.462005	4
31.5	0.535572	0.458632	6
32	0.63478	0.425117	6
32.5	0.646045	0.431066	6
33	0.669244	0.436323	6
33.5	0.767676	0.444114	6
34	0.770452	0.451605	6
34.5	0.645543	0.446673	6
35	0.644357	0.452303	5
35.5	0.531653	0.455835	5
36	0.641438	0.46117	5
36.5	0.517794	0.464026	5
37	0.650368	0.465732	6
37.5	0.763731	0.472412	6
38	0.558346	0.473947	6
38.5	0.509713	0.478506	4
39	0.392596	0.475595	4
39.5	0.526201	0.473473	6
40	0.770351	0.478916	6
40.5	0.641657	0.475042	7
41	0.851881	0.481495	7
41.5	0.886749	0.487657	7
42	0.640041	0.492722	5
42.5	0.65794	0.496727	6
43	0.51251	0.501101	4
43.5	0.571721	0.505134	5
44	0.639004	0.509531	5
44.5	0.509548	0.512782	4
45	0.38425	0.507346	4
45.5	0.50991	0.510186	4
46	0.382332	0.51265	3
46.5	0.4278	0.514148	4
47	0.509734	0.516973	4
47.5	0.509801	0.51966	4
48	0.382363	0.521801	3
48.5	0.382683	0.523545	3
49	0.275637	0.509733	4
49.5	0.509832	0.512114	4
50	0.384317	0.499142	4
50.5	0.509532	0.50204	4
51	0.512412	0.504978	4
51.5	0.493981	0.507339	4
52	0.382285	0.509501	3
52.5	0.394581	0.510095	4
53	0.382469	0.506155	4
53.5	0.528954	0.507692	5
54	0.637795	0.511003	5
54.5	0.637204	0.514151	5
55	0.620966	0.517149	5
55.5	0.637275	0.520103	5
56	0.509848	0.522497	4
56.5	0.509786	0.524845	4
57	0.506185	0.514551	5
57.5	0.639839	0.50781	6
58	0.765838	0.511798	6
58.5	0.770278	0.515581	6
59	0.63946	0.518577	5
59.5	0.509939	0.521268	4
60	0.509953	0.523619	4
60.5	0.382213	0.525253	3
61	0.387071	0.509646	4
61.5	0.509895	0.511523	4
62	0.407874	0.50872	5
62.5	0.641786	0.503189	6
63	0.509708	0.505291	4
63.5	0.509833	0.507354	4
64	0.521525	0.503225	5
64.5	0.384021	0.50216	4
65	0.509031	0.504588	4
65.5	0.509941	0.506906	4
66	0.509806	0.509247	4
66.5	0.509786	0.511487	4
67	0.509646	0.51369	4
67.5	0.509853	0.515848	4
68	0.383166	0.517238	3
68.5	0.254898	0.51813	2
69	0.264873	0.51422	3
69.5	0.382456	0.515546	3
70	0.38264	0.516739	3
70.5	0.245874	0.507513	4
71	0.510424	0.509257	4
71.5	0.382383	0.510518	3
72	0.382357	0.51176	3
72.5	0.38229	0.513025	3
73	0.399602	0.512931	4
73.5	0.510288	0.502443	5
74	0.637372	0.504677	5
74.5	0.637291	0.506775	5
75	0.512336	0.499367	5
75.5	0.637295	0.501565	5
76	0.637178	0.503781	5
76.5	0.643594	0.500106	6
77	0.759871	0.502688	6
77.5	0.764753	0.505238	6
78	0.764919	0.507723	6
78.5	0.820229	0.509901	6
79	0.639393	0.511986	5
79.5	0.64135	0.509782	6
80	0.769551	0.512246	6
80.5	0.76719	0.514621	6
81	0.762745	0.516968	6
81.5	0.768253	0.519055	6
82	0.638608	0.520788	5
82.5	0.510909	0.521914	4
83	0.382361	0.522918	3
83.5	0.409623	0.521736	5
84	0.509853	0.523105	4
84.5	0.509687	0.524485	4
85	0.511881	0.518527	5
85.5	0.637187	0.520529	5
86	0.648411	0.51944	6
86.5	0.765259	0.521775	6
87	0.764565	0.524042	6
87.5	0.740107	0.519485	7
88	0.888145	0.522037	7
88.5	0.677558	0.5243	5
89	0.637276	0.526254	5
89.5	0.637223	0.528231	5
90	0.558364	0.529655	5
90.5	0.641337	0.528956	6
91	0.764915	0.530819	6
91.5	0.65047	0.527494	6
92	0.382332	0.52858	3
92.5	0.40707	0.528738	4
93	0.412484	0.528431	4
93.5	0.509902	0.529585	4
94	0.512177	0.527971	5
94.5	0.640707	0.528201	6
95	0.639088	0.529625	5
95.5	0.543797	0.530584	5
96	0.586535	0.531699	5
96.5	0.536603	0.531687	5
97	0.384605	0.532701	3
97.5	0.412013	0.531712	5
98	0.638041	0.531138	6
98.5	0.763691	0.533213	6
99	0.771075	0.527613	7
99.5	0.764569	0.529704	6
100	0.76794	0.531501	6
100.5	0.65942	0.532994	6
101	0.797729	0.530626	7
101.5	0.637722	0.532006	5
102	0.637007	0.533137	5
102.5	0.457256	0.533952	4
103	0.513043	0.532558	5
103.5	0.515542	0.531941	5
104	0.530669	0.532362	5
104.5	0.509931	0.533668	4
105	0.523408	0.53399	5
105.5	0.509696	0.535142	4
106	0.382343	0.536019	3
106.5	0.382383	0.536861	3
107	0.389511	0.534256	4
107.5	0.382311	0.53519	3
108	0.382078	0.535792	3
108.5	0.147464	0.530596	3
109	0.39661	0.529297	4
109.5	0.542162	0.529845	5
110	0.644313	0.531082	5
110.5	0.512865	0.530831	5
111	0.58665	0.53204	5
111.5	0.646043	0.533327	5
112	0.382337	0.534196	3
112.5	0.434606	0.534911	4
113	0.532073	0.529167	6
113.5	0.637318	0.53046	5
114	0.635542	0.527288	6
114.5	0.762806	0.529004	6
115	0.762383	0.528195	7
115.5	0.857544	0.529972	7
116	0.905125	0.53192	7
116.5	0.798168	0.533788	6
117	0.764447	0.535498	6
117.5	0.766871	0.53694	6
118	0.637131	0.53832	5
118.5	0.637425	0.539711	5
119	0.642858	0.538894	6
119.5	0.7689	0.540134	6
120	0.427982	0.536777	5
120.5	0.637434	0.538092	5
121	0.654791	0.537592	6
121.5	0.509817	0.538585	4
122	0.531882	0.538439	5
122.5	0.641476	0.539065	6
123	0.770805	0.538485	7
123.5	0.758471	0.538371	7
124	0.851625	0.539919	7
124.5	0.865681	0.541547	7
125	0.804454	0.543264	6
125.5	0.71709	0.544566	6
126	0.764864	0.546041	6
126.5	0.770178	0.54573	7
127	0.766636	0.546102	7
127.5	0.766001	0.547613	6
128	0.772929	0.548414	7
128.5	0.847606	0.549802	7
129	0.63752	0.55109	5
129.5	0.509826	0.552129	4
130	0.516678	0.553147	4
130.5	0.382898	0.553793	3
131	0.263276	0.55158	3
131.5	0.382689	0.552209	3
132	0.405411	0.552156	4
132.5	0.393439	0.550811	4
133	0.383511	0.551418	3
133.5	0.382326	0.552036	3
134	0.398119	0.548038	5
134.5	0.509911	0.548953	4
135	0.522393	0.548715	5
135.5	0.646312	0.547755	7
136	0.905644	0.549271	7
136.5	0.709949	0.550405	6
137	0.510424	0.551266	4
137.5	0.509569	0.552143	4
138	0.509672	0.553018	4
138.5	0.540013	0.551915	6
139	0.6461	0.548901	6
139.5	0.757923	0.549966	6
140	0.515158	0.549167	5
140.5	0.509744	0.550163	4
141	0.509744	0.551119	4
141.5	0.509807	0.552108	4
142	0.511549	0.55281	4
142.5	0.407751	0.551414	5
143	0.382347	0.552055	3
143.5	0.437402	0.552774	4
144	0.509895	0.553694	4
144.5	0.481947	0.549572	6
145	0.63841	0.547585	6
145.5	0.764667	0.548904	6
146	0.641519	0.549853	5
146.5	0.551473	0.548232	6
147	0.637261	0.549269	5
147.5	0.666093	0.549538	6
148	0.659164	0.550033	6
148.5	0.770948	0.551165	6
149	0.637748	0.552028	5
149.5	0.509796	0.552786	4
150	0.512512	0.552536	5
150.5	0.582375	0.553387	5
151	0.638957	0.554248	5
151.5	0.509765	0.551388	5
152	0.509827	0.552144	4
152.5	0.54083	0.552484	5
153	0.50966	0.553257	4
153.5	0.509941	0.553998	4
154	0.509605	0.55475	4
154.5	0.520042	0.554581	5
155	0.637302	0.555611	5
155.5	0.637132	0.556645	5
156	0.637446	0.557466	5
156.5	0.509786	0.558201	4
157	0.511644	0.558869	4
157.5	0.383953	0.555612	4
158	0.506964	0.551881	5
158.5	0.643258	0.549401	6
159	0.537673	0.549901	5
159.5	0.637309	0.550778	5
160	0.637406	0.551627	5
160.5	0.64379	0.551318	6
161	0.765466	0.552273	6
161.5	0.637432	0.55319	5
162	0.511893	0.553825	4
162.5	0.455498	0.551739	7
163	0.589523	0.55253	5
163.5	0.640873	0.550843	6
164	0.640705	0.551701	5
164.5	0.56101	0.552452	5
165	0.63739	0.553441	5
165.5	0.638753	0.554318	5
166	0.513001	0.553712	5
166.5	0.512256	0.554357	4
167	0.382347	0.554953	3
167.5	0.382347	0.555537	3
168	0.383689	0.553634	4
168.5	0.512525	0.551479	5
169	0.509755	0.552288	4
169.5	0.512391	0.550948	5
170	0.382347	0.551515	3
170.5	0.382347	0.552077	3
171	0.382347	0.552428	3
171.5	0.319486	0.551877	4
172	0.390606	0.550654	4
172.5	0.562683	0.550048	6
173	0.639341	0.548073	6
173.5	0.78546	0.548932	6
174	0.538921	0.549318	5
174.5	0.509759	0.549962	4
175	0.5192	0.549526	5
175.5	0.50976	0.550132	4
176	0.514354	0.547334	5
176.5	0.509765	0.547981	4
177	0.384654	0.548452	3
177.5	0.382347	0.548903	3
178	0.391199	0.547603	4
178.5	0.469601	0.547172	5
179	0.639694	0.54791	5
179.5	0.509765	0.548558	4
180	0.509931	0.549137	4
180.5	0.382347	0.549607	3
181	0.382347	0.550074	3
181.5	0.38755	0.546099	5
182	0.639441	0.545731	6
182.5	0.7648	0.546509	6
183	0.509824	0.547098	4
183.5	0.566148	0.545524	6
184	0.76235	0.546361	6
184.5	0.513404	0.546975	4
185	0.470237	0.547569	4
185.5	0.384783	0.548076	3
186	0.382958	0.548494	3
186.5	0.26656	0.547637	3
187	0.254898	0.547906	2
187.5	0.254898	0.548159	2
188	0.267657	0.546932	3
188.5	0.382285	0.547319	3
189	0.382311	0.547704	3
189.5	0.382342	0.548088	3
190	0.382389	0.548469	3
190.5	0.382311	0.548865	3
191	0.382383	0.549242	3
191.5	0.382366	0.54963	3
192	0.382368	0.550021	3
192.5	0.382249	0.550392	3
193	0.376964	0.548017	4
193.5	0.510609	0.548605	4
194	0.509792	0.549188	4
194.5	0.508279	0.547269	5
195	0.637564	0.548028	5
195.5	0.515498	0.548677	4
196	0.509786	0.549317	4
196.5	0.543036	0.549505	5
197	0.509812	0.550038	4
197.5	0.512123	0.550554	4
198	0.472977	0.550998	4
198.5	0.509915	0.551523	4
199	0.509713	0.552058	4
199.5	0.509838	0.552593	4
200	0.509796	0.553132	4
200.5	0.508034	0.54629	5
201	0.637193	0.546973	5
201.5	0.638556	0.542083	6
202	0.764597	0.542938	6
202.5	0.741052	0.537148	8
203	0.859966	0.538129	7
203.5	0.967925	0.539169	7
204	0.781135	0.540115	6
204.5	0.765562	0.540947	6
205	0.637105	0.541701	5
205.5	0.654462	0.541989	6
206	0.509827	0.542554	4
206.5	0.509855	0.543141	4
207	0.510081	0.543712	4
207.5	0.555406	0.542751	6
208	0.758794	0.542055	7
208.5	0.764591	0.542936	6
209	0.765376	0.543836	6
209.5	0.77169	0.544672	6
210	0.639576	0.545336	5
210.5	0.509786	0.545905	4
211	0.509681	0.546463	4
211.5	0.516964	0.545269	5
212	0.638009	0.545957	5
212.5	0.509827	0.546549	4
213	0.509731	0.547139	4
213.5	0.509915	0.547726	4
214	0.509775	0.548333	4
214.5	0.509838	0.548933	4
215	0.514073	0.54776	5
215.5	0.634641	0.548494	5
216	0.509733	0.544747	6
216.5	0.768296	0.543902	7
217	0.871967	0.544809	7
217.5	0.858548	0.545716	7
218	0.796851	0.546538	6
218.5	0.587083	0.546864	6
219	0.780702	0.547321	7
219.5	0.829281	0.548147	7
220	0.884306	0.549054	7
220.5	0.857855	0.548557	8
221	0.841294	0.549192	8
221.5	0.88479	0.549952	8
222	0.844161	0.550653	8
222.5	0.883734	0.551407	8
223	0.858248	0.552097	8
223.5	1.03313	0.553016	8
224	0.909419	0.553795	7
224.5	0.382332	0.55418	3
225	0.382342	0.554563	3
225.5	0.382492	0.554959	3
226	0.410765	0.554987	4
226.5	0.509812	0.555511	4
227	0.52387	0.555386	5
227.5	0.649116	0.554568	6
228	0.64383	0.553886	6
228.5	0.767896	0.554478	6
229	0.515977	0.553692	5
229.5	0.509869	0.554131	4
230	0.51024	0.554424	4
230.5	0.254898	0.554608	2
231	0.254898	0.554792	2
231.5	0.254898	0.554975	2
232	0.254898	0.555157	2
232.5	0.254898	0.555347	2
233	0.270858	0.554746	3
233.5	0.382375	0.555047	3
234	0.254883	0.555268	2
234.5	0.254924	0.555487	2
235	0.258552	0.553989	3
235.5	0.389198	0.552448	4
236	0.38254	0.552817	3
236.5	0.387088	0.551365	4
237	0.509589	0.55189	4
237.5	0.510154	0.552395	4
238	0.538875	0.550841	6
238.5	0.762882	0.551557	6
239	0.764745	0.552275	6
239.5	0.762508	0.552985	6
240	0.764613	0.553681	6
240.5	0.743812	0.554259	6
241	0.637424	0.55482	5
241.5	0.67054	0.555217	6
242	0.741666	0.555836	6
242.5	0.648346	0.556254	5
243	0.129565	0.552993	2
243.5	0.270903	0.552678	3
244	0.382316	0.552942	3
244.5	0.277913	0.552735	3
245	0.390281	0.552377	4
245.5	0.127449	0.552478	1
246	0.136387	0.551816	2
246.5	0.258469	0.550827	3
247	0.282356	0.550761	3
247.5	0.254898	0.551022	2
248	0.254898	0.551265	2
248.5	0.254898	0.551506	2
249	0.254898	0.551747	2
249.5	0.261484	0.549743	3
250	0.26904	0.549214	3
250.5	0.382869	0.543681	4
251	0.384669	0.540938	5
251.5	0.637467	0.541486	5
252	0.557139	0.541295	6
252.5	0.639769	0.54173	5
253	0.382347	0.542107	3
253.5	0.388259	0.542176	4
254	0.509786	0.542683	4
254.5	0.509759	0.543192	4
255	0.509889	0.543683	4
255.5	0.509724	0.544171	4
256	0.395844	0.543258	4
256.5	0.562813	0.543668	5
257	0.637119	0.54423	5
257.5	0.637183	0.544782	5
258	0.64132	0.543448	6
258.5	0.540244	0.543665	5
259	0.510624	0.544023	4
259.5	0.382347	0.544363	3
260	0.384927	0.541644	4
260.5	0.280326	0.541537	3
261	0.382347	0.541871	3
261.5	0.384166	0.541772	4
262	0.510211	0.54125	5
262.5	0.63724	0.541811	5
263	0.64379	0.54228	5
263.5	0.509895	0.542646	4
264	0.382285	0.542992	3
264.5	0.382404	0.543338	3
265	0.382264	0.543682	3
265.5	0.382466	0.544025	3
266	0.382337	0.544381	3
266.5	0.381699	0.542755	4
267	0.509926	0.543242	4
267.5	0.510771	0.542326	5
268	0.641346	0.542874	5
268.5	0.285709	0.543037	3
269	0.429724	0.543427	4
269.5	0.509921	0.543935	4
270	0.382254	0.544341	3
270.5	0.446648	0.540659	6
271	0.639291	0.541186	5
271.5	0.509796	0.541665	4
272	0.509796	0.542123	4
272.5	0.509796	0.542588	4
273	0.509796	0.542914	4
273.5	0.382347	0.543222	3
274	0.382347	0.543542	3
274.5	0.384808	0.537432	4
275	0.509853	0.537851	4
275.5	0.510969	0.538189	4
276	0.383438	0.537873	4
276.5	0.51196	0.537158	5
277	0.63735	0.537713	5
277.5	0.635766	0.535668	6
278	0.771115	0.536224	6
278.5	0.509574	0.534945	5
279	0.676954	0.535422	6
279.5	0.764854	0.536067	6
280	0.704421	0.536551	6
280.5	0.637727	0.537057	5
281	0.637165	0.53757	5
281.5	0.631867	0.53673	6
282	0.65883	0.537023	6
282.5	0.653555	0.53739	6
283	0.707887	0.537965	6
283.5	0.766916	0.538623	6
284	0.764883	0.539275	6
284.5	0.750593	0.539313	7
285	0.900239	0.540038	7
285.5	0.804894	0.5407	6
286	0.643596	0.541063	6
286.5	0.688246	0.541507	6
287	0.594595	0.541728	6
287.5	0.63709	0.542301	5
288	0.637378	0.542873	5
288.5	0.688505	0.542762	7
289	0.803981	0.543239	7
289.5	0.637245	0.543737	5
290	0.63342	0.541102	6
290.5	0.764457	0.541707	6
291	0.773136	0.542251	6
291.5	0.637266	0.542771	5
292	0.509734	0.543105	4
292.5	0.40559	0.543265	4
293	0.388102	0.542777	4
293.5	0.572744	0.54226	6
294	0.637294	0.542777	5
294.5	0.641554	0.543287	5
295	0.518211	0.54263	5
295.5	0.479544	0.542744	5
296	0.637313	0.543256	5
296.5	0.637209	0.543753	5
297	0.637126	0.544178	5
297.5	0.509827	0.544559	4
298	0.509765	0.544952	4
298.5	0.509854	0.545294	4
299	0.400398	0.54526	4
299.5	0.384752	0.543749	4
300	0.382301	0.544069	3
300.5	0.382482	0.544388	3
301	0.382228	0.54472	3
301.5	0.389255	0.544389	4
302	0.509391	0.542508	6
302.5	0.637207	0.543008	5
303	0.637121	0.5435	5
303.5	0.63723	0.54399	5
304	0.639655	0.544002	6
304.5	0.766216	0.544562	6
305	0.637662	0.545073	5
305.5	0.509233	0.545521	4
306	0.510263	0.545956	4
306.5	0.403019	0.545712	4
307	0.382409	0.545949	3
307.5	0.315299	0.544361	4
308	0.509948	0.544733	4
308.5	0.509747	0.545103	4
309	0.509838	0.545479	4
309.5	0.509796	0.545861	4
310	0.508085	0.545148	5
310.5	0.637636	0.545549	5
311	0.522003	0.545342	5
311.5	0.644148	0.545795	5
312	0.382321	0.546099	3
312.5	0.386264	0.545848	4
313	0.519507	0.545821	5
313.5	0.509776	0.546178	4
314	0.382494	0.546428	3
314.5	0.380197	0.541827	4
315	0.522487	0.54018	6
315.5	0.765093	0.540753	6
316	0.775138	0.541233	6
316.5	0.509924	0.541594	4
317	0.384723	0.541842	3
317.5	0.393234	0.541355	4
318	0.50966	0.54166	4
318.5	0.40184	0.541638	4
319	0.509874	0.541967	4
319.5	0.414864	0.541997	4
320	0.503372	0.542347	4
320.5	0.509988	0.542689	4
321	0.384614	0.542928	3
321.5	0.254898	0.543083	2
322	0.257454	0.541882	3
322.5	0.386254	0.541751	4
323	0.516228	0.541093	5
323.5	0.649452	0.541072	6
324	0.764608	0.541629	6
324.5	0.6381	0.542071	5
325	0.512181	0.542423	4
325.5	0.509486	0.542775	4
326	0.509957	0.543131	4
326.5	0.478213	0.543113	5
327	0.60743	0.543042	6
327.5	0.745256	0.540668	7
328	0.918967	0.541276	7
328.5	0.769089	0.541777	6
329	0.509846	0.542168	4
329.5	0.51018	0.540364	5
330	0.637427	0.54086	5
330.5	0.531676	0.541124	5
331	0.509573	0.541478	4
331.5	0.254898	0.54164	2
332	0.151161	0.540283	3
332.5	0.382347	0.54056	3
333	0.382347	0.540791	3
333.5	0.254898	0.541003	2
334	0.254898	0.541228	2
334.5	0.254898	0.54141	2
335	0.127449	0.541457	1
335.5	0.101522	0.540108	3
336	0.273942	0.539581	3
336.5	0.279673	0.539615	3
337	0.383182	0.539878	3
337.5	0.140392	0.538326	3
338	0.244852	0.538379	3
338.5	0.254955	0.538555	2
339	0.254929	0.53873	2
339.5	0.26967	0.538132	3
340	0.387479	0.536247	4
340.5	0.507438	0.534426	5
341	0.64728	0.534366	6
341.5	0.766671	0.534826	6
342	0.646935	0.53512	6
342.5	0.638906	0.534809	6
343	0.768427	0.535299	6
343.5	0.573529	0.535664	5
344	0.479079	0.53444	5
344.5	0.661686	0.534596	6
345	0.765022	0.535132	6
345.5	0.764467	0.53566	6
346	0.762471	0.535812	7
346.5	0.868893	0.536408	7
347	0.86117	0.536083	8
347.5	0.897309	0.536676	7
348	0.829202	0.537292	6
348.5	0.769381	0.537611	7
349	0.883287	0.53792	8
349.5	0.81309	0.538536	6
350	0.794021	0.538896	7
350.5	0.639456	0.539316	5
351	0.509543	0.539684	4
351.5	0.511549	0.540063	4
352	0.383338	0.540338	3
352.5	0.254898	0.540519	2
353	0.254898	0.540656	2
353.5	0.158654	0.539021	4
354	0.546391	0.539225	5
354.5	0.603879	0.539575	5
355	0.638232	0.539206	6
355.5	0.639323	0.539623	5
356	0.634849	0.540039	5
356.5	0.642286	0.540454	5
357	0.511355	0.54004	5
357.5	0.637452	0.540499	5
358	0.637292	0.540904	5
358.5	0.515256	0.541145	4
359	0.254898	0.541342	2
359.5	0.265301	0.541342	3
360	0.255897	0.540512	3
360.5	0.39193	0.539836	4
361	0.485342	0.540117	4
361.5	0.509864	0.540427	4
362	0.509626	0.540736	4
362.5	0.510071	0.541044	4
363	0.50777	0.541317	4
363.5	0.382457	0.541574	3
364	0.382421	0.541769	3
364.5	0.254872	0.541942	2
365	0.269941	0.540143	4
365.5	0.509649	0.540504	4
366	0.510095	0.540829	4
366.5	0.382249	0.541076	3
367	0.382363	0.541331	3
367.5	0.259102	0.539979	3
368	0.264036	0.536577	4
368.5	0.382414	0.536835	3
369	0.38974	0.536228	4
369.5	0.38214	0.536449	3
370	0.255293	0.536056	3
370.5	0.382618	0.536243	3
371	0.255147	0.536377	2
371.5	0.156263	0.536272	2
372	0.274631	0.536207	3
372.5	0.382292	0.53643	3
373	0.153979	0.535517	3
373.5	0.382352	0.535812	3
374	0.402118	0.53591	4
374.5	0.413124	0.535949	4
375	0.509725	0.536293	4
375.5	0.493476	0.535578	5
376	0.384099	0.53587	3
376.5	0.254898	0.535981	2
377	0.127449	0.536081	1
377.5	0.127449	0.536156	1
378	0	0.536156	0
378.5	0.0225699	0.535906	1
379	0.127449	0.536005	1
379.5	0.13427	0.535606	2
380	0.260124	0.534958	3
380.5	0.39728	0.532224	5
381	0.638002	0.528304	6
381.5	0.637512	0.528702	5
382	0.636806	0.529089	5
382.5	0.638201	0.529455	5
383	0.500924	0.529763	4
383.5	0.564263	0.529561	6
384	0.73152	0.528379	7
384.5	0.875595	0.528891	7
385	0.642069	0.529318	5
385.5	0.675828	0.529666	6
386	0.637147	0.530081	5
386.5	0.645433	0.52929	6
387	0.509686	0.529646	4
387.5	0.512571	0.529936	4
388	0.382563	0.530138	3
388.5	0.169217	0.52981	3
389	0.426736	0.52856	6
389.5	0.667978	0.52881	6
390	0.774472	0.529238	6
390.5	0.647627	0.529603	5
391	0.564162	0.529523	6
391.5	0.754082	0.5298	7
392	0.884329	0.530307	7
392.5	0.637375	0.530675	5
393	0.509455	0.531023	4
393.5	0.510141	0.531371	4
394	0.510037	0.531728	4
394.5	0.535883	0.531819	5
395	0.637265	0.532247	5
395.5	0.640334	0.532605	5
396	0.382435	0.532865	3
396.5	0.256405	0.533044	2
397	0.26702	0.532246	3
397.5	0.382347	0.532403	3
398	0.266185	0.532204	3
398.5	0.382363	0.532432	3
399	0.383009	0.530526	4
399.5	0.51379	0.530342	5
400	0.637072	0.53072	5
400.5	0.509873	0.531038	4
401	0.509801	0.531344	4
401.5	0.509791	0.53166	4
402	0.510378	0.531946	4
402.5	0.301448	0.532071	3
403	0.402684	0.532171	4
403.5	0.520342	0.530263	6
404	0.764689	0.53072	6
404.5	0.76646	0.531059	6
405	0.509893	0.531303	4
405.5	0.382389	0.531505	3
406	0.395454	0.531562	4
406.5	0.510026	0.531848	4
407	0.529731	0.530821	6
407.5	0.765627	0.531284	6
408	0.764546	0.531701	6
408.5	0.638762	0.532062	5
409	0.647809	0.531808	6
409.5	0.690487	0.532141	6
410	0.768984	0.532522	6
410.5	0.631308	0.529456	6
411	0.772337	0.529836	6
411.5	0.521634	0.529577	5
412	0.382347	0.529806	3
412.5	0.422221	0.529491	5
413	0.63733	0.529868	5
413.5	0.636779	0.530245	5
414	0.659755	0.530243	6
414.5	0.408674	0.529913	5
415	0.637689	0.530317	5
415.5	0.643054	0.530705	5
416	0.509331	0.531037	4
416.5	0.509998	0.531359	4
417	0.446038	0.531603	4
417.5	0.513	0.531073	5
418	0.637111	0.53147	5
418.5	0.645473	0.531483	6
419	0.767719	0.531958	6
419.5	0.77123	0.532379	6
420	0.626479	0.531402	7
420.5	0.764762	0.531864	6
421	0.766024	0.532316	6
421.5	0.637191	0.532699	5
422	0.648096	0.53269	6
422.5	0.768014	0.533115	6
423	0.640274	0.53168	7
423.5	0.871828	0.532164	7
424	0.77602	0.532565	6
424.5	0.637134	0.532928	5
425	0.637496	0.533281	5
425.5	0.637153	0.533644	5
426	0.646645	0.533674	6
426.5	0.762412	0.534106	6
427	0.765028	0.534543	6
427.5	0.765124	0.534462	7
428	0.884522	0.534938	7
428.5	0.796505	0.53538	6
429	0.641138	0.535657	6
429.5	0.764384	0.536079	6
430	0.744416	0.535358	7
430.5	0.871677	0.535818	7
431	0.903272	0.536297	7
431.5	0.793523	0.536737	6
432	0.700669	0.537076	6
432.5	0.76895	0.537241	7
433	0.638387	0.537599	5
433.5	0.509796	0.5379	4
434	0.509796	0.5382	4
434.5	0.509796	0.53849	4
435	0.467787	0.538748	4
435.5	0.509838	0.538995	4
436	0.382213	0.539212	3
436.5	0.383202	0.539329	3
437	0.129389	0.538613	2
437.5	0.254898	0.538732	2
438	0.254898	0.53886	2
438.5	0.254898	0.538978	2
439	0.254898	0.539096	2
439.5	0.255504	0.538687	3
440	0.274044	0.537791	4
440.5	0.509924	0.538085	4
441	0.509844	0.53838	4
441.5	0.382479	0.538601	3
442	0.382176	0.538831	3
442.5	0.409904	0.537433	5
443	0.636883	0.537802	5
443.5	0.637307	0.53816	5
444	0.642575	0.538468	5
444.5	0.509698	0.538726	4
445	0.382466	0.53894	3
445.5	0.382311	0.539153	3
446	0.381975	0.539298	3
446.5	0.170116	0.539327	2
447	0.15257	0.535084	4
447.5	0.509765	0.535345	4
448	0.510906	0.535556	4
448.5	0.391394	0.535436	4
449	0.512044	0.535698	4
449.5	0.383722	0.535893	3
450	0.258027	0.533444	3
450.5	0.387658	0.533221	4
451	0.509724	0.533473	4
451.5	0.509781	0.533701	4
452	0.382435	0.533906	3
452.5	0.384087	0.532859	4
453	0.509672	0.533134	4
453.5	0.509905	0.533416	4
454	0.526564	0.532676	6
454.5	0.509874	0.532933	4
455	0.553294	0.533129	5
455.5	0.509801	0.533388	4
456	0.509658	0.533607	4
456.5	0.40255	0.533596	4
457	0.382295	0.533776	3
457.5	0.392925	0.533518	4
458	0.516976	0.530606	7
458.5	0.846187	0.531029	7
459	0.870839	0.531465	7
459.5	0.868856	0.531906	7
460	0.880836	0.532378	7
460.5	0.764444	0.532803	6
461	0.668237	0.532917	6
461.5	0.637297	0.533173	5
462	0.511746	0.533382	4
462.5	0.387661	0.533366	4
463	0.509801	0.533612	4
463.5	0.549469	0.53278	6
464	0.639579	0.533093	5
464.5	0.63726	0.53339	5
465	0.383192	0.533587	3
465.5	0.388402	0.533563	4
466	0.516897	0.533174	5
466.5	0.509739	0.533445	4
467	0.555265	0.533626	5
467.5	0.637293	0.533946	5
468	0.639726	0.534271	5
468.5	0.634921	0.534583	5
469	0.640459	0.534317	6
469.5	0.750933	0.53469	6
470	0.775162	0.535031	6
470.5	0.664742	0.534292	7
471	0.708961	0.534634	6
471.5	0.764751	0.535012	6
472	0.763507	0.535237	7
472.5	0.928739	0.534166	8
473	0.768203	0.534492	6
473.5	0.665109	0.534642	6
474	0.509713	0.534913	4
474.5	0.513217	0.534871	5
475	0.633645	0.535197	5
475.5	0.650407	0.535213	6
476	0.637209	0.535548	5
476.5	0.637832	0.535833	5
477	0.509688	0.536083	4
477.5	0.255007	0.536208	2
478	0.307262	0.536308	3
478.5	0.382394	0.536495	3
479	0.382368	0.536682	3
479.5	0.379712	0.536272	4
480	0.523124	0.536241	5
480.5	0.637197	0.536568	5
481	0.639139	0.536896	5
481.5	0.627776	0.535822	6
482	0.639429	0.536108	5
482.5	0.522272	0.536198	5
483	0.638988	0.535184	6
483.5	0.637359	0.535459	5
484	0.50988	0.535702	4
484.5	0.383255	0.535879	3
485	0.435468	0.536006	4
485.5	0.389603	0.535695	4
486	0.541495	0.535831	5
486.5	0.509807	0.536083	4
487	0.507344	0.536259	4
487.5	0.254764	0.536397	2
488	0.26263	0.535833	3
488.5	0.254898	0.535963	2
489	0.254898	0.536093	2
489.5	0.257738	0.534587	3
490	0.394367	0.534391	4
490.5	0.514176	0.533821	5
491	0.392341	0.53343	4
491.5	0.382347	0.533628	3
492	0.38726	0.533259	4
492.5	0.509943	0.533517	4
493	0.518848	0.533479	5
493.5	0.553277	0.53365	5
494	0.509905	0.533899	4
494.5	0.521637	0.532343	6
495	0.767199	0.532717	6
495.5	0.763028	0.533087	6
496	0.764448	0.533459	6
496.5	0.76495	0.533784	6
497	0.637005	0.534028	5
497.5	0.511595	0.533724	5
498	0.637402	0.534031	5
498.5	0.637245	0.534332	5
499	0.650297	0.534589	5
499.5	0.441004	0.534773	4
500	0.509791	0.534995	4
500.5	0.382295	0.535184	3
501	0.386123	0.533933	4
501.5	0.440767	0.533558	5
502	0.643326	0.533138	6
502.5	0.637323	0.533409	5
503	0.509734	0.533664	4
503.5	0.509869	0.533918	4
504	0.509739	0.534157	4
504.5	0.382383	0.534352	3
505	0.382357	0.534546	3
505.5	0.403542	0.533714	5
506	0.50981	0.533982	4
506.5	0.509713	0.534215	4
507	0.382347	0.534404	3
507.5	0.382347	0.534602	3
508	0.382503	0.533263	4
508.5	0.513986	0.533498	4
509	0.514271	0.533456	5
509.5	0.640733	0.533728	5
510	0.509884	0.533992	4
510.5	0.509812	0.534256	4
511	0.51383	0.533557	5
511.5	0.509863	0.53382	4
512	0.532068	0.53396	5
512.5	0.636955	0.534271	5
513	0.638489	0.534582	5
513.5	0.509734	0.534824	4
514	0.509732	0.535051	4
514.5	0.256353	0.534325	3
515	0.382347	0.534485	3
515.5	0.424411	0.533097	6
516	0.764575	0.533439	6
516.5	0.637188	0.53375	5
517	0.637217	0.534054	5
517.5	0.529519	0.533729	6
518	0.764133	0.53408	6
518.5	0.764571	0.534439	6
519	0.770052	0.534744	6
519.5	0.635227	0.535036	5
520	0.642072	0.535253	5
520.5	0.382762	0.532991	4
521	0.383044	0.53317	3
521.5	0.209289	0.532981	3
522	0.38261	0.533088	3
522.5	0.127449	0.533148	1
523	0.127449	0.533208	1
523.5	0.137753	0.532992	2
524	0.264089	0.532529	3
524.5	0.382347	0.532699	3
525	0.386338	0.532198	4
525.5	0.513518	0.531402	5
526	0.510673	0.531635	4
526.5	0.510821	0.531326	5
527	0.637333	0.531612	5
527.5	0.63748	0.531892	5
528	0.517222	0.531316	5
528.5	0.634202	0.531606	5
529	0.648678	0.53071	7
529.5	0.877634	0.531096	7
530	0.888776	0.531481	7
530.5	0.793594	0.531873	6
531	0.765554	0.53222	6
531.5	0.764913	0.532573	6
532	0.776515	0.532872	6
532.5	0.508916	0.533058	4
533	0.419489	0.533175	4
533.5	0.509656	0.5334	4
534	0.509912	0.533626	4
534.5	0.516043	0.533024	5
535	0.637681	0.533297	5
535.5	0.509662	0.533513	4
536	0.509918	0.53373	4
536.5	0.382287	0.533852	3
537	0.312133	0.533943	3
537.5	0.385901	0.534059	3
538	0.128783	0.53343	2
538.5	0.254898	0.533525	2
539	0.127449	0.533567	1
539.5	0.127449	0.533609	1
540	0.14849	0.533428	2
540.5	0.257839	0.53223	3
541	0.382338	0.532389	3
541.5	0.383688	0.532533	3
542	0.325965	0.531479	5
542.5	0.621358	0.531699	5
543	0.50987	0.531911	4
543.5	0.51025	0.532125	4
544	0.510038	0.532345	4
544.5	0.509969	0.532538	4
545	0.382084	0.532716	3
545.5	0.430612	0.531661	6
546	0.766128	0.530775	7
546.5	0.637199	0.531053	5
547	0.384158	0.531228	3
547.5	0.405494	0.531264	4
548	0.509796	0.5315	4
548.5	0.509796	0.531676	4
549	0.40641	0.529592	5
549.5	0.510061	0.529779	4
550	0.382492	0.529967	3
550.5	0.382337	0.530147	3
551	0.382241	0.530334	3
551.5	0.395416	0.530257	4
552	0.396124	0.529866	4
552.5	0.382347	0.530027	3
553	0.292501	0.530099	3
553.5	0.384773	0.529686	4
554	0.509869	0.529927	4
554.5	0.5097	0.530168	4
555	0.518158	0.528804	6
555.5	0.765006	0.529141	6
556	0.764288	0.529471	6
556.5	0.764273	0.529295	7
557	0.774327	0.52965	6
557.5	0.782427	0.529873	7
558	0.764265	0.530198	6
558.5	0.749399	0.530516	6
559	0.667337	0.530697	6
559.5	0.768033	0.531007	6
560	0.638532	0.529955	6
560.5	0.764227	0.530301	6
561	0.764239	0.53064	6
561.5	0.76531	0.530985	6
562	0.76792	0.531311	6
562.5	0.509775	0.531549	4
563	0.511211	0.531752	4
563.5	0.382333	0.531366	4
564	0.510008	0.531602	4
564.5	0.509719	0.53183	4
565	0.509682	0.532065	4
565.5	0.509952	0.532292	4
566	0.510061	0.532469	4
566.5	0.382404	0.532646	3
567	0.38533	0.531739	4
567.5	0.511939	0.531938	4
568	0.388342	0.531538	4
568.5	0.509796	0.531757	4
569	0.509796	0.531969	4
569.5	0.509796	0.532185	4
570	0.53143	0.532189	5
570.5	0.637292	0.532422	5
571	0.509723	0.532651	4
571.5	0.50977	0.532881	4
572	0.511072	0.53307	4
572.5	0.382347	0.533245	3
573	0.382274	0.532099	4
573.5	0.493141	0.530789	6
574	0.767342	0.531067	6
574.5	0.51192	0.530277	5
575	0.408506	0.529767	5
575.5	0.63785	0.529998	5
576	0.515185	0.530191	4
576.5	0.39295	0.530281	4
577	0.509889	0.530491	4
577.5	0.530211	0.530521	5
578	0.639335	0.530758	5
578.5	0.509667	0.530969	4
579	0.509893	0.53118	4
579.5	0.539876	0.531279	5
580	0.638573	0.53087	6
580.5	0.764648	0.531188	6
581	0.765523	0.531494	6
581.5	0.639893	0.531746	5
582	0.539889	0.531918	5
582.5	0.636905	0.532155	5
583	0.509865	0.532378	4
583.5	0.51401	0.531599	5
584	0.512937	0.530769	5
584.5	0.637831	0.530989	5
585	0.509791	0.531208	4
585.5	0.513119	0.531231	5
586	0.637354	0.531507	5
586.5	0.636945	0.531762	5
587	0.525965	0.531736	5
587.5	0.637428	0.532009	5
588	0.636774	0.532243	5
588.5	0.509551	0.532398	4
589	0.255272	0.532462	2
589.5	0.135058	0.532418	2
590	0.143842	0.532354	2
590.5	0.127449	0.532411	1
591	0.127449	0.532467	1
591.5	0.137063	0.532295	2
592	0.254991	0.532404	2
592.5	0.264347	0.531768	4
593	0.509993	0.531979	4
593.5	0.515888	0.531667	5
594	0.384698	0.531834	3
594.5	0.385147	0.530711	4
595	0.55352	0.530858	5
595.5	0.509765	0.531067	4
596	0.552479	0.530209	6
596.5	0.767997	0.530517	6
597	0.637224	0.530782	5
597.5	0.567882	0.530984	5
598	0.63737	0.531249	5
598.5	0.646054	0.531319	6
599	0.772446	0.531602	6
599.5	0.638393	0.531817	5
600	0.384382	0.529478	4
600.5	0.52359	0.529493	5
601	0.51003	0.529691	4
601.5	0.50975	0.529888	4
602	0.509719	0.530085	4
602.5	0.516461	0.530272	4
603	0.382399	0.530422	3
603.5	0.382404	0.530573	3
604	0.382256	0.530723	3
604.5	0.393982	0.530323	4
605	0.258944	0.529841	3
605.5	0.396826	0.529903	4
606	0.524067	0.528368	6
606.5	0.738639	0.528418	7
607	0.893459	0.528752	7
607.5	0.76251	0.529009	6
608	0.640317	0.528703	6
608.5	0.764234	0.529004	6
609	0.764896	0.529299	6
609.5	0.765769	0.529592	6
610	0.636826	0.529839	5
610.5	0.637035	0.529753	6
611	0.764277	0.530055	6
611.5	0.75349	0.529912	7
612	0.84705	0.530227	7
612.5	0.902489	0.53057	7
613	0.771351	0.530549	7
613.5	0.80875	0.530815	7
614	0.916104	0.531095	7
614.5	0.50987	0.531303	4
615	0.511991	0.531512	4
615.5	0.402008	0.53156	4
616	0.509739	0.531767	4
616.5	0.512417	0.531943	4
617	0.382032	0.532099	3
617.5	0.388858	0.531839	4
618	0.396775	0.531463	4
618.5	0.382456	0.531614	3
619	0.398792	0.531512	4
619.5	0.382536	0.531648	3
620	0.272904	0.531542	3
620.5	0.300101	0.531604	3
621	0.409148	0.531549	4
621.5	0.382218	0.531697	3
622	0.382364	0.53182	3
622.5	0.254898	0.531913	2
623	0.254898	0.531991	2
623.5	0.127449	0.532044	1
624	0.127449	0.532098	1
624.5	0.128723	0.531676	2
625	0.254857	0.531786	2
625.5	0.255304	0.531852	2
626	0.127449	0.531905	1
626.5	0.127449	0.531958	1
627	0.12864	0.530633	2
627.5	0.14386	0.530501	2
628	0.254898	0.530603	2
628.5	0.283994	0.52948	4
629	0.450095	0.529647	4
629.5	0.525654	0.528289	6
630	0.637111	0.52853	5
630.5	0.637333	0.528777	5
631	0.636971	0.529018	5
631.5	0.637254	0.529264	5
632	0.640261	0.529479	5
632.5	0.509739	0.529675	4
633	0.510256	0.527995	5
633.5	0.634776	0.528199	5
634	0.385935	0.528339	3
634.5	0.382326	0.528477	3
635	0.382582	0.528528	3
635.5	0	0.528528	0
636	0.0425436	0.528483	1
636.5	0.128516	0.526977	2
637	0.262912	0.526824	3
637.5	0.382316	0.526959	3
638	0.382326	0.5271	3
638.5	0.382285	0.527235	3
639	0.382409	0.52737	3
639.5	0.388506	0.526706	4
640	0.254898	0.526804	2
640.5	0.255747	0.526188	3
641	0.254976	0.526287	2
641.5	0.256278	0.526362	2
642	0.137655	0.52628	2
642.5	0.260921	0.525667	3
643	0.382244	0.525795	3
643.5	0.254981	0.525893	2
644	0.261553	0.52555	3
644.5	0.37056	0.523676	5
645	0.528085	0.523795	5
645.5	0.6374	0.523807	6
646	0.764829	0.524096	6
646.5	0.765866	0.524361	6
647	0.637289	0.524597	5
647.5	0.639828	0.524833	5
648	0.634206	0.525069	5
648.5	0.662289	0.525147	6
649	0.637359	0.525386	5
649.5	0.63864	0.524016	6
650	0.637152	0.524244	5
650.5	0.641793	0.524284	6
651	0.769079	0.524437	7
651.5	0.824974	0.524672	7
652	0.765254	0.524925	6
652.5	0.637697	0.525168	5
653	0.645104	0.524166	7
653.5	0.900271	0.524483	7
654	0.851422	0.524729	7
654.5	0.653699	0.524691	6
655	0.637087	0.524888	5
655.5	0.520537	0.524935	5
656	0.384039	0.524852	4
656.5	0.514136	0.524863	5
657	0.639857	0.525065	5
657.5	0.558632	0.525222	5
658	0.637097	0.525448	5
658.5	0.639053	0.525669	5
659	0.516409	0.52553	5
659.5	0.512151	0.525693	4
660	0.254898	0.525784	2
660.5	0.29426	0.525842	3
661	0.429613	0.52569	5
661.5	0.645909	0.525402	6
662	0.76472	0.525679	6
662.5	0.770784	0.525929	6
663	0.511604	0.526103	4
663.5	0.382347	0.5262	3
664	0.266752	0.525887	3
664.5	0.382576	0.525116	4
665	0.510452	0.525283	4
665.5	0.382347	0.525425	3
666	0.382347	0.525573	3
666.5	0.393986	0.525438	4
667	0.510049	0.525634	4
667.5	0.509636	0.525825	4
668	0.509874	0.526016	4
668.5	0.509703	0.526206	4
669	0.509983	0.526391	4
669.5	0.384416	0.525739	4
670	0.517904	0.525304	5
670.5	0.641177	0.525016	6
671	0.769054	0.525286	6
671.5	0.385115	0.525419	3
672	0.382332	0.52555	3
672.5	0.416976	0.524651	5
673	0.532801	0.524697	5
673.5	0.520144	0.524505	5
674	0.661574	0.524607	6
674.5	0.637416	0.524834	5
675	0.637439	0.525036	5
675.5	0.51158	0.525211	4
676	0.38226	0.525358	3
676.5	0.395085	0.525058	4
677	0.516846	0.525057	5
677.5	0.525919	0.524961	5
678	0.509796	0.525155	4
678.5	0.509796	0.525313	4
679	0.382347	0.525437	3
679.5	0.135019	0.525061	2
680	0.262442	0.524555	3
680.5	0.382347	0.52469	3
681	0.382347	0.524825	3
681.5	0.382347	0.524965	3
682	0.382347	0.525081	3
682.5	0.254898	0.525171	2
683	0.254898	0.525257	2
683.5	0.254898	0.525348	2
684	0.254898	0.525433	2
684.5	0.273409	0.524422	4
685	0.509723	0.5246	4
685.5	0.509801	0.524773	4
686	0.51883	0.52434	5
686.5	0.511257	0.524484	4
687	0.256469	0.52363	3
687.5	0.266014	0.523316	3
688	0.382375	0.523464	3
688.5	0.382223	0.523605	3
689	0.382321	0.523745	3
689.5	0.384525	0.523538	4
690	0.382337	0.523678	3
690.5	0.382399	0.523818	3
691	0.382347	0.523958	3
691.5	0.382238	0.524104	3
692	0.388973	0.52367	4
692.5	0.514887	0.523351	5
693	0.638506	0.523527	5
693.5	0.391164	0.523316	4
694	0.422453	0.5234	4
694.5	0.382347	0.523544	3
695	0.382347	0.523682	3
695.5	0.382347	0.52382	3
696	0.272757	0.523709	3
696.5	0.129082	0.522839	2
697	0.254898	0.522934	2
697.5	0.262536	0.522854	3
698	0.254929	0.522945	2
698.5	0.257995	0.522495	3
699	0.382373	0.522622	3
699.5	0.390796	0.52179	5
700	0.637209	0.52201	5
700.5	0.637188	0.522231	5
701	0.638756	0.521944	6
701.5	0.635794	0.520089	6
702	0.636651	0.520312	5
702.5	0.637757	0.520533	5
703	0.63816	0.520724	5
703.5	0.511887	0.520883	4
704	0.382347	0.521003	3
704.5	0.254898	0.521098	2
705	0.270962	0.520337	4
705.5	0.509693	0.520509	4
706	0.512849	0.52041	5
706.5	0.509972	0.520556	4
707	0.386116	0.520164	4
707.5	0.52478	0.520093	5
708	0.511525	0.520268	4
708.5	0.528085	0.520287	5
709	0.514678	0.520423	4
709.5	0.38228	0.520547	3
710	0.382321	0.520675	3
710.5	0.382727	0.520783	3
711	0.254852	0.52087	2
711.5	0.280472	0.520878	3
712	0.258253	0.520956	2
712.5	0.127449	0.520998	1
713	0.135558	0.520679	2
713.5	0.254883	0.520768	2
714	0.259101	0.519802	3
714.5	0.382389	0.519942	3
715	0.382379	0.520084	3
715.5	0.383198	0.519472	4
716	0.436433	0.519562	4
716.5	0.388736	0.518467	5
717	0.338676	0.51857	3
717.5	0.431163	0.518639	4
718	0.382275	0.518749	3
718.5	0.296416	0.51825	4
719	0.558425	0.518399	5
719.5	0.634396	0.518611	5
720	0.640256	0.518812	5
720.5	0.511622	0.517762	5
721	0.639336	0.517969	5
721.5	0.570284	0.517997	6
722	0.756333	0.51774	7
722.5	0.850694	0.518022	7
723	0.873918	0.518306	7
723.5	0.850168	0.518586	7
724	0.755614	0.518864	5
724.5	0.515509	0.518386	5
725	0.63727	0.518612	5
725.5	0.637226	0.518837	5
726	0.647233	0.518851	6
726.5	0.655256	0.51884	6
727	0.639762	0.519059	5
727.5	0.637499	0.519276	5
728	0.637002	0.519463	5
728.5	0.515509	0.519221	5
729	0.509176	0.519395	4
729.5	0.391781	0.519323	4
730	0.509782	0.519478	4
730.5	0.382347	0.519554	3
731	0.127449	0.519596	1
731.5	0.127449	0.519639	1
732	0.127449	0.519687	1
732.5	0.127449	0.519729	1
733	0.133211	0.519553	2
733.5	0.270854	0.518993	4
734	0.382347	0.519108	3
734.5	0.254898	0.519175	2
735	0.137203	0.518883	2
735.5	0.258421	0.518448	3
736	0.4127	0.518503	4
736.5	0.516578	0.517738	5
737	0.508517	0.517916	4
737.5	0.542517	0.517089	6
738	0.637139	0.517298	5
738.5	0.637523	0.517506	5
739	0.669728	0.517649	6
739.5	0.637188	0.51787	5
740	0.637245	0.518068	5
740.5	0.509822	0.518243	4
741	0.509778	0.518407	4
741.5	0.478847	0.517933	5
742	0.635608	0.51744	6
742.5	0.764422	0.517702	6
743	0.767479	0.517954	6
743.5	0.637261	0.518172	5
744	0.511689	0.518346	4
744.5	0.509729	0.518519	4
745	0.509936	0.518697	4
745.5	0.520282	0.517837	6
746	0.764797	0.518095	6
746.5	0.693244	0.518301	6
747	0.760568	0.518557	6
747.5	0.768543	0.518777	6
748	0.637223	0.518985	5
748.5	0.509858	0.519154	4
749	0.5099	0.519319	4
749.5	0.513454	0.5193	5
750	0.64037	0.519499	5
750.5	0.325673	0.519585	3
751	0.39931	0.51951	4
751.5	0.420814	0.51959	4
752	0.537602	0.51961	5
752.5	0.39432	0.519686	4
753	0.524585	0.518964	6
753.5	0.6373	0.519153	5
754	0.513152	0.518374	5
754.5	0.509807	0.51854	4
755	0.512014	0.518677	4
755.5	0.382347	0.518804	3
756	0.406136	0.518635	5
756.5	0.51897	0.518436	5
757	0.637191	0.518651	5
757.5	0.637142	0.518861	5
758	0.668211	0.5185	7
758.5	0.50975	0.518638	4
759	0.383506	0.518761	3
759.5	0.350889	0.51874	4
760	0.53992	0.518793	5
760.5	0.382207	0.518925	3
761	0.382591	0.519051	3
761.5	0.381784	0.519167	3
762	0.258384	0.518505	3
762.5	0.382347	0.518623	3
763	0.382375	0.518741	3
763.5	0.396787	0.518716	4
764	0.510096	0.518876	4
764.5	0.522583	0.518499	5
765	0.533472	0.518628	4
765.5	0.38226	0.518757	3
766	0.382357	0.51888	3
766.5	0.404298	0.518387	5
767	0.567333	0.518543	5
767.5	0.641086	0.517955	6
768	0.766507	0.518166	6
768.5	0.637297	0.518372	5
769	0.637337	0.518572	5
769.5	0.666925	0.518608	6
770	0.50732	0.518776	4
770.5	0.51021	0.518915	4
771	0.416545	0.518082	5
771.5	0.645427	0.518264	5
772	0.278641	0.518178	3
772.5	0.387746	0.517643	4
773	0.393962	0.517563	4
773.5	0.383834	0.517661	3
774	0.254789	0.517742	2
774.5	0.25635	0.517813	2
775	0.149393	0.517509	3
775.5	0.254898	0.517586	2
776	0.254898	0.517659	2
776.5	0.283407	0.517635	3
777	0.254898	0.517692	2
777.5	0.130034	0.517277	2
778	0.260929	0.516839	3
778.5	0.25944	0.516786	3
779	0.390482	0.516475	4
779.5	0.382375	0.516604	3
780	0.382394	0.516707	3
780.5	0.254898	0.516788	2
781	0.254805	0.51687	2
781.5	0.25494	0.516951	2
782	0.254888	0.517033	2
782.5	0.25838	0.516916	3
783	0.382341	0.517043	3
783.5	0.384453	0.517172	3
784	0.382526	0.517278	3
784.5	0.254872	0.517358	2
785	0.254826	0.517438	2
785.5	0.260814	0.51669	3
786	0.385889	0.51679	3
786.5	0.254815	0.516865	2
787	0.25836	0.516266	3
787.5	0.38232	0.516388	3
788	0.385618	0.515172	4
788.5	0.509884	0.515329	4
789	0.470952	0.515468	4
789.5	0.518966	0.514387	6
790	0.637504	0.514588	5
790.5	0.637246	0.514784	5
791	0.639919	0.514944	5
791.5	0.520619	0.514977	5
792	0.637349	0.515179	5
792.5	0.637162	0.515366	5
793	0.418599	0.514905	5
793.5	0.667443	0.515026	6
794	0.637141	0.515232	5
794.5	0.649402	0.515177	6
795	0.775705	0.515259	7
795.5	0.768087	0.515473	6
796	0.509874	0.515627	4
796.5	0.509741	0.515785	4
797	0.509926	0.515933	4
797.5	0.409491	0.515917	4
798	0.274008	0.515837	3
798.5	0.410914	0.51588	4
799	0.509801	0.515995	4
799.5	0.384401	0.516079	3
800	0.190328	0.516115	2
800.5	0.254815	0.516196	2
801	0.255043	0.516273	2
801.5	0.254867	0.516349	2
802	0.254815	0.516359	2
802.5	0.00301168	0.51575	1
803	0.135837	0.51548	2
803.5	0.254898	0.515552	2
804	0.208806	0.515596	2
804.5	0.259257	0.515168	3
805	0.38231	0.512924	4
805.5	0.441873	0.51252	5
806	0.637214	0.512716	5
806.5	0.637168	0.512918	5
807	0.641076	0.512411	6
807.5	0.764926	0.512651	6
808	0.77102	0.51186	8
808.5	0.638841	0.512041	5
809	0.509765	0.512193	4
809.5	0.509987	0.51235	4
810	0.511963	0.512508	4
810.5	0.384306	0.51262	3
811	0.382352	0.512735	3
811.5	0.382352	0.512847	3
812	0.382332	0.512958	3
812.5	0.411834	0.512551	5
813	0.554112	0.512683	5
813.5	0.639245	0.512859	5
814	0.532602	0.512546	6
814.5	0.741343	0.512328	7
815	0.865845	0.512582	7
815.5	0.757818	0.512808	6
816	0.509731	0.512966	4
816.5	0.385952	0.512471	4
817	0.522167	0.512508	5
817.5	0.637204	0.512676	5
818	0.515518	0.512778	5
818.5	0.513166	0.512937	4
819	0.509796	0.513095	4
819.5	0.382347	0.513217	3
820	0.382347	0.513334	3
820.5	0.382347	0.51345	3
821	0.382347	0.513571	3
821.5	0.382347	0.513688	3
822	0.382347	0.513809	3
822.5	0.382347	0.513916	3
823	0.254898	0.51399	2
823.5	0.133479	0.513461	2
824	0.254851	0.513541	2
824.5	0.260901	0.512868	3
825	0.378206	0.512426	4
825.5	0.48789	0.511889	5
826	0.637506	0.512078	5
826.5	0.514915	0.512238	4
827	0.509576	0.512391	4
827.5	0.437312	0.512496	4
828	0.387916	0.512197	4
828.5	0.514762	0.511658	5
829	0.382347	0.511755	3
829.5	0.139993	0.511178	3
830	0.420418	0.51123	4
830.5	0.451854	0.511319	4
831	0.382389	0.511435	3
831.5	0.392838	0.511285	4
832	0.509456	0.511396	4
832.5	0.385509	0.511065	4
833	0.509706	0.511216	4
833.5	0.50991	0.511362	4
834	0.514339	0.511161	5
834.5	0.509853	0.511307	4
835	0.510908	0.511003	5
835.5	0.509827	0.511157	4
836	0.513425	0.510987	5
836.5	0.639352	0.510746	6
837	0.76603	0.510977	6
837.5	0.638905	0.510941	6
838	0.764799	0.511167	6
838.5	0.767113	0.51139	6
839	0.772103	0.511579	6
839.5	0.509756	0.511724	4
840	0.509993	0.511869	4
840.5	0.510673	0.511981	4
841	0.382347	0.512093	3
841.5	0.382347	0.512204	3
842	0.384627	0.511758	4
842.5	0.509643	0.511885	4
843	0.254877	0.51196	2
843.5	0.259757	0.511749	3
844	0.254898	0.511823	2
844.5	0.254898	0.511896	2
845	0.254898	0.511974	2
845.5	0.278259	0.511941	3
846	0.382455	0.512058	3
846.5	0.382617	0.512156	3
847	0.254851	0.512232	2
847.5	0.25495	0.512308	2
848	0.262007	0.512035	3
848.5	0.390914	0.511369	5
849	0.517553	0.510772	5
849.5	0.667202	0.510916	6
850	0.639427	0.511112	5
850.5	0.641563	0.511292	5
851	0.526812	0.510349	6
851.5	0.382363	0.510462	3
852	0.382233	0.510576	3
852.5	0.412237	0.510634	4
853	0.509946	0.510792	4
853.5	0.515393	0.510035	5
854	0.638226	0.510215	5
854.5	0.509796	0.510335	4
855	0.403647	0.510394	4
855.5	0.509858	0.510546	4
856	0.520655	0.510382	5
856.5	0.634495	0.510129	6
857	0.764694	0.510361	6
857.5	0.772641	0.510075	7
858	0.764931	0.510305	6
858.5	0.764772	0.510531	6
859	0.764328	0.51076	6
859.5	0.765056	0.510855	7
860	0.772802	0.511077	6
860.5	0.638199	0.511229	5
861	0.509759	0.51138	4
861.5	0.509848	0.51153	4
862	0.509682	0.511676	4
862.5	0.509832	0.511822	4
863	0.524588	0.511771	5
863.5	0.637157	0.511954	5
864	0.641184	0.511885	6
864.5	0.764415	0.512081	6
865	0.637717	0.512268	5
865.5	0.639467	0.512123	6
866	0.76437	0.511336	7
866.5	0.848007	0.511561	7
867	0.769979	0.511618	7
867.5	0.90673	0.511876	7
868	0.647755	0.512068	5
868.5	0.53305	0.512165	4
869	0.254898	0.512237	2
869.5	0.281766	0.511976	4
870	0.5165	0.512001	5
870.5	0.649239	0.512042	6
871	0.765501	0.512261	6
871.5	0.766101	0.512458	6
872	0.383004	0.512565	3
872.5	0.420946	0.512639	4
873	0.513129	0.512437	5
873.5	0.637187	0.512625	5
874	0.638513	0.512804	5
874.5	0.509832	0.51296	4
875	0.50969	0.513116	4
875.5	0.52551	0.513116	5
876	0.426488	0.51321	4
876.5	0.509807	0.513355	4
877	0.509773	0.513489	4
877.5	0.382425	0.513594	3
878	0.382292	0.513677	3
878.5	0.260223	0.513556	3
879	0.254898	0.513624	2
879.5	0.257575	0.513142	3
880	0.385562	0.512398	4
880.5	0.498496	0.512533	4
881	0.398419	0.511698	6
881.5	0.773236	0.511622	7
882	0.838782	0.511851	7
882.5	0.840787	0.512054	6
883	0.637424	0.51224	5
883.5	0.637355	0.512425	5
884	0.643284	0.512602	5
884.5	0.519877	0.51238	5
885	0.638989	0.512534	5
885.5	0.420897	0.512617	4
886	0.513889	0.512462	5
886.5	0.573227	0.512602	5
887	0.654505	0.512625	6
887.5	0.76471	0.512839	6
888	0.765367	0.512994	6
888.5	0.390979	0.513036	4
889	0.509796	0.513154	4
889.5	0.38073	0.512735	4
890	0.509755	0.512853	4
890.5	0.402838	0.512565	5
891	0.509782	0.512708	4
891.5	0.509845	0.512851	4
892	0.382285	0.512958	3
892.5	0.392142	0.512776	4
893	0.426124	0.512782	5
893.5	0.637411	0.512962	5
894	0.640844	0.513119	5
894.5	0.338436	0.512922	4
895	0.509693	0.513059	4
895.5	0.517856	0.513087	5
896	0.640564	0.512656	6
896.5	0.498887	0.512768	4
897	0.432728	0.51265	5
897.5	0.635795	0.512824	5
898	0.637292	0.512993	5
898.5	0.641412	0.513125	5
899	0.481984	0.513222	4
899.5	0.382435	0.51332	3
900	0.382249	0.513419	3
900.5	0.381432	0.512765	4
901	0.512136	0.512907	4
901.5	0.516439	0.512817	5
902	0.644113	0.512629	6
902.5	0.762587	0.512839	6
903	0.764831	0.513048	6
903.5	0.764909	0.513258	6
904	0.768941	0.513453	6
904.5	0.600499	0.513034	7
905	0.769711	0.513221	6
905.5	0.642277	0.512966	6
906	0.751968	0.513135	6
906.5	0.50991	0.513272	4
907	0.509879	0.513384	4
907.5	0.382347	0.513482	3
908	0.314921	0.513146	5
908.5	0.509911	0.513286	4
909	0.524146	0.513192	5
909.5	0.651738	0.513209	6
910	0.766376	0.51341	6
910.5	0.642275	0.513256	6
911	0.578464	0.513407	5
911.5	0.637095	0.513587	5
912	0.637291	0.513767	5
912.5	0.657365	0.513823	6
913	0.509796	0.513938	4
913.5	0.414299	0.513994	4
914	0.382347	0.514105	3
914.5	0.382347	0.514212	3
915	0.382347	0.514319	3
915.5	0.382347	0.514429	3
916	0.382347	0.514535	3
916.5	0.382347	0.514619	3
917	0.254898	0.514688	2
917.5	0.254898	0.514757	2
918	0.254898	0.514831	2
918.5	0.254898	0.514899	2
919	0.259682	0.514559	3
919.5	0.383699	0.513894	4
920	0.382389	0.513999	3
920.5	0.413743	0.513793	5
921	0.639925	0.513082	6
921.5	0.637064	0.513253	5
922	0.637738	0.513414	5
922.5	0.509558	0.513549	4
923	0.509207	0.513662	4
923.5	0.382342	0.513771	3
924	0.382379	0.51388	3
924.5	0.38251	0.513985	3
925	0.389713	0.513886	4
925.5	0.254898	0.513958	2
926	0.257399	0.512869	4
926.5	0.385942	0.512086	4
927	0.509755	0.512192	4
927.5	0.382347	0.512295	3
928	0.382347	0.512401	3
928.5	0.382347	0.512504	3
929	0.395492	0.51183	5
929.5	0.511975	0.511967	4
930	0.380185	0.512074	3
930.5	0.382383	0.512178	3
931	0.38158	0.512272	3
931.5	0.274106	0.511673	5
932	0.511524	0.511801	4
932.5	0.384814	0.511901	3
933	0.397627	0.511925	4
933.5	0.509858	0.512063	4
934	0.51227	0.511677	5
934.5	0.639569	0.511852	5
935	0.634834	0.512025	5
935.5	0.639332	0.512167	5
936	0.391871	0.511996	4
936.5	0.418534	0.512087	4
937	0.509946	0.512226	4
937.5	0.518034	0.511219	6
938	0.766866	0.511401	6
938.5	0.637167	0.511579	5
939	0.637121	0.511733	5
939.5	0.509796	0.511874	4
940	0.530516	0.511606	6
940.5	0.764358	0.511813	6
941	0.766893	0.512003	6
941.5	0.637266	0.512174	5
942	0.671839	0.512309	6
942.5	0.764634	0.51248	6
943	0.509884	0.512598	4
943.5	0.396827	0.512648	4
944	0.541227	0.512707	5
944.5	0.382399	0.512808	3
945	0.38446	0.512896	3
945.5	0.268589	0.512784	3
946	0.382223	0.51288	3
946.5	0.42802	0.512792	5
947	0.646513	0.512902	5
947.5	0.310173	0.512376	4
948	0.53057	0.51241	5
948.5	0.52997	0.512468	5
949	0.509905	0.512604	4
949.5	0.521732	0.51261	5
950	0.383969	0.512715	3
950.5	0.390314	0.512696	4
951	0.382301	0.512799	3
951.5	0.382836	0.51287	3
952	0.254898	0.512937	2
952.5	0.265386	0.512916	3
953	0.267229	0.512826	3
953.5	0.247178	0.511989	5
954	0.637631	0.512154	5
954.5	0.637095	0.51232	5
955	0.630184	0.511122	6
955.5	0.639874	0.51129	5
956	0.635026	0.511439	5
956.5	0.513641	0.511559	4
957	0.3936	0.511203	4
957.5	0.382518	0.5113	3
958	0.397651	0.511314	4
958.5	0.509977	0.511443	4
959	0.509687	0.511576	4
959.5	0.512098	0.51171	4
960	0.521186	0.511573	5
960.5	0.617966	0.511712	5
961	0.509976	0.511841	4
961.5	0.511995	0.511945	4
962	0.254934	0.512007	2
962.5	0.25482	0.51207	2
963	0.254888	0.512135	2
963.5	0.255012	0.512197	2
964	0.26446	0.511266	4
964.5	0.514281	0.51137	4
965	0.267229	0.511244	3
965.5	0.382986	0.510749	4
966	0.540435	0.510807	5
966.5	0.637219	0.510967	5
967	0.636741	0.510763	6
967.5	0.766957	0.51096	6
968	0.761743	0.511154	6
968.5	0.776622	0.511325	6
969	0.63834	0.51146	5
969.5	0.509895	0.511585	4
970	0.511753	0.510897	5
970.5	0.637295	0.511061	5
971	0.640975	0.511073	6
971.5	0.63987	0.511237	5
972	0.627225	0.510936	6
972.5	0.771098	0.51112	6
973	0.637054	0.511266	5
973.5	0.51618	0.511323	5
974	0.643925	0.51148	5
974.5	0.514585	0.511584	4
975	0.382383	0.511678	3
975.5	0.382343	0.511775	3
976	0.337322	0.511373	4
976.5	0.527245	0.511176	6
977	0.767242	0.511374	6
977.5	0.764079	0.51157	6
978	0.745777	0.511753	6
978.5	0.765632	0.511925	6
979	0.527917	0.511305	6
979.5	0.637126	0.511465	5
980	0.637478	0.511625	5
980.5	0.639497	0.511769	5
981	0.519134	0.511737	5
981.5	0.257261	0.511591	3
982	0.382373	0.511693	3
982.5	0.382254	0.511791	3
983	0.384003	0.511881	3
983.5	0.264009	0.511813	3
984	0.410105	0.511858	4
984.5	0.382347	0.511937	3
985	0.127449	0.51197	1
985.5	0.145699	0.511404	3
986	0.386906	0.511068	4
986.5	0.519309	0.511085	5
987	0.63744	0.511248	5
987.5	0.637274	0.511398	5
988	0.548012	0.51133	6
988.5	0.766786	0.511516	6
989	0.637224	0.511685	5
989.5	0.637298	0.511854	5
990	0.637196	0.512018	5
990.5	0.637484	0.512183	5
991	0.656984	0.51219	6
991.5	0.639494	0.512349	5
992	0.509765	0.512452	4
992.5	0.386737	0.512006	4
993	0.509786	0.512125	4
993.5	0.399128	0.512101	4
994	0.529566	0.51213	5
994.5	0.637473	0.512298	5
995	0.636681	0.512445	5
995.5	0.37983	0.511572	4
996	0.511459	0.5117	4
996.5	0.509662	0.511828	4
997	0.535246	0.511892	5
997.5	0.657483	0.511941	6
998	0.755949	0.511722	7
998.5	0.644625	0.511881	5
999	0.626156	0.511991	6
999.5	0.832208	0.512049	7
1000	0.382471	0.512149	3
1000.5	0.382323	0.512249	3
1001	0.402644	0.511597	6
1001.5	0.766988	0.511789	6
1002	0.760839	0.511972	6
1002.5	0.637106	0.512129	5
1003	0.637349	0.512288	5
1003.5	0.641113	0.512441	5
1004	0.521589	0.512315	5
1004.5	0.637291	0.512472	5
1005	0.637199	0.512625	5
1005.5	0.637328	0.512782	5
1006	0.637211	0.512939	5
1006.5	0.637183	0.513091	5
1007	0.637344	0.513237	5
1007.5	0.509791	0.512887	5
1008	0.6378	0.513049	5
1008.5	0.642211	0.512914	6
1009	0.512488	0.512618	5
1009.5	0.682686	0.512764	6
1010	0.779035	0.512941	6
1010.5	0.663147	0.513015	6
1011	0.611817	0.513135	5
1011.5	0.516932	0.513209	5
1012	0.652821	0.513265	6
1012.5	0.764621	0.513435	6
1013	0.516316	0.513424	5
1013.5	0.637235	0.513585	5
1014	0.637928	0.513726	5
1014.5	0.509791	0.513847	4
1015	0.382311	0.51394	3
1015.5	0.426152	0.514016	4
1016	0.514899	0.513935	5
1016.5	0.637259	0.514084	5
1017	0.509931	0.51421	4
1017.5	0.509848	0.51434	4
1018	0.50934	0.514446	4
1018.5	0.382321	0.514542	3
1019	0.33324	0.514613	3
1019.5	0.382347	0.5147	3
1020	0.281942	0.5143	4
1020.5	0.509687	0.514418	4
1021	0.390016	0.514127	4
1021.5	0.51601	0.513968	5
1022	0.509889	0.514093	4
1022.5	0.516303	0.514136	5
1023	0.509486	0.51426	4
1023.5	0.422346	0.514157	5
1024	0.638767	0.513929	6
1024.5	0.637116	0.51409	5
1025	0.637288	0.514251	5
1025.5	0.637309	0.514412	5
1026	0.6527	0.514481	6
1026.5	0.780872	0.514435	7
1027	0.509775	0.51454	4
1027.5	0.382356	0.514638	3
1028	0.382389	0.514732	3
1028.5	0.382269	0.514826	3
1029	0.385347	0.514756	4
1029.5	0.508267	0.514873	4
1030	0.382372	0.514954	3
1030.5	0.260487	0.514956	3
1031	0.386479	0.514789	4
1031.5	0.509804	0.514901	4
1032	0.385819	0.514987	3
1032.5	0.308497	0.514685	4
1033	0.430795	0.514766	4
1033.5	0.509713	0.514876	4
1034	0.382347	0.514965	3
1034.5	0.394237	0.514927	4
1035	0.520397	0.513023	6
1035.5	0.637967	0.513176	5
1036	0.636898	0.513329	5
1036.5	0.637251	0.513478	5
1037	0.646215	0.513232	6
1037.5	0.64021	0.513374	5
1038	0.505043	0.513494	4
1038.5	0.509874	0.513612	4
1039	0.513073	0.513723	4
1039.5	0.382517	0.51381	3
1040	0.38752	0.513732	4
1040.5	0.509879	0.513853	4
1041	0.382333	0.513944	3
1041.5	0.382416	0.514032	3
1042	0.38241	0.514119	3
1042.5	0.394009	0.514098	4
1043	0.512199	0.514202	4
1043.5	0.382333	0.514284	3
1044	0.268436	0.51356	4
1044.5	0.510773	0.512662	5
1045	0.642299	0.512758	5
1045.5	0.341269	0.512708	4
1046	0.483577	0.512809	4
1046.5	0.412953	0.51285	4
1047	0.409763	0.512917	4
1047.5	0.510013	0.513026	4
1048	0.382244	0.513116	3
1048.5	0.297344	0.512963	4
1049	0.510342	0.51308	4
1049.5	0.382347	0.513171	3
1050	0.386456	0.512376	5
1050.5	0.628597	0.512012	6
1051	0.764777	0.512194	6
1051.5	0.77049	0.512212	7
1052	0.635404	0.51236	5
1052.5	0.637503	0.512505	5
1053	0.662245	0.512588	6
1053.5	0.687064	0.512725	6
1054	0.764234	0.5129	6
1054.5	0.765843	0.512556	7
1055	0.779364	0.512738	6
1055.5	0.637384	0.51289	5
1056	0.513773	0.512992	4
1056.5	0.254898	0.513052	2
1057	0.264326	0.512987	3
1057.5	0.254898	0.513049	2
1058	0.254898	0.513111	2
1058.5	0.254898	0.513174	2
1059	0.26703	0.512865	4
1059.5	0.509775	0.51299	4
1060	0.509724	0.513114	4
1060.5	0.512447	0.512968	5
1061	0.382347	0.513058	3
1061.5	0.414917	0.513111	4
1062	0.386144	0.512723	4
1062.5	0.381126	0.512207	4
1063	0.517352	0.511923	5
1063.5	0.509886	0.512042	4
1064	0.389117	0.511988	4
1064.5	0.244634	0.512047	2
1065	0.256479	0.51178	3
1065.5	0.260772	0.511695	3
1066	0.404655	0.511731	4
1066.5	0.509755	0.511851	4
1067	0.383249	0.511945	3
1067.5	0.335179	0.512013	3
1068	0.382238	0.512107	3
1068.5	0.388075	0.511821	4
1069	0.520018	0.511634	5
1069.5	0.637095	0.511779	5
1070	0.637012	0.511928	5
1070.5	0.6375	0.512074	5
1071	0.63738	0.512222	5
1071.5	0.514938	0.511935	5
1072	0.517509	0.511784	5
1072.5	0.644421	0.511924	5
1073	0.509802	0.512049	4
1073.5	0.514275	0.512149	4
1074	0.254908	0.512211	2
1074.5	0.254908	0.512274	2
1075	0.257117	0.512313	2
1075.5	0.0100416	0.512157	1
1076	0	0.512157	0
1076.5	0	0.512157	0
1077	0	0.512157	0
1077.5	0	0.512157	0
1078	0	0.512157	0
1078.5	0.0122141	0.511986	1
1079	0.133795	0.510896	3
1079.5	0.387706	0.51048	4
1080	0.509624	0.510601	4
1080.5	0.510107	0.510719	4
1081	0.51573	0.510426	5
1081.5	0.508704	0.509963	5
1082	0.637023	0.51011	5
1082.5	0.643792	0.510242	5
1083	0.56517	0.51035	5
1083.5	0.637419	0.510497	5
1084	0.637581	0.510625	5
1084.5	0.509719	0.510737	4
1085	0.403679	0.510235	5
1085.5	0.63723	0.51038	5
1086	0.636385	0.510258	6
1086.5	0.76697	0.510411	6
1087	0.640224	0.510541	5
1087.5	0.509796	0.510649	4
1088	0.391912	0.510663	4
1088.5	0.403544	0.510725	4
1089	0.523086	0.51072	5
1089.5	0.513179	0.50994	5
1090	0.641722	0.50994	6
1090.5	0.7635	0.510081	6
1091	0.578039	0.510204	5
1091.5	0.637245	0.510356	5
1092	0.637235	0.510481	5
1092.5	0.519706	0.510466	5
1093	0.509791	0.510582	4
1093.5	0.509812	0.510701	4
1094	0.509805	0.510821	4
1094.5	0.510014	0.510911	4
1095	0.386404	0.51065	4
1095.5	0.396457	0.510571	4
1096	0.443994	0.510637	4
1096.5	0.405951	0.509949	5
1097	0.509838	0.510045	4
1097.5	0.382347	0.51011	3
1098	0.264465	0.509876	3
1098.5	0.284143	0.509863	3
1099	0.397789	0.509892	4
1099.5	0.509827	0.510008	4
1100	0.509786	0.510123	4
1100.5	0.517477	0.510051	5
1101	0.637427	0.510195	5
1101.5	0.636857	0.510343	5
1102	0.6488	0.510267	6
1102.5	0.738045	0.510086	7
1103	0.873447	0.510276	7
1103.5	0.705392	0.510415	6
1104	0.541682	0.510509	5
1104.5	0.632948	0.510063	6
1105	0.764699	0.510235	6
1105.5	0.764893	0.510407	6
1106	0.756752	0.510448	7
1106.5	0.79383	0.5106	6
1107	0.64867	0.510687	6
1107.5	0.621151	0.510804	5
1108	0.509796	0.510916	4
1108.5	0.509796	0.511031	4
1109	0.509796	0.511143	4
1109.5	0.509796	0.511233	4
1110	0.261457	0.510924	3
1110.5	0.412253	0.510976	4
1111	0.543692	0.510827	6
1111.5	0.637245	0.510972	5
1112	0.637245	0.511113	5
1112.5	0.637251	0.511225	5
1113	0.382347	0.511313	3
1113.5	0.396327	0.511278	4
1114	0.509796	0.511395	4
1114.5	0.509796	0.511491	4
1115	0.254898	0.511552	2
1115.5	0.268571	0.511444	3
1116	0.29471	0.510972	4
1116.5	0.520321	0.510988	5
1117	0.650216	0.511047	6
1117.5	0.64807	0.510949	6
1118	0.637323	0.511072	5
1118.5	0.509863	0.511191	4
1119	0.524865	0.511237	5
1119.5	0.262033	0.511172	3
1120	0.413059	0.511036	5
1120.5	0.6433	0.511108	6
1121	0.639771	0.511252	5
1121.5	0.639341	0.511378	5
1122	0.509905	0.511488	4
1122.5	0.509589	0.511601	4
1123	0.51953	0.511592	5
1123.5	0.638448	0.511461	6
1124	0.640013	0.511603	5
1124.5	0.637059	0.51174	5
1125	0.637637	0.511881	5
1125.5	0.510528	0.511995	4
1126	0.509853	0.512105	4
1126.5	0.509781	0.512218	4
1127	0.518607	0.512128	5
1127.5	0.392973	0.510839	5
1128	0.637138	0.510978	5
1128.5	0.513224	0.511095	4
1129	0.548463	0.511178	5
1129.5	0.657199	0.511211	6
1130	0.76435	0.51094	7
1130.5	0.844166	0.511121	7
1131	0.792845	0.511069	8
1131.5	0.859186	0.511221	8
1132	1.05875	0.51141	8
1132.5	0.84486	0.511571	7
1133	0.917097	0.511695	8
1133.5	1.15038	0.511909	7
1134	0.676285	0.512075	5
1134.5	0.63737	0.512215	5
1135	0.666472	0.512287	6
1135.5	0.643985	0.512405	5
1136	0.521734	0.512403	5
1136.5	0.637228	0.512535	5
1137	0.509848	0.512646	4
1137.5	0.524985	0.512651	5
1138	0.637235	0.512761	5
1138.5	0.376907	0.512438	5
1139	0.537499	0.512505	5
1139.5	0.510455	0.512597	4
1140	0.441737	0.512411	5
1140.5	0.637266	0.512551	5
1141	0.510128	0.512659	4
1141.5	0.383303	0.51273	3
1142	0.335909	0.512799	3
1142.5	0.40891	0.512573	5
1143	0.63724	0.512712	5
1143.5	0.630012	0.512635	6
1144	0.76927	0.512665	7
1144.5	0.894223	0.512852	7
1145	0.86894	0.513012	7
1145.5	0.382151	0.513096	3
1146	0.382432	0.513173	3
1146.5	0.254924	0.513233	2
1147	0.254935	0.513292	2
1147.5	0.283244	0.513298	3
1148	0.388681	0.512874	4
1148.5	0.509931	0.512988	4
1149	0.509719	0.513098	4
1149.5	0.520066	0.512986	5
1150	0.640845	0.512564	7
1150.5	0.890368	0.512741	7
1151	0.765085	0.512906	6
1151.5	0.768695	0.513072	6
1152	0.762143	0.513236	6
1152.5	0.766169	0.513371	6
1153	0.48267	0.513471	4
1153.5	0.512148	0.513131	5
1154	0.509682	0.513242	4
1154.5	0.509874	0.513351	4
1155	0.511495	0.513421	4
1155.5	0.263784	0.513416	3
1156	0.256147	0.512936	4
1156.5	0.525527	0.512923	5
1157	0.637042	0.513054	5
1157.5	0.509806	0.513159	4
1158	0.384762	0.513225	3
1158.5	0.2417	0.513276	2
1159	0.293634	0.51294	4
1159.5	0.522546	0.512864	5
1160	0.513565	0.512939	4
1160.5	0.254898	0.512993	2
1161	0.299323	0.513024	3
1161.5	0.281037	0.512828	4
1162	0.509936	0.512937	4
1162.5	0.428737	0.513011	4
1163	0.514252	0.512931	5
1163.5	0.641388	0.512646	6
1164	0.764778	0.512776	6
1164.5	0.390606	0.51245	4
1165	0.509703	0.512542	4
1165.5	0.382416	0.512628	3
1166	0.382311	0.512703	3
1166.5	0.278568	0.512608	4
1167	0.396605	0.512551	4
1167.5	0.382409	0.51263	3
1168	0.382259	0.512708	3
1168.5	0.382492	0.512787	3
1169	0.391598	0.512622	4
1169.5	0.514256	0.512732	4
1170	0.512069	0.512675	5
1170.5	0.640798	0.512473	6
1171	0.636926	0.512607	5
1171.5	0.653291	0.512516	6
1172	0.759506	0.512676	6
1172.5	0.716996	0.512804	6
1173	0.637393	0.512941	5
1173.5	0.62372	0.513055	5
1174	0.524288	0.513125	5
1174.5	0.507281	0.513233	4
1175	0.514615	0.513099	5
1175.5	0.636923	0.512442	6
1176	0.775521	0.512587	6
1176.5	0.641451	0.51251	6
1177	0.764773	0.512671	6
1177.5	0.76471	0.512832	6
1178	0.773914	0.512882	7
1178.5	0.843564	0.513049	7
1179	0.878656	0.51298	8
1179.5	0.848425	0.513119	8
1180	0.965912	0.51329	8
1180.5	0.839294	0.513435	8
1181	0.817307	0.513566	8
1181.5	0.952065	0.513736	8
1182	0.922561	0.513886	8
1182.5	0.853876	0.514046	7
1183	0.842688	0.514241	6
1183.5	0.808936	0.514378	5
1184	0.606476	0.514421	6
1184.5	0.637307	0.514556	5
1185	0.653293	0.51461	6
1185.5	0.791564	0.514629	7
1186	0.382347	0.514712	3
1186.5	0.382347	0.514791	3
1187	0.382347	0.51487	3
1187.5	0.382347	0.514948	3
1188	0.382347	0.515027	3
1188.5	0.382347	0.515096	3
1189	0.254898	0.515151	2
1189.5	0.267266	0.515011	3
1190	0.260066	0.514367	4
1190.5	0.538711	0.514139	6
1191	0.44038	0.513892	5
1191.5	0.637237	0.514024	5
1192	0.639094	0.514143	5
1192.5	0.509574	0.514249	4
1193	0.509703	0.514352	4
1193.5	0.510029	0.514455	4
1194	0.383676	0.514514	3
1194.5	0.254898	0.514567	2
1195	0.254898	0.514622	2
1195.5	0.264179	0.51444	3
1196	0.127449	0.514469	1
1196.5	0.137893	0.514351	2
1197	0.25443	0.513651	4
1197.5	0.511906	0.513741	4
1198	0.382244	0.513822	3
1198.5	0.383083	0.513869	3
1199	0.127449	0.513897	1
1199.5	0.127449	0.513926	1
1200	0.127449	0.513954	1
1200.5	0.127449	0.513986	1
1201	0.127449	0.514014	1
1201.5	0.129372	0.513645	2
1202	0.259166	0.513499	3
1202.5	0.382477	0.513577	3
1203	0.385319	0.513277	4
1203.5	0.509863	0.513382	4
1204	0.509781	0.513483	4
1204.5	0.383317	0.513077	4
1205	0.382338	0.513158	3
1205.5	0.382238	0.513236	3
1206	0.393185	0.512506	5
1206.5	0.643058	0.512517	6
1207	0.666703	0.511847	6
1207.5	0.537834	0.51191	5
1208	0.531742	0.511989	5
1208.5	0.637007	0.512117	5
1209	0.600681	0.511982	6
1209.5	0.685253	0.5121	6
1210	0.636892	0.512213	5
1210.5	0.52078	0.512246	5
1211	0.380836	0.512323	3
1211.5	0.382461	0.512398	3
1212	0.38229	0.512472	3
1212.5	0.382383	0.51255	3
1213	0.388435	0.512318	4
1213.5	0.509781	0.512418	4
1214	0.509579	0.512512	4
1214.5	0.38712	0.512267	4
1215	0.510698	0.512141	5
1215.5	0.637472	0.51227	5
1216	0.653426	0.512147	6
1216.5	0.713379	0.511917	7
1217	0.851826	0.512082	7
1217.5	0.857184	0.512252	7
1218	0.868682	0.51242	7
1218.5	0.737422	0.512351	6
1219	0.762483	0.51251	6
1219.5	0.764924	0.512667	6
1220	0.771536	0.512748	7
1220.5	0.868247	0.512915	7
1221	0.912765	0.512943	8
1221.5	0.637456	0.513058	5
1222	0.501272	0.513062	6
1222.5	0.651551	0.513186	5
1223	0.438339	0.51321	5
1223.5	0.509773	0.513309	4
1224	0.382404	0.513381	3
1224.5	0.254789	0.513434	2
1225	0.261769	0.513434	3
1225.5	0.396189	0.513145	5
1226	0.509801	0.513249	4
1226.5	0.510006	0.513329	4
1227	0.382347	0.513403	3
1227.5	0.254898	0.513454	2
1228	0.254898	0.513509	2
1228.5	0.254898	0.51356	2
1229	0.256991	0.513404	3
1229.5	0.382347	0.513465	3
1230	0.254898	0.513514	2
1230.5	0.254898	0.513562	2
1231	0.254898	0.513613	2
1231.5	0.128955	0.51311	2
1232	0.141508	0.51247	3
1232.5	0.385849	0.512084	4
1233	0.523933	0.512001	5
1233.5	0.402808	0.512002	4
1234	0.509796	0.51207	4
1234.5	0.254898	0.512121	2
1235	0.280931	0.511837	5
1235.5	0.636877	0.511964	5
1236	0.641205	0.512083	5
1236.5	0.511824	0.512166	4
1237	0.434324	0.51221	4
1237.5	0.382476	0.512277	3
1238	0.277369	0.512253	3
1238.5	0.391629	0.512035	4
1239	0.382513	0.512109	3
1239.5	0.427131	0.512029	5
1240	0.636989	0.512157	5
1240.5	0.636722	0.512279	5
1241	0.492943	0.512373	4
1241.5	0.509784	0.512466	4
1242	0.387845	0.512167	4
1242.5	0.51334	0.511518	5
1243	0.562308	0.51162	5
1243.5	0.637245	0.511731	5
1244	0.514298	0.511525	5
1244.5	0.636925	0.51165	5
1245	0.51394	0.511743	4
1245.5	0.382347	0.51182	3
1246	0.382347	0.511896	3
1246.5	0.382347	0.511973	3
1247	0.382347	0.512052	3
1247.5	0.385898	0.511995	4
1248	0.509755	0.512093	4
1248.5	0.39503	0.51212	4
1249	0.382347	0.512199	3
1249.5	0.39644	0.511533	5
1250	0.516843	0.511229	5
1250.5	0.653875	0.511212	7
1251	0.775677	0.511346	6
1251.5	0.640708	0.511463	5
1252	0.510631	0.511541	4
1252.5	0.273372	0.511518	3
1253	0.38242	0.511597	3
1253.5	0.382324	0.511676	3
1254	0.382342	0.511752	3
1254.5	0.38347	0.511382	4
1255	0.509936	0.511485	4
1255.5	0.509858	0.511591	4
1256	0.518677	0.511489	5
1256.5	0.63745	0.51162	5
1257	0.636996	0.51175	5
1257.5	0.642212	0.511599	6
1258	0.760882	0.511742	6
1258.5	0.642155	0.511574	6
1259	0.765135	0.511726	6
1259.5	0.764339	0.511881	6
1260	0.647571	0.51201	5
1260.5	0.510497	0.512107	4
1261	0.429122	0.512173	4
1261.5	0.511011	0.512263	4
1262	0.392525	0.512236	4
1262.5	0.532851	0.512025	6
1263	0.708548	0.512158	6
1263.5	0.766367	0.512309	6
1264	0.637313	0.512438	5
1264.5	0.660512	0.512531	6
1265	0.764614	0.512672	6
1265.5	0.638536	0.512606	6
1266	0.765098	0.512761	6
1266.5	0.775614	0.512808	7
1267	0.638831	0.51207	6
1267.5	0.77106	0.512217	6
1268	0.637256	0.512339	5
1268.5	0.637245	0.512464	5
1269	0.637204	0.512586	5
1269.5	0.663936	0.51266	6
1270	0.764321	0.512809	6
1270.5	0.6373	0.512938	5
1271	0.637214	0.513063	5
1271.5	0.637276	0.513188	5
1272	0.639091	0.512769	7
1272.5	0.849074	0.512927	7
1273	0.734512	0.513062	6
1273.5	0.639394	0.513186	5
1274	0.639137	0.513285	5
1274.5	0.350713	0.513349	3
1275	0.38406	0.513175	4
1275.5	0.382368	0.513252	3
1276	0.395443	0.513202	4
1276.5	0.478989	0.51329	4
1277	0.520878	0.513238	5
1277.5	0.524964	0.513186	5
1278	0.577648	0.513139	6
1278.5	0.765408	0.51301	7
1279	0.764721	0.51316	6
1279.5	0.779394	0.513302	6
1280	0.635185	0.513427	5
1280.5	0.637371	0.513549	5
1281	0.639342	0.513657	5
1281.5	0.515432	0.513545	5
1282	0.509822	0.513643	4
1282.5	0.509786	0.513738	4
1283	0.258741	0.513709	3
1283.5	0.430915	0.513768	4
1284	0.509842	0.513867	4
1284.5	0.509574	0.513944	4
1285	0.382357	0.514017	3
1285.5	0.386677	0.513752	4
1286	0.382409	0.513822	3
1286.5	0.30746	0.513865	3
1287	0.382233	0.51392	3
1287.5	0.256902	0.513963	2
1288	0.135366	0.513803	2
1288.5	0.127449	0.513827	1
1289	0.139209	0.513822	2
1289.5	0.127449	0.513846	1
1290	0.127449	0.51387	1
1290.5	0.134391	0.513013	3
1291	0.379948	0.51307	3
1291.5	0.144448	0.512647	3
1292	0.384743	0.512553	4
1292.5	0.509734	0.512649	4
1293	0.509843	0.51274	4
1293.5	0.382363	0.512813	3
1294	0.382999	0.512509	4
1294.5	0.254801	0.51256	2
1295	0.255007	0.512609	2
1295.5	0.254877	0.512657	2
1296	0.156558	0.512603	2
1296.5	0.127449	0.512631	1
1297	0.127449	0.512655	1
1297.5	0.127449	0.51268	1
1298	0.134907	0.512519	2
1298.5	0.254898	0.512568	2
1299	0.254898	0.512617	2
1299.5	0.254898	0.512665	2
1300	0.259111	0.512276	3
1300.5	0.382373	0.512352	3
1301	0.382192	0.512424	3
1301.5	0.382461	0.5125	3
1302	0.382352	0.512575	3
1302.5	0.382275	0.512648	3
1303	0.382337	0.51272	3
1303.5	0.379643	0.512239	4
1304	0.515134	0.511949	5
1304.5	0.637111	0.510871	6
1305	0.764832	0.511013	6
1305.5	0.76497	0.511159	6
1306	0.767185	0.511305	6
1306.5	0.762421	0.511437	6
1307	0.69205	0.511052	7
1307.5	0.804123	0.511214	6
1308	0.76481	0.511356	6
1308.5	0.757674	0.510718	7
1309	0.773781	0.510864	6
1309.5	0.76509	0.510973	6
1310	0.509672	0.511051	4
1310.5	0.382347	0.511127	3
1311	0.382347	0.511184	3
1311.5	0.260096	0.511029	3
1312	0.269648	0.51083	4
1312.5	0.387075	0.510744	4
1313	0.425904	0.510729	5
1313.5	0.513379	0.510826	4
1314	0.543057	0.510885	5
1314.5	0.510337	0.510847	5
1315	0.637199	0.51097	5
1315.5	0.650398	0.51102	6
1316	0.764029	0.511166	6
1316.5	0.764591	0.511309	6
1317	0.770735	0.510845	8
1317.5	0.895616	0.511002	7
1318	0.769323	0.511147	6
1318.5	0.774437	0.511224	7
1319	0.894135	0.511373	7
1319.5	0.637355	0.511489	5
1320	0.509517	0.511569	4
1320.5	0.254898	0.511616	2
1321	0.254898	0.511667	2
1321.5	0.290355	0.51168	3
1322	0.397571	0.511639	4
1322.5	0.382347	0.511699	3
1323	0.254898	0.511734	2
1323.5	0.130718	0.511521	2
1324	0.259325	0.511322	3
1324.5	0.417846	0.511357	4
1325	0.515183	0.511287	5
1325.5	0.309999	0.511328	3
1326	0.418357	0.510871	6
1326.5	0.672992	0.510951	6
1327	0.761491	0.511086	6
1327.5	0.637379	0.511204	5
1328	0.641842	0.511277	6
1328.5	0.78315	0.511275	7
1329	0.637183	0.511395	5
1329.5	0.637565	0.511479	5
1330	0.411104	0.511503	4
1330.5	0.509739	0.511598	4
1331	0.509813	0.511693	4
1331.5	0.515908	0.511177	5
1332	0.511607	0.51111	5
1332.5	0.509902	0.511205	4
1333	0.509743	0.511301	4
1333.5	0.400469	0.511201	4
1334	0.388581	0.511235	4
1334.5	0.321442	0.510939	5
1335	0.509301	0.511037	4
1335.5	0.523515	0.511038	5
1336	0.513285	0.511119	4
1336.5	0.382383	0.51119	3
1337	0.382311	0.51126	3
1337.5	0.384678	0.511328	3
1338	0.254898	0.511378	2
1338.5	0.26372	0.511237	3
1339	0.399443	0.51076	5
1339.5	0.653538	0.510762	6
1340	0.76442	0.510897	6
1340.5	0.705143	0.51102	6
1341	0.637105	0.511136	5
1341.5	0.637318	0.511253	5
1342	0.63739	0.511372	5
1342.5	0.637173	0.511488	5
1343	0.640331	0.511228	6
1343.5	0.63738	0.511334	5
1344	0.431893	0.511393	4
1344.5	0.509869	0.511486	4
1345	0.382347	0.511529	3
1345.5	0.170892	0.511369	4
1346	0.50946	0.511462	4
1346.5	0.511646	0.511531	4
1347	0.254898	0.511557	2
1347.5	0.168665	0.511561	2
1348	0.269224	0.511524	3
1348.5	0.254898	0.511569	2
1349	0.254898	0.511614	2
1349.5	0.254898	0.511661	2
1350	0.254898	0.511706	2
1350.5	0.254898	0.51175	2
1351	0.26367	0.51128	4
1351.5	0.509796	0.511374	4
1352	0.509775	0.511465	4
1352.5	0.509874	0.511558	4
1353	0.485194	0.511641	4
1353.5	0.507796	0.511731	4
1354	0.513969	0.511417	5
1354.5	0.510487	0.510932	5
1355	0.637622	0.511048	5
1355.5	0.636986	0.511167	5
1356	0.651213	0.511193	6
1356.5	0.639337	0.511307	5
1357	0.509553	0.511361	4
1357.5	0.254898	0.51141	2
1358	0.266226	0.511408	3
1358.5	0.39871	0.510421	5
1359	0.509827	0.510513	4
1359.5	0.509667	0.510608	4
1360	0.517356	0.510489	6
1360.5	0.755132	0.510628	6
1361	0.779629	0.510755	6
1361.5	0.653559	0.510657	6
1362	0.63478	0.510774	5
1362.5	0.637093	0.510892	5
1363	0.636878	0.511007	5
1363.5	0.649726	0.510912	7
1364	0.740161	0.511036	6
1364.5	0.639517	0.511138	5
1365	0.543551	0.511212	5
1365.5	0.557812	0.511301	5
1366	0.644648	0.511321	6
1366.5	0.772106	0.511443	6
1367	0.637594	0.511531	5
1367.5	0.382347	0.511585	3
1368	0.30637	0.511626	3
1368.5	0.398769	0.511369	5
1369	0.368329	0.511351	4
1369.5	0.509698	0.51144	4
1370	0.509786	0.51153	4
1370.5	0.539737	0.511551	5
1371	0.509708	0.511642	4
1371.5	0.509801	0.511725	4
1372	0.39971	0.511732	4
1372.5	0.509775	0.51181	4
1373	0.386004	0.511681	4
1373.5	0.384464	0.510582	4
1374	0.509796	0.510678	4
1374.5	0.509796	0.510771	4
1375	0.509796	0.510864	4
1375.5	0.509796	0.510959	4
1376	0.455949	0.511019	4
1376.5	0.386364	0.510631	4
1377	0.257643	0.510417	3
1377.5	0.385317	0.510254	4
1378	0.399542	0.510242	4
1378.5	0.564333	0.510313	5
1379	0.515955	0.51029	5
1379.5	0.63722	0.510392	5
1380	0.506082	0.510452	4
1380.5	0.254851	0.510499	2
1381	0.254907	0.510547	2
1381.5	0.254403	0.51056	2
1382	0.00342544	0.510461	1
1382.5	0.133594	0.51025	2
1383	0.254898	0.510298	2
1383.5	0.260773	0.51025	3
1384	0.382182	0.510306	3
1384.5	0.254898	0.510356	2
1385	0.268037	0.510111	4
1385.5	0.382301	0.510183	3
1386	0.387102	0.510039	4
1386.5	0.526438	0.510075	5
1387	0.507937	0.50976	5
1387.5	0.509786	0.509854	4
1388	0.514689	0.509949	4
1388.5	0.513526	0.509641	5
1389	0.627678	0.509756	5
1389.5	0.640135	0.509869	5
1390	0.647496	0.509868	6
1390.5	0.576144	0.509112	6
1391	0.637525	0.509224	5
1391.5	0.637951	0.509339	5
1392	0.659181	0.509445	5
1392.5	0.385452	0.509505	3
1393	0.254893	0.50955	2
1393.5	0.285945	0.509558	3
1394	0.38601	0.509454	4
1394.5	0.516101	0.509229	5
1395	0.509372	0.509326	4
1395.5	0.514153	0.509189	5
1396	0.510305	0.509282	4
1396.5	0.384012	0.509347	3
1397	0.348875	0.50941	3
1397.5	0.387403	0.509416	4
1398	0.509905	0.509491	4
1398.5	0.382306	0.509559	3
1399	0.396313	0.509587	4
1399.5	0.514104	0.509452	5
1400	0.509964	0.509547	4
1400.5	0.515164	0.509296	5
1401	0.637359	0.509413	5
1401.5	0.637297	0.509527	5
1402	0.63695	0.509644	5
1402.5	0.63833	0.509445	6
1403	0.771595	0.509564	6
1403.5	0.638315	0.509666	5
1404	0.509929	0.509748	4
1404.5	0.382321	0.509815	3
1405	0.382466	0.509883	3
1405.5	0.39264	0.509727	4
1406	0.509579	0.509818	4
1406.5	0.382451	0.509888	3
1407	0.382337	0.509944	3
1407.5	0.254841	0.509993	2
1408	0.296831	0.509846	4
1408.5	0.518936	0.509683	5
1409	0.56623	0.509767	5
1409.5	0.631914	0.509883	5
1410	0.648326	0.509167	6
1410.5	0.637836	0.509278	5
1411	0.673739	0.509375	6
1411.5	0.755889	0.509493	6
1412	0.511481	0.509583	4
1412.5	0.511329	0.509428	5
1413	0.434806	0.509481	4
1413.5	0.382194	0.509549	3
1414	0.385932	0.509147	4
1414.5	0.510009	0.509219	4
1415	0.389163	0.509157	4
1415.5	0.387846	0.509103	4
1416	0.456036	0.509173	4
1416.5	0.518021	0.50906	5
1417	0.605734	0.509163	5
1417.5	0.63879	0.509262	5
1418	0.386626	0.509086	4
1418.5	0.50991	0.509174	4
1419	0.517348	0.50912	5
1419.5	0.649511	0.509155	6
1420	0.764588	0.509281	6
1420.5	0.688924	0.50938	6
1421	0.509843	0.509473	4
1421.5	0.511428	0.509364	5
1422	0.509832	0.509455	4
1422.5	0.509424	0.509524	4
1423	0.254898	0.509569	2
1423.5	0.275484	0.509516	3
1424	0.389958	0.509509	4
1424.5	0.509804	0.509599	4
1425	0.509931	0.509687	4
1425.5	0.540918	0.509509	6
1426	0.745181	0.509132	7
1426.5	0.858833	0.509279	7
1427	1.0348	0.509442	7
1427.5	0.768153	0.509579	6
1428	0.771288	0.509701	6
1428.5	0.534571	0.509771	5
1429	0.571389	0.509864	5
1429.5	0.636954	0.509979	5
1430	0.637238	0.510093	5
1430.5	0.637071	0.510205	5
1431	0.637582	0.510317	5
1431.5	0.641693	0.50997	6
1432	0.76483	0.510103	6
1432.5	0.64907	0.509968	6
1433	0.637929	0.510066	5
1433.5	0.517408	0.509965	5
1434	0.673412	0.510051	6
1434.5	0.768032	0.510187	6
1435	0.760567	0.510322	6
1435.5	0.774883	0.510318	7
1436	0.894127	0.510463	7
1436.5	0.766469	0.510576	6
1437	0.637971	0.510686	5
1437.5	0.662353	0.510748	6
1438	0.762427	0.510881	6
1438.5	0.76233	0.511015	6
1439	0.768847	0.51112	6
1439.5	0.509838	0.511208	4
1440	0.514648	0.510963	5
1440.5	0.637266	0.511076	5
1441	0.648473	0.510925	7
1441.5	0.902552	0.511062	7
1442	0.637157	0.511176	5
1442.5	0.649645	0.511134	6
1443	0.634563	0.511236	5
1443.5	0.50991	0.511326	4
1444	0.513441	0.511383	4
1444.5	0.254898	0.51143	2
1445	0.254898	0.511476	2
1445.5	0.254898	0.511521	2
1446	0.274102	0.51149	3
1446.5	0.408132	0.511115	6
1447	0.753844	0.511233	6
1447.5	0.637612	0.511075	6
1448	0.676053	0.511134	6
1448.5	0.382435	0.511197	3
1449	0.490871	0.511166	6
1449.5	0.767115	0.511288	6
1450	0.665911	0.511061	7
1450.5	0.773307	0.511163	7
1451	0.877022	0.511306	7
1451.5	0.832911	0.511441	7
1452	0.922208	0.511593	7
1452.5	0.865235	0.511734	7
1453	0.755296	0.511852	6
1453.5	0.636618	0.511961	5
1454	0.645434	0.512069	5
1454.5	0.382393	0.512133	3
1455	0.404803	0.512057	5
1455.5	0.637375	0.512167	5
1456	0.642384	0.511943	6
1456.5	0.769278	0.512075	6
1457	0.760125	0.512205	6
1457.5	0.654915	0.512213	6
1458	0.76508	0.512347	6
1458.5	0.76997	0.512465	6
1459	0.535059	0.512503	5
1459.5	0.638426	0.512317	6
1460	0.757647	0.512445	6
1460.5	0.763667	0.512576	6
1461	0.790657	0.512616	7
1461.5	0.764446	0.512744	6
1462	0.805045	0.512843	7
1462.5	0.772015	0.512962	6
1463	0.665796	0.513029	6
1463.5	0.511158	0.513108	4
1464	0.254908	0.513151	2
1464.5	0.261066	0.512946	3
1465	0.382404	0.513014	3
1465.5	0.382414	0.513079	3
1466	0.394697	0.513012	4
1466.5	0.509755	0.513101	4
1467	0.522788	0.51306	5
1467.5	0.637168	0.51317	5
1468	0.637364	0.51328	5
1468.5	0.637183	0.513387	5
1469	0.637314	0.513484	5
1469.5	0.516362	0.513063	6
1470	0.766761	0.513182	6
1470.5	0.636901	0.513293	5
1471	0.516624	0.513368	4
1471.5	0.382347	0.513428	3
1472	0.254898	0.513475	2
1472.5	0.287286	0.513331	4
1473	0.525915	0.513314	5
1473.5	0.385132	0.512723	5
1474	0.51837	0.512788	4
1474.5	0.382347	0.51285	3
1475	0.384263	0.512746	4
1475.5	0.382347	0.512805	3
1476	0.254898	0.512849	2
1476.5	0.254898	0.51289	2
1477	0.254898	0.512931	2
1477.5	0.254898	0.512974	2
1478	0.268146	0.512723	4
1478.5	0.509838	0.512808	4
1479	0.511993	0.512881	4
1479.5	0.386705	0.51269	4
1480	0.509713	0.512775	4
1480.5	0.510149	0.512843	4
1481	0.386122	0.512661	4
1481.5	0.515666	0.512654	5
1482	0.55609	0.512736	5
1482.5	0.575738	0.512358	7
1483	0.764629	0.51248	6
1483.5	0.637173	0.512585	5
1484	0.641571	0.512229	6
1484.5	0.637033	0.512336	5
1485	0.639587	0.512432	5
1485.5	0.403258	0.512328	5
1486	0.636945	0.512433	5
1486.5	0.655185	0.51248	6
1487	0.637168	0.512587	5
1487.5	0.638688	0.512665	5
1488	0.382347	0.512731	3
1488.5	0.297079	0.512694	4
1489	0.509719	0.51278	4
1489.5	0.509838	0.512853	4
1490	0.38229	0.512918	3
1490.5	0.428234	0.512967	4
1491	0.509439	0.513053	4
1491.5	0.382833	0.513103	3
1492	0.264593	0.51294	3
1492.5	0.382471	0.513003	3
1493	0.412445	0.513029	4
1493.5	0.509788	0.513106	4
1494	0.382347	0.513169	3
1494.5	0.382347	0.513201	3
1495	0.127449	0.513222	1
1495.5	0.133752	0.512944	2
1496	0.254898	0.512988	2
1496.5	0.263235	0.512704	4
1497	0.510295	0.512777	4
1497.5	0.382373	0.512839	3
1498	0.386188	0.5127	4
1498.5	0.388997	0.512603	4
1499	0.509781	0.512687	4
1499.5	0.50991	0.51276	4
1500	0.382347	0.512815	3
1500.5	0.293469	0.512243	4
1501	0.382347	0.512308	3
1501.5	0.206934	0.512302	3
1502	0.382492	0.512366	3
1502.5	0.382352	0.512433	3
1503	0.401984	0.512046	5
1503.5	0.509729	0.51213	4
1504	0.509843	0.512214	4
1504.5	0.509713	0.512301	4
1505	0.517337	0.512179	5
1505.5	0.509899	0.512243	4
1506	0.254914	0.512285	2
1506.5	0.255347	0.512317	2
1507	0.145468	0.512281	2
1507.5	0.254898	0.512322	2
1508	0.264543	0.512257	3
1508.5	0.40305	0.512253	4
1509	0.511849	0.512016	5
1509.5	0.637305	0.512123	5
1510	0.637297	0.512221	5
1510.5	0.509848	0.512307	4
1511	0.509827	0.51239	4
1511.5	0.510684	0.512088	5
1512	0.63724	0.512194	5
1512.5	0.637934	0.512287	5
1513	0.382312	0.512345	3
1513.5	0.254898	0.512386	2
1514	0.254898	0.512426	2
1514.5	0.258197	0.51228	3
1515	0.382347	0.512344	3
1515.5	0.254898	0.51237	2
1516	0.127449	0.512391	1
1516.5	0.127449	0.512413	1
1517	0.127449	0.512434	1
1517.5	0.127449	0.512455	1
1518	0.131751	0.511971	2
1518.5	0.254898	0.512016	2
1519	0.254898	0.512057	2
1519.5	0.254898	0.512099	2
1520	0.254898	0.512141	2
1520.5	0.254898	0.512185	2
1521	0.254898	0.512227	2
1521.5	0.25981	0.512012	3
1522	0.387493	0.511296	5
1522.5	0.509801	0.511365	4
1523	0.382499	0.509698	4
1523.5	0.512791	0.509012	6
1524	0.764702	0.509134	6
1524.5	0.640557	0.509134	6
1525	0.765435	0.509261	6
1525.5	0.778137	0.509347	7
1526	0.765931	0.509309	7
1526.5	0.509817	0.509393	4
1527	0.509874	0.509475	4
1527.5	0.546661	0.509536	5
1528	0.64377	0.509629	5
1528.5	0.5253	0.509379	7
1529	0.78236	0.509467	7
1529.5	0.863198	0.509603	7
1530	0.882016	0.50974	7
1530.5	0.835164	0.509869	7
1531	0.884896	0.510011	7
1531.5	0.84585	0.510141	7
1532	0.822643	0.510134	8
1532.5	0.840467	0.510262	7
1533	0.842476	0.510396	7
1533.5	0.912471	0.510561	6
1534	0.715227	0.510689	5
1534.5	0.509757	0.510771	4
1535	0.50947	0.510846	4
1535.5	0.382707	0.510907	3
1536	0.38212	0.510951	3
1536.5	0.127449	0.510973	1
1537	0.168117	0.510845	3
1537.5	0.387452	0.510674	4
1538	0.254988	0.510711	2
1538.5	0.163882	0.510707	2
1539	0.254898	0.510748	2
1539.5	0.254898	0.510791	2
1540	0.254898	0.510831	2
1540.5	0.254898	0.510871	2
1541	0.254898	0.510912	2
1541.5	0.260098	0.51083	3
1542	0.38244	0.510892	3
1542.5	0.393046	0.510324	5
1543	0.637538	0.510407	5
1543.5	0.382356	0.510469	3
1544	0.254841	0.510511	2
1544.5	0.25496	0.510552	2
1545	0.254955	0.510594	2
1545.5	0.277003	0.510559	3
1546	0.395474	0.51054	4
1546.5	0.433326	0.510141	5
1547	0.509791	0.510221	4
1547.5	0.509672	0.510304	4
1548	0.491446	0.510379	4
1548.5	0.511953	0.510443	4
1549	0.388414	0.509917	5
1549.5	0.639264	0.510009	5
1550	0.382347	0.510069	3
1550.5	0.382347	0.51011	3
1551	0.254898	0.510149	2
1551.5	0.258952	0.509699	4
1552	0.507365	0.509773	4
1552.5	0.392252	0.508807	6
1553	0.699324	0.508872	6
1553.5	0.638314	0.508974	5
1554	0.639669	0.509073	5
1554.5	0.516806	0.508994	5
1555	0.615617	0.509092	5
1555.5	0.648073	0.508968	7
1556	0.8546	0.509099	7
1556.5	0.876369	0.509129	8
1557	0.896016	0.509267	7
1557.5	0.843436	0.509396	7
1558	0.836972	0.509524	7
1558.5	0.854196	0.509658	7
1559	0.833215	0.509807	6
1559.5	0.829579	0.509902	6
1560	0.382295	0.509963	3
1560.5	0.409224	0.509981	4
1561	0.509884	0.510064	4
1561.5	0.509719	0.510148	4
1562	0.509827	0.51021	4
1562.5	0.254986	0.510251	2
1563	0.254843	0.510294	2
1563.5	0.263526	0.510171	3
1564	0.281908	0.510155	3
1564.5	0.254898	0.510195	2
1565	0.178911	0.510005	3
1565.5	0.387467	0.509726	4
1566	0.516669	0.509754	5
1566.5	0.63749	0.509854	5
1567	0.64048	0.509948	5
1567.5	0.581499	0.510033	5
1568	0.637028	0.510133	5
1568.5	0.63738	0.510216	5
1569	0.384902	0.509866	4
1569.5	0.499013	0.50968	5
1570	0.382228	0.509744	3
1570.5	0.401929	0.509739	4
1571	0.52352	0.509722	5
1571.5	0.386255	0.509704	4
1572	0.382316	0.509763	3
1572.5	0.399092	0.509779	4
1573	0.509812	0.509858	4
1573.5	0.509791	0.509938	4
1574	0.382347	0.509987	3
1574.5	0.256993	0.509588	3
1575	0.384167	0.509474	4
1575.5	0.380943	0.509536	3
1576	0.382363	0.509596	3
1576.5	0.382099	0.509645	3
1577	0.306953	0.509559	4
1577.5	0.51781	0.509411	5
1578	0.509641	0.509491	4
1578.5	0.517644	0.509403	5
1579	0.638998	0.509504	5
1579.5	0.514512	0.509418	5
1580	0.640942	0.509095	6
1580.5	0.654543	0.509008	7
1581	0.670088	0.509095	6
1581.5	0.764922	0.509218	6
1582	0.779299	0.509263	7
1582.5	0.802123	0.509353	7
1583	0.639472	0.509442	5
1583.5	0.54209	0.509492	5
1584	0.509807	0.509573	4
1584.5	0.517095	0.509471	5
1585	0.304177	0.509507	3
1585.5	0.382347	0.509569	3
1586	0.395047	0.509533	4
1586.5	0.382269	0.509593	3
1587	0.385161	0.509614	4
1587.5	0.512168	0.509684	4
1588	0.39088	0.509626	4
1588.5	0.509964	0.509707	4
1589	0.512207	0.509777	4
1589.5	0.383427	0.509831	3
1590	0.254898	0.509872	2
1590.5	0.254898	0.509905	2
1591	0.127449	0.509925	1
1591.5	0.127449	0.509945	1
1592	0.127449	0.509965	1
1592.5	0.134583	0.509869	2
1593	0.254898	0.509909	2
1593.5	0.254898	0.509951	2
1594	0.264173	0.50975	3
1594.5	0.382347	0.509804	3
1595	0.258245	0.509681	3
1595.5	0.382332	0.509744	3
1596	0.382238	0.509806	3
1596.5	0.385866	0.509317	4
1597	0.509926	0.509397	4
1597.5	0.513815	0.508974	5
1598	0.516641	0.508702	5
1598.5	0.519804	0.508641	5
1599	0.637126	0.508742	5
1599.5	0.637281	0.50884	5
1600	0.638615	0.508939	5
