7	0.00337261	0.17718
7.5	0.127449	0.142442
8	0	0.142442
8.5	0	0.142442
9	0	0.142442
9.5	0	0.142442
10	0	0.142442
10.5	0	0.142442
11	0.0127873	0.0266474
11.5	0.129819	0.0374784
12	0.127516	0.0461722
12.5	0.125024	0.0532415
13	0.137816	0.0565464
13.5	0.00958082	0.0507597
14	0.12747	0.0560508
14.5	0.129874	0.0607317
15	0.127667	0.0647875
15.5	0.128255	0.0683979
16	0.127449	0.0719707
16.5	0.127449	0.0748021
17	0.127449	0.0773586
17.5	0.125458	0.0796197
18	0.127335	0.0817319
18.5	0.127506	0.0836698
19	0.127516	0.0854505
19.5	0.127449	0.0870905
20	0.129263	0.0888412
20.5	0.127449	0.0902341
21	0.127449	0.0905667
21.5	0	0.0905667
22	0	0.0905667
22.5	0	0.0905667
23	0	0.0905667
23.5	0	0.0905667
24	0	0.0905667
24.5	0	0.0905667
25	0	0.0905667
25.5	0	0.0905667
26	0	0.0905667
26.5	0	0.0905667
27	0	0.0905667
27.5	0	0.0905667
28	0	0.0905667
28.5	0	0.0905667
29	0	0.0905667
29.5	0	0.0905667
30	0	0.0905667
30.5	0	0.0905667
31	0	0.0905667
31.5	0	0.0905667
32	0.00138165	0.050263
32.5	0.125034	0.0517272
33	0.129927	0.0531737
33.5	0.125177	0.0545301
34	0.129341	0.0560337
34.5	0.127547	0.0573062
35	0.127444	0.0585334
35.5	0.127325	0.0597174
36	0.129419	0.060878
36.5	0.127272	0.0619834
37	0.127627	0.0630556
37.5	0.127449	0.064219
38	0.127449	0.0652184
38.5	0.127449	0.0661867
39	0.127449	0.0671254
39.5	0.121219	0.067983
40	0.134354	0.0689189
40.5	0.122566	0.0697356
41	0.123522	0.070536
41.5	0.135813	0.071515
42	0.127382	0.0722979
42.5	0.104281	0.0724342
43	0	0.0724342
43.5	0	0.0724342
44	0	0.0724342
44.5	0	0.0724342
45	0	0.0724342
45.5	0	0.0724342
46	0	0.0724342
46.5	0	0.0724342
47	0	0.0724342
47.5	0	0.0724342
48	0	0.0724342
48.5	0	0.0724342
49	0.00920923	0.0622051
49.5	0.127449	0.0629591
50	0.125733	0.0636858
50.5	0.127423	0.0644057
51	0.127394	0.0651962
51.5	0.12748	0.0658829
52	0.127387	0.0665541
52.5	0.127542	0.0672117
53	0.127377	0.0678543
53.5	0.127434	0.0684837
54	0.127537	0.0691004
54.5	0.127428	0.0697039
55	0.109287	0.0701173
55.5	0.127458	0.07077
56	0.127501	0.0713381
56.5	0.127439	0.0718946
57	0.125632	0.0724299
57.5	0.129765	0.0729775
58	0.123056	0.0734769
58.5	0.131793	0.0740149
59	0.127335	0.0745192
59.5	0.127546	0.0750766
60	0.127454	0.0755618
60.5	0.127315	0.0760373
61	0.127553	0.0765055
61.5	0.127553	0.0766212
62	0.0182045	0.0757079
62.5	0.127439	0.0761659
63	0.127361	0.0766155
63.5	0.127486	0.0771127
64	0.12792	0.0775488
64.5	0.127449	0.0779751
65	0.127449	0.0783941
65.5	0.127449	0.0788061
66	0.127449	0.0792112
66.5	0.127449	0.0796096
67	0.127449	0.0800015
67.5	0.127449	0.0804348
68	0.127449	0.0808134
68.5	0.127449	0.0811859
69	0.127049	0.0815504
69.5	0.127558	0.0819118
70	0.127742	0.0822685
70.5	0.0920633	0.0823472
71	0.127449	0.0826935
71.5	0.127449	0.0830346
72	0.127449	0.0833704
72.5	0.127449	0.0837423
73	0.126551	0.0840631
73.5	0.12747	0.0843838
74	0.125119	0.084688
74.5	0.129873	0.0850108
75	0.125059	0.0853057
75.5	0.129873	0.0856195
76	0.127496	0.0859178
76.5	0.127282	0.0862108
77	0.125069	0.0864889
77.5	0.127367	0.0868095
78	0.129937	0.0871023
78.5	0.127412	0.0873794
79	0.127251	0.087652
79.5	0.125385	0.087912
80	0.129798	0.088189
80.5	0.127443	0.0884516
81	0.127527	0.0887433
81.5	0.126582	0.0889945
82	0.128234	0.0892501
82.5	0.128629	0.0895041
83	0.127449	0.0897495
83.5	0.127449	0.0899918
84	0.127449	0.090231
84.5	0.127449	0.0904964
85	0.126836	0.0907265
85.5	0.127439	0.0909563
86	0.127418	0.0911832
86.5	0.127558	0.0914079
87	0.127439	0.0916293
87.5	0.122392	0.0918249
88	0.134418	0.0920091
88.5	0	0.0920091
89	0	0.0920091
89.5	0	0.0920091
90	0	0.0920091
90.5	0.00896773	0.0894029
91	0.127423	0.0896256
91.5	0.127435	0.0897084
92	0	0.0897084
92.5	0	0.0897084
93	0.0301374	0.088448
93.5	0.127555	0.0886978
94	0.127449	0.0889167
94.5	0.127439	0.0891331
95	0.127397	0.0893469
95.5	0.127377	0.0895583
96	0.129575	0.0897757
96.5	0.127449	0.0899827
97	0	0.0899827
97.5	0	0.0899827
98	0	0.0899827
98.5	0	0.0899827
99	0	0.0899827
99.5	0	0.0899827
100	0	0.0899827
100.5	0	0.0899827
101	0.0103667	0.0861438
101.5	0.127636	0.0863593
102	0.127351	0.0865716
102.5	0.128114	0.0867844
103	0.127449	0.0869927
103.5	0.127449	0.0871989
104	0.126859	0.0874009
104.5	0	0.0874009
105	0.0154606	0.086657
105.5	0.127459	0.0868607
106	0.127444	0.0870874
106.5	0.127485	0.0872869
107	0.124257	0.087357
107.5	0	0.087357
108	0	0.087357
108.5	0	0.087357
109	0	0.087357
109.5	0	0.087357
110	0	0.087357
110.5	0	0.087357
111	0	0.087357
111.5	0	0.087357
112	0	0.087357
112.5	0	0.087357
113	0.00375882	0.0824247
113.5	0.127449	0.0826585
114	0.127449	0.0828644
114.5	0.127449	0.0830683
115	0.12331	0.0832576
115.5	0.124338	0.0834484
116	0.127126	0.0835474
116.5	0	0.0835474
117	0	0.0835474
117.5	0	0.0835474
118	0	0.0835474
118.5	0	0.0835474
119	0.00968942	0.0814148
119.5	0.127449	0.081616
120	0.125916	0.0818112
120.5	0.125144	0.0820024
121	0.129444	0.0822039
121.5	0.12747	0.0823983
122	0.129393	0.0825963
122.5	0.127449	0.0828111
123	0.125573	0.0829951
123.5	0.125795	0.0831781
124	0.12991	0.0833708
124.5	0.126112	0.0835516
125	0.128096	0.0837364
125.5	0.122873	0.0839049
126	0.129862	0.0840913
126.5	0.131746	0.0842811
127	0.125907	0.0844753
127.5	0.125108	0.0846442
128	0.128625	0.0848214
128.5	0.126325	0.0849908
129	0.129916	0.0851685
129.5	0.124994	0.0853316
130	0.129556	0.0855272
130.5	0.127603	0.0856737
131	0	0.0856737
131.5	0	0.0856737
132	0.0232028	0.0849977
132.5	0	0.0849977
133	0	0.0849977
133.5	0	0.0849977
134	0	0.0849977
134.5	0	0.0849977
135	0	0.0849977
135.5	0	0.0849977
136	0	0.0849977
136.5	0	0.0849977
137	0	0.0849977
137.5	0	0.0849977
138	0	0.0849977
138.5	0	0.0849977
139	0.00874456	0.0808563
139.5	0.124638	0.0810225
140	0.127449	0.081044
140.5	0	0.081044
141	0	0.081044
141.5	0	0.081044
142	0	0.081044
142.5	0	0.081044
143	0	0.081044
143.5	0	0.081044
144	0	0.081044
144.5	0.0110631	0.0785209
145	0.127449	0.0786953
145.5	0.127449	0.0788684
146	0.127449	0.0790403
146.5	0.127449	0.079211
147	0.127449	0.0793805
147.5	0.125416	0.0795443
148	0.127387	0.0797113
148.5	0.129369	0.0799026
149	0.127449	0.0800673
149.5	0.127449	0.0802309
150	0.127449	0.0803933
150.5	0.127449	0.0805546
151	0.127449	0.0807148
151.5	0.127449	0.0807746
152	0	0.0807746
152.5	0.0308263	0.0803381
153	0	0.0803381
153.5	0	0.0803381
154	0	0.0803381
154.5	0	0.0803381
155	0	0.0803381
155.5	0	0.0803381
156	0	0.0803381
156.5	0	0.0803381
157	0	0.0803381
157.5	0	0.0803381
158	0	0.0803381
158.5	0.00258514	0.0772266
159	0.127449	0.0773891
159.5	0.127449	0.0775506
160	0.127449	0.0777111
160.5	0.127449	0.0778705
161	0.127449	0.0780486
161.5	0.127449	0.0782059
162	0	0.0782059
162.5	0.0232333	0.0778482
163	0.127418	0.0780045
163.5	0.12749	0.07816
164	0.128389	0.0783162
164.5	0.127449	0.0784697
165	0.127449	0.0786222
165.5	0.127449	0.0786412
166	0	0.0786412
166.5	0	0.0786412
167	0	0.0786412
167.5	0	0.0786412
168	0	0.0786412
168.5	0	0.0786412
169	0	0.0786412
169.5	0.00352832	0.0765878
170	0.127449	0.0767413
170.5	0.127449	0.0768938
171	0.127449	0.0770455
171.5	0.127449	0.077121
172	0	0.077121
172.5	0.0493826	0.0769082
173	0.127449	0.077058
173.5	0.127449	0.0772069
174	0.125825	0.077352
174.5	0.127412	0.0775174
175	0.129158	0.0776666
175.5	0.127449	0.077812
176	0.127449	0.0779024
176.5	0	0.0779024
177	0	0.0779024
177.5	0	0.0779024
178	0	0.0779024
178.5	0.0230991	0.0770351
179	0.128632	0.0771814
179.5	0.127449	0.0773247
180	0.127449	0.0774672
180.5	0.127449	0.077609
181	0.127449	0.0777499
181.5	0.12537	0.0778864
182	0.129598	0.0780294
182.5	0.127449	0.0781852
183	0.127449	0.0783229
183.5	0.12501	0.078439
184	0.127524	0.0785243
184.5	0	0.0785243
185	0	0.0785243
185.5	0	0.0785243
186	0	0.0785243
186.5	0	0.0785243
187	0	0.0785243
187.5	0	0.0785243
188	0.014779	0.0770302
188.5	0.127449	0.0771669
189	0.127449	0.0773028
189.5	0.127449	0.077438
190	0.127449	0.0775725
190.5	0.127449	0.0777229
191	0.127449	0.0778558
191.5	0.127449	0.0779881
192	0.127449	0.0781196
192.5	0.127449	0.0782504
193	0.125085	0.0783766
193.5	0.125204	0.0785024
194	0.129905	0.0786351
194.5	0.127382	0.0787631
195	0.127522	0.0788906
195.5	0	0.0788906
196	0	0.0788906
196.5	0.031204	0.0785113
197	0.127449	0.078638
197.5	0.127449	0.0787798
198	0.127449	0.0789052
198.5	0.127449	0.0790299
199	0.127449	0.079154
199.5	0.127449	0.0792774
200	0.127449	0.0794002
200.5	0.127449	0.0795224
201	0.127449	0.079644
201.5	0.125245	0.0797614
202	0.127486	0.0798968
202.5	0.129007	0.0800036
203	0.126905	0.0801219
203.5	0.128194	0.0802565
204	0.12658	0.080373
204.5	0.127573	0.0804905
205	0.127444	0.0806072
205.5	0.127366	0.0807376
206	0.127449	0.0808531
206.5	0.12749	0.0809681
207	0.127485	0.0810825
207.5	0.127434	0.0811962
208	0.127397	0.0813094
208.5	0.127423	0.081422
209	0.12748	0.0815341
209.5	0.128708	0.0816618
210	0.127449	0.0817728
210.5	0.127449	0.0818832
211	0.127449	0.0819931
211.5	0.127449	0.0821025
212	0.127449	0.0821841
212.5	0	0.0821841
213	0	0.0821841
213.5	0	0.0821841
214	0	0.0821841
214.5	0	0.0821841
215	0	0.0821841
215.5	0	0.0821841
216	0	0.0821841
216.5	0.00673195	0.080507
217	0.124629	0.0806127
217.5	0.12449	0.0807176
218	0.137332	0.0808402
218.5	0.125035	0.080945
219	0.130623	0.0810715
219.5	0.122138	0.0811583
220	0.12859	0.0812805
220.5	0.12691	0.0813861
221	0.115545	0.0814619
221.5	0.138179	0.0815968
222	0.120739	0.0816914
222.5	0.129717	0.0817991
223	0.122601	0.0818837
223.5	0.138391	0.0820315
224	0.129645	0.0821376
224.5	0.127449	0.0822401
225	0.127449	0.0823422
225.5	0.127449	0.0824437
226	0.127449	0.0825449
226.5	0.127449	0.0826455
227	0.127449	0.0827582
227.5	0.127449	0.082858
228	0.127449	0.0829572
228.5	0.127449	0.0830561
229	0.127449	0.0831544
229.5	0.127449	0.0832524
230	0.127449	0.083289
230.5	0	0.083289
231	0	0.083289
231.5	0	0.083289
232	0	0.083289
232.5	0	0.083289
233	0	0.083289
233.5	0	0.083289
234	0	0.083289
234.5	0	0.083289
235	0	0.083289
235.5	0.00686111	0.0813774
236	0	0.0813774
236.5	0	0.0813774
237	0	0.0813774
237.5	0	0.0813774
238	0.0243672	0.0807422
238.5	0.127444	0.0808538
239	0.125149	0.0809495
239.5	0.129916	0.0810512
240	0.127413	0.0811491
240.5	0.127312	0.0812465
241	0.12747	0.0813437
241.5	0.127553	0.0814406
242	0.0979949	0.0814462
242.5	0	0.0814462
243	0	0.0814462
243.5	0.0160051	0.0809041
244	0.127418	0.0810007
244.5	0.127449	0.081097
245	0.127677	0.081121
245.5	0	0.081121
246	0	0.081121
246.5	0	0.081121
247	0	0.081121
247.5	0	0.081121
248	0	0.081121
248.5	0	0.081121
249	0	0.081121
249.5	0	0.081121
250	0	0.081121
250.5	0	0.081121
251	0.0073595	0.0791891
251.5	0.129507	0.0792888
252	0.127449	0.0793855
252.5	0.127449	0.0794217
253	0	0.0794217
253.5	0	0.0794217
254	0	0.0794217
254.5	0	0.0794217
255	0	0.0794217
255.5	0	0.0794217
256	0	0.0794217
256.5	0	0.0794217
257	0	0.0794217
257.5	0	0.0794217
258	0	0.0794217
258.5	0	0.0794217
259	0	0.0794217
259.5	0	0.0794217
260	0	0.0794217
260.5	0	0.0794217
261	0	0.0794217
261.5	0	0.0794217
262	0	0.0794217
262.5	0	0.0794217
263	0	0.0794217
263.5	0	0.0794217
264	0	0.0794217
264.5	0	0.0794217
265	0	0.0794217
265.5	0	0.0794217
266	0	0.0794217
266.5	0	0.0794217
267	0	0.0794217
267.5	0	0.0794217
268	0	0.0794217
268.5	0	0.0794217
269	0	0.0794217
269.5	0	0.0794217
270	0	0.0794217
270.5	0	0.0794217
271	0	0.0794217
271.5	0	0.0794217
272	0	0.0794217
272.5	0	0.0794217
273	0	0.0794217
273.5	0	0.0794217
274	0	0.0794217
274.5	0.00246132	0.0730069
275	0.127506	0.0731069
275.5	0.128622	0.0732203
276	0.127449	0.0733195
276.5	0.127449	0.0734183
277	0.127449	0.0735168
277.5	0.125762	0.0736131
278	0.127795	0.07365
278.5	0	0.07365
279	0	0.07365
279.5	0	0.07365
280	0	0.07365
280.5	0	0.07365
281	0	0.07365
281.5	0	0.07365
282	0	0.07365
282.5	0	0.07365
283	0	0.07365
283.5	0	0.07365
284	0	0.07365
284.5	0	0.07365
285	0	0.07365
285.5	0	0.07365
286	0	0.07365
286.5	0	0.07365
287	0	0.07365
287.5	0	0.07365
288	0	0.07365
288.5	0	0.07365
289	0	0.07365
289.5	0	0.07365
290	0.0019077	0.0705248
290.5	0.127439	0.0706236
291	0.129871	0.0707244
291.5	0.127449	0.0708225
292	0.127449	0.0708836
292.5	0	0.0708836
293	0	0.0708836
293.5	0	0.0708836
294	0	0.0708836
294.5	0	0.0708836
295	0	0.0708836
295.5	0	0.0708836
296	0	0.0708836
296.5	0	0.0708836
297	0	0.0708836
297.5	0	0.0708836
298	0	0.0708836
298.5	0	0.0708836
299	0	0.0708836
299.5	0.00406613	0.0691219
300	0.127449	0.0692199
300.5	0.127449	0.0693175
301	0.127449	0.0694148
301.5	0.127449	0.0695118
302	0.127449	0.0696205
302.5	0.127449	0.0697168
303	0.127449	0.0698128
303.5	0.127449	0.0699085
304	0.124513	0.0700011
304.5	0.129778	0.0700982
305	0.127582	0.0701575
305.5	0	0.0701575
306	0	0.0701575
306.5	0	0.0701575
307	0	0.0701575
307.5	0	0.0701575
308	0	0.0701575
308.5	0	0.0701575
309	0	0.0701575
309.5	0	0.0701575
310	0.00752904	0.0690814
310.5	0.127449	0.069176
311	0.127449	0.0692703
311.5	0.127449	0.0693291
312	0	0.0693291
312.5	0	0.0693291
313	0.00923918	0.0689959
313.5	0.127449	0.0690897
314	0	0.0690897
314.5	0	0.0690897
315	0	0.0690897
315.5	0	0.0690897
316	0	0.0690897
316.5	0	0.0690897
317	0	0.0690897
317.5	0.011757	0.068351
318	0.127449	0.0684445
318.5	0.127449	0.0685377
319	0.127449	0.0686074
319.5	0	0.0686074
320	0	0.0686074
320.5	0	0.0686074
321	0	0.0686074
321.5	0	0.0686074
322	0	0.0686074
322.5	0	0.0686074
323	0	0.0686074
323.5	0	0.0686074
324	0	0.0686074
324.5	0	0.0686074
325	0	0.0686074
325.5	0	0.0686074
326	0	0.0686074
326.5	0	0.0686074
327	0	0.0686074
327.5	0	0.0686074
328	0	0.0686074
328.5	0	0.0686074
329	0	0.0686074
329.5	0.00220734	0.0664136
330	0.127449	0.0665066
330.5	0.127449	0.0665993
331	0.127449	0.0666918
331.5	0.127449	0.0667379
332	0	0.0667379
332.5	0	0.0667379
333	0	0.0667379
333.5	0	0.0667379
334	0	0.0667379
334.5	0	0.0667379
335	0	0.0667379
335.5	0.013134	0.0660558
336	0	0.0660558
336.5	0	0.0660558
337	0	0.0660558
337.5	0	0.0660558
338	0	0.0660558
338.5	0	0.0660558
339	0	0.0660558
339.5	0	0.0660558
340	0	0.0660558
340.5	0	0.0660558
341	0	0.0660558
341.5	0	0.0660558
342	0	0.0660558
342.5	0	0.0660558
343	0	0.0660558
343.5	0	0.0660558
344	0.00639533	0.0645366
344.5	0.127605	0.0646285
345	0.127563	0.06472
345.5	0.127511	0.0648113
346	0.12595	0.0649011
346.5	0.12695	0.0649914
347	0.12464	0.0650907
347.5	0.134425	0.0651857
348	0.127617	0.0652757
348.5	0.115331	0.0653554
349	0.134794	0.0654263
349.5	0	0.0654263
350	0	0.0654263
350.5	0	0.0654263
351	0	0.0654263
351.5	0	0.0654263
352	0	0.0654263
352.5	0	0.0654263
353	0	0.0654263
353.5	0	0.0654263
354	0	0.0654263
354.5	0	0.0654263
355	0	0.0654263
355.5	0	0.0654263
356	0	0.0654263
356.5	0	0.0654263
357	0	0.0654263
357.5	0	0.0654263
358	0	0.0654263
358.5	0	0.0654263
359	0	0.0654263
359.5	0	0.0654263
360	0	0.0654263
360.5	0	0.0654263
361	0	0.0654263
361.5	0	0.0654263
362	0	0.0654263
362.5	0	0.0654263
363	0	0.0654263
363.5	0	0.0654263
364	0	0.0654263
364.5	0	0.0654263
365	0	0.0654263
365.5	0	0.0654263
366	0	0.0654263
366.5	0	0.0654263
367	0	0.0654263
367.5	0	0.0654263
368	0.00164141	0.0620504
368.5	0.127449	0.0621394
369	0.127449	0.0622282
369.5	0.127449	0.0623167
370	0.124187	0.0624028
370.5	0.127449	0.0624139
371	0	0.0624139
371.5	0	0.0624139
372	0.019733	0.0621816
372.5	0.127394	0.0622475
373	0	0.0622475
373.5	0	0.0622475
374	0.0196725	0.0620625
374.5	0	0.0620625
375	0	0.0620625
375.5	0	0.0620625
376	0	0.0620625
376.5	0	0.0620625
377	0	0.0620625
377.5	0	0.0620625
378	0	0.0620625
378.5	0	0.0620625
379	0	0.0620625
379.5	0	0.0620625
380	0	0.0620625
380.5	0	0.0620625
381	0	0.0620625
381.5	0	0.0620625
382	0	0.0620625
382.5	0	0.0620625
383	0	0.0620625
383.5	0	0.0620625
384	0.00156699	0.0604567
384.5	0.127173	0.060533
385	0.126251	0.0606302
385.5	0.125174	0.0607157
386	0.129792	0.0608037
386.5	0.128453	0.0609017
387	0.127371	0.0609878
387.5	0.127767	0.0610201
388	0	0.0610201
388.5	0.0240457	0.0608937
389	0.127449	0.0609045
389.5	0	0.0609045
390	0	0.0609045
390.5	0	0.0609045
391	0.0259399	0.0606843
391.5	0.131421	0.0607721
392	0.128301	0.0608685
392.5	0.127501	0.0609536
393	0.127304	0.0610383
393.5	0.125174	0.0611214
394	0.129943	0.0612073
394.5	0.127402	0.0612914
395	0.125129	0.0613739
395.5	0.127532	0.0614158
396	0	0.0614158
396.5	0	0.0614158
397	0	0.0614158
397.5	0	0.0614158
398	0.0112871	0.0610595
398.5	0.127465	0.061143
399	0.127366	0.0612262
399.5	0.127444	0.0613092
400	0.127516	0.0613921
400.5	0.127454	0.0614851
401	0.127439	0.0615674
401.5	0.127475	0.0616496
402	0.127434	0.0617316
402.5	0.048778	0.0617158
403	0.127449	0.0617975
403.5	0.127449	0.0618892
404	0.127449	0.0619705
404.5	0.127449	0.0620515
405	0.127449	0.0621324
405.5	0.127449	0.0622131
406	0.127449	0.0622935
406.5	0.127449	0.0623738
407	0.127449	0.0624539
407.5	0.127449	0.0625437
408	0.127449	0.0626234
408.5	0.127449	0.0627028
409	0.127449	0.0627821
409.5	0.122207	0.0628579
410	0.133161	0.06294
410.5	0.123822	0.0630165
411	0.129943	0.0630965
411.5	0.132817	0.0631168
412	0	0.0631168
412.5	0	0.0631168
413	0	0.0631168
413.5	0	0.0631168
414	0.0191223	0.0628065
414.5	0.127449	0.0628944
415	0.127449	0.0629722
415.5	0.127449	0.0630499
416	0.127449	0.0631274
416.5	0.127449	0.0632047
417	0.127449	0.0632818
417.5	0.127449	0.0633588
418	0.127449	0.0634355
418.5	0.127449	0.0635217
419	0.127449	0.063598
419.5	0.127449	0.0636742
420	0.127449	0.0637502
420.5	0.127449	0.063826
421	0.127449	0.0639016
421.5	0.127449	0.0639771
422	0.127449	0.0640524
422.5	0.127449	0.0641369
423	0.12545	0.0642105
423.5	0.126405	0.0642846
424	0.127216	0.0643126
424.5	0	0.0643126
425	0	0.0643126
425.5	0	0.0643126
426	0	0.0643126
426.5	0	0.0643126
427	0	0.0643126
427.5	0.0102762	0.0638224
428	0.128686	0.0638974
428.5	0.137046	0.0639769
429	0.0780015	0.0639936
429.5	0.127397	0.0640675
430	0.120662	0.064137
430.5	0.126905	0.0642103
431	0.116049	0.0642764
431.5	0.145518	0.0643692
432	0.127475	0.0644423
432.5	0.127475	0.0645151
433	0.130072	0.0645986
433.5	0.127449	0.0646712
434	0.127449	0.0647435
434.5	0.127449	0.0647977
435	0.087087	0.0648305
435.5	0.127449	0.0649024
436	0.127449	0.0649742
436.5	0.127449	0.0650458
437	0.127449	0.0651172
437.5	0.127449	0.0651884
438	0.127449	0.0652684
438.5	0.127449	0.0653393
439	0.127449	0.0654101
439.5	0.12573	0.0654797
440	0.127459	0.0655501
440.5	0.125094	0.065619
441	0.129857	0.0656905
441.5	0.125114	0.0657591
442	0.127356	0.0658288
442.5	0.12969	0.0659086
443	0.125044	0.0659766
443.5	0.127506	0.066046
444	0.131747	0.0661175
444.5	0.127449	0.0661865
445	0.127449	0.0662554
445.5	0.127449	0.0663241
446	0.127449	0.0663926
446.5	0.0426666	0.0663628
447	0.126661	0.0664307
447.5	0.127459	0.0664989
448	0.128409	0.0665075
448.5	0	0.0665075
449	0	0.0665075
449.5	0	0.0665075
450	0	0.0665075
450.5	0.00531045	0.0661
451	0.127377	0.066168
451.5	0.127434	0.0662358
452	0.127537	0.0663036
452.5	0.127434	0.0663711
453	0.127366	0.0664385
453.5	0.127522	0.0665058
454	0.128079	0.0665817
454.5	0.127449	0.0666486
455	0.127449	0.0667154
455.5	0.127449	0.066782
456	0.127449	0.0668485
456.5	0.127449	0.0668817
457	0	0.0668817
457.5	0	0.0668817
458	0	0.0668817
458.5	0	0.0668817
459	0	0.0668817
459.5	0	0.0668817
460	0	0.0668817
460.5	0	0.0668817
461	0	0.0668817
461.5	0	0.0668817
462	0	0.0668817
462.5	0	0.0668817
463	0	0.0668817
463.5	0.00754367	0.065936
464	0.129772	0.0660036
464.5	0.127553	0.0660697
465	0.12818	0.0661361
465.5	0.127449	0.0662019
466	0.127449	0.0662758
466.5	0.127449	0.0663413
467	0.127449	0.0664067
467.5	0.127449	0.0664719
468	0.127449	0.066537
468.5	0.127449	0.066602
469	0.127449	0.0666668
469.5	0.127449	0.0667315
470	0.127449	0.0668041
470.5	0.127449	0.0668685
471	0.1271	0.0669326
471.5	0.127496	0.0669967
472	0.123013	0.0670581
472.5	0.130622	0.0671237
473	0.127485	0.0671874
473.5	0.127454	0.067251
474	0.127366	0.0673144
474.5	0.127527	0.0673778
475	0.127444	0.0674409
475.5	0.127439	0.0674725
476	0	0.0674725
476.5	0	0.0674725
477	0	0.0674725
477.5	0	0.0674725
478	0	0.0674725
478.5	0	0.0674725
479	0	0.0674725
479.5	0.00183507	0.0668789
480	0.124551	0.0669403
480.5	0.129523	0.0670123
481	0.124981	0.067066
481.5	0.118613	0.0670948
482	0	0.0670948
482.5	0.0122221	0.0669467
483	0.129819	0.0670105
483.5	0.127547	0.067073
484	0.127454	0.0671353
484.5	0.128434	0.067198
485	0.127449	0.0672678
485.5	0.126174	0.067329
486	0.127565	0.0673908
486.5	0.127434	0.0674525
487	0.127057	0.0674678
487.5	0	0.0674678
488	0	0.0674678
488.5	0	0.0674678
489	0	0.0674678
489.5	0	0.0674678
490	0	0.0674678
490.5	0	0.0674678
491	0.00899806	0.0669414
491.5	0.127449	0.0670029
492	0.126977	0.067064
492.5	0.127601	0.067133
493	0.127753	0.0671942
493.5	0.127449	0.0672552
494	0.127449	0.067316
494.5	0.127066	0.0673765
495	0.127402	0.0674371
495.5	0.127662	0.0674976
496	0.127278	0.0675579
496.5	0.127948	0.0675806
497	0	0.0675806
497.5	0	0.0675806
498	0	0.0675806
498.5	0	0.0675806
499	0	0.0675806
499.5	0	0.0675806
500	0	0.0675806
500.5	0	0.0675806
501	0	0.0675806
501.5	0	0.0675806
502	0.00669384	0.0668602
502.5	0.127449	0.0669204
503	0.127449	0.0669804
503.5	0.127449	0.0670404
504	0.127449	0.0671002
504.5	0.127449	0.0671599
505	0.127449	0.0672195
505.5	0.127449	0.0672864
506	0.127449	0.0673457
506.5	0.127449	0.067405
507	0.127449	0.0674641
507.5	0.127449	0.0675231
508	0.127449	0.0675819
508.5	0.126272	0.0676401
509	0.127418	0.0676987
509.5	0.128542	0.0677652
510	0.127449	0.0678236
510.5	0.127449	0.0678819
511	0.127449	0.0679037
511.5	0	0.0679037
512	0.0239977	0.06779
512.5	0.127361	0.0678481
513	0.127787	0.0679062
513.5	0.127449	0.0679641
514	0.127449	0.0680219
514.5	0.127449	0.0680867
515	0.127449	0.0681442
515.5	0.127449	0.0682016
516	0.127449	0.0682589
516.5	0.127449	0.0683161
517	0.127449	0.0683731
517.5	0.123092	0.0684278
518	0.127262	0.0684845
518.5	0.127402	0.0685412
519	0.129872	0.0686063
519.5	0.127439	0.0686628
520	0.127408	0.0686699
520.5	0	0.0686699
521	0	0.0686699
521.5	0	0.0686699
522	0	0.0686699
522.5	0	0.0686699
523	0	0.0686699
523.5	0	0.0686699
524	0	0.0686699
524.5	0	0.0686699
525	0.00435385	0.067999
525.5	0.127023	0.0680552
526	0.12783	0.0681188
526.5	0.127449	0.068175
527	0.127449	0.0682311
527.5	0.127449	0.0682731
528	0	0.0682731
528.5	0	0.0682731
529	0	0.0682731
529.5	0	0.0682731
530	0	0.0682731
530.5	0	0.0682731
531	0	0.0682731
531.5	0	0.0682731
532	0	0.0682731
532.5	0	0.0682731
533	0	0.0682731
533.5	0	0.0682731
534	0	0.0682731
534.5	0.00659475	0.067439
535	0.127449	0.067495
535.5	0.127449	0.0675508
536	0.127449	0.0676065
536.5	0.127449	0.0676204
537	0.0616064	0.0676103
537.5	0.127449	0.067652
538	0	0.067652
538.5	0	0.067652
539	0	0.067652
539.5	0	0.067652
540	0.0210411	0.0674238
540.5	0.127449	0.0674792
541	0.127449	0.0675345
541.5	0.127449	0.0675966
542	0.125681	0.067644
542.5	0.111427	0.0676497
543	0	0.0676497
543.5	0	0.0676497
544	0	0.0676497
544.5	0	0.0676497
545	0	0.0676497
545.5	0.0179819	0.067328
546	0.127377	0.0673829
546.5	0.127449	0.0674377
547	0.12926	0.0674932
547.5	0.127449	0.0675478
548	0.127449	0.0676023
548.5	0.127449	0.0676567
549	0.125962	0.0676902
549.5	0	0.0676902
550	0	0.0676902
550.5	0	0.0676902
551	0	0.0676902
551.5	0	0.0676902
552	0	0.0676902
552.5	0	0.0676902
553	0	0.0676902
553.5	0	0.0676902
554	0	0.0676902
554.5	0	0.0676902
555	0	0.0676902
555.5	0	0.0676902
556	0	0.0676902
556.5	0	0.0676902
557	0	0.0676902
557.5	0	0.0676902
558	0	0.0676902
558.5	0	0.0676902
559	0	0.0676902
559.5	0	0.0676902
560	0.00139881	0.0663462
560.5	0.127366	0.0664005
561	0.127346	0.0664547
561.5	0.127693	0.066509
562	0.127301	0.0665562
562.5	0	0.0665562
563	0	0.0665562
563.5	0	0.0665562
564	0	0.0665562
564.5	0	0.0665562
565	0	0.0665562
565.5	0	0.0665562
566	0	0.0665562
566.5	0	0.0665562
567	0	0.0665562
567.5	0	0.0665562
568	0	0.0665562
568.5	0	0.0665562
569	0	0.0665562
569.5	0	0.0665562
570	0	0.0665562
570.5	0	0.0665562
571	0	0.0665562
571.5	0	0.0665562
572	0	0.0665562
572.5	0	0.0665562
573	0	0.0665562
573.5	0.00135552	0.0652246
574	0.127449	0.0652854
574.5	0.127449	0.0652989
575	0	0.0652989
575.5	0	0.0652989
576	0	0.0652989
576.5	0	0.0652989
577	0	0.0652989
577.5	0	0.0652989
578	0	0.0652989
578.5	0	0.0652989
579	0	0.0652989
579.5	0	0.0652989
580	0	0.0652989
580.5	0	0.0652989
581	0	0.0652989
581.5	0	0.0652989
582	0	0.0652989
582.5	0	0.0652989
583	0	0.0652989
583.5	0.00420337	0.0643103
584	0.127439	0.0643642
584.5	0.127449	0.0643709
585	0	0.0643709
585.5	0	0.0643709
586	0	0.0643709
586.5	0	0.0643709
587	0.0159127	0.0641239
587.5	0.127449	0.0641776
588	0.127449	0.0642312
588.5	0.127449	0.0642379
589	0	0.0642379
589.5	0.0076092	0.0641376
590	0	0.0641376
590.5	0	0.0641376
591	0	0.0641376
591.5	0.0096144	0.0639094
592	0.127542	0.0639629
592.5	0.123221	0.0640144
593	0.12748	0.0640677
593.5	0.127511	0.0641209
594	0.129868	0.064175
594.5	0.129279	0.0642288
595	0.12613	0.0642877
595.5	0.127418	0.0643405
596	0.125174	0.0643923
596.5	0.129857	0.0644459
597	0.127428	0.0644985
597.5	0.12686	0.0645507
598	0.127444	0.0646031
598.5	0.125224	0.0646544
599	0.130474	0.0647079
599.5	0.129018	0.0647672
600	0.127449	0.0648193
600.5	0.127449	0.0648712
601	0.127449	0.0649231
601.5	0.127449	0.0649748
602	0.127449	0.0650265
602.5	0.127449	0.0650652
603	0	0.0650652
603.5	0	0.0650652
604	0	0.0650652
604.5	0	0.0650652
605	0	0.0650652
605.5	0	0.0650652
606	0	0.0650652
606.5	0	0.0650652
607	0	0.0650652
607.5	0	0.0650652
608	0.00691496	0.0645166
608.5	0.127289	0.0645681
609	0.127501	0.0646195
609.5	0.127615	0.0646709
610	0.127273	0.0647221
610.5	0.127584	0.0647733
611	0.129505	0.0648317
611.5	0.12726	0.0648826
612	0.114626	0.064922
612.5	0.137978	0.0649837
613	0.128456	0.0650348
613.5	0.122494	0.0650834
614	0.131798	0.0651357
614.5	0.125024	0.0651851
615	0.129623	0.0652428
615.5	0.128895	0.0652937
616	0.127459	0.065344
616.5	0.127518	0.0653628
617	0	0.0653628
617.5	0	0.0653628
618	0	0.0653628
618.5	0	0.0653628
619	0.0167846	0.0651403
619.5	0.127449	0.0651716
620	0	0.0651716
620.5	0.0453065	0.0651324
621	0.127449	0.0651699
621.5	0	0.0651699
622	0	0.0651699
622.5	0	0.0651699
623	0	0.0651699
623.5	0	0.0651699
624	0	0.0651699
624.5	0	0.0651699
625	0	0.0651699
625.5	0	0.0651699
626	0	0.0651699
626.5	0	0.0651699
627	0	0.0651699
627.5	0	0.0651699
628	0	0.0651699
628.5	0	0.0651699
629	0	0.0651699
629.5	0.00638557	0.0643581
630	0.127449	0.0644079
630.5	0.127449	0.0644639
631	0.127449	0.0645136
631.5	0.127449	0.0645632
632	0.127449	0.0645818
632.5	0	0.0645818
633	0	0.0645818
633.5	0	0.0645818
634	0	0.0645818
634.5	0	0.0645818
635	0	0.0645818
635.5	0	0.0645818
636	0	0.0645818
636.5	0	0.0645818
637	0	0.0645818
637.5	0	0.0645818
638	0	0.0645818
638.5	0	0.0645818
639	0	0.0645818
639.5	0.00401857	0.0638344
640	0.127449	0.0638839
640.5	0.127449	0.0639333
641	0	0.0639333
641.5	0	0.0639333
642	0.0102058	0.0638033
642.5	0.127449	0.0638526
643	0.127449	0.0638833
643.5	0	0.0638833
644	0	0.0638833
644.5	0	0.0638833
645	0	0.0638833
645.5	0.0117547	0.0636655
646	0.127449	0.0637146
646.5	0.125164	0.0637628
647	0.125024	0.0638108
647.5	0.132324	0.0638615
648	0.127518	0.0639165
648.5	0.127573	0.063947
649	0	0.063947
649.5	0	0.063947
650	0	0.063947
650.5	0.00716322	0.0637538
651	0.127449	0.0638025
651.5	0.127449	0.0638511
652	0.127449	0.0638996
652.5	0.127449	0.0639481
653	0.12299	0.0639947
653.5	0.130565	0.0640442
654	0.123623	0.0640675
654.5	0	0.0640675
655	0	0.0640675
655.5	0.0107202	0.0639471
656	0	0.0639471
656.5	0	0.0639471
657	0	0.0639471
657.5	0	0.0639471
658	0	0.0639471
658.5	0	0.0639471
659	0.00647234	0.0636267
659.5	0	0.0636267
660	0	0.0636267
660.5	0	0.0636267
661	0	0.0636267
661.5	0	0.0636267
662	0	0.0636267
662.5	0	0.0636267
663	0	0.0636267
663.5	0	0.0636267
664	0.0121616	0.0632226
664.5	0.126778	0.0632704
665	0.127146	0.0632884
665.5	0	0.0632884
666	0	0.0632884
666.5	0	0.0632884
667	0	0.0632884
667.5	0	0.0632884
668	0	0.0632884
668.5	0	0.0632884
669	0	0.0632884
669.5	0	0.0632884
670	0	0.0632884
670.5	0.00403353	0.0627675
671	0.127449	0.0628155
671.5	0	0.0628155
672	0	0.0628155
672.5	0	0.0628155
673	0.0232272	0.0626951
673.5	0.127449	0.0627429
674	0.127449	0.0627907
674.5	0.127449	0.0628383
675	0.127449	0.0628621
675.5	0	0.0628621
676	0	0.0628621
676.5	0	0.0628621
677	0.00700887	0.0626756
677.5	0.127449	0.0627232
678	0.127449	0.0627766
678.5	0.127449	0.0627944
679	0	0.0627944
679.5	0	0.0627944
680	0	0.0627944
680.5	0	0.0627944
681	0	0.0627944
681.5	0	0.0627944
682	0	0.0627944
682.5	0	0.0627944
683	0	0.0627944
683.5	0	0.0627944
684	0	0.0627944
684.5	0	0.0627944
685	0	0.0627944
685.5	0	0.0627944
686	0	0.0627944
686.5	0	0.0627944
687	0	0.0627944
687.5	0	0.0627944
688	0	0.0627944
688.5	0	0.0627944
689	0	0.0627944
689.5	0	0.0627944
690	0	0.0627944
690.5	0	0.0627944
691	0	0.0627944
691.5	0	0.0627944
692	0	0.0627944
692.5	0	0.0627944
693	0	0.0627944
693.5	0	0.0627944
694	0	0.0627944
694.5	0	0.0627944
695	0	0.0627944
695.5	0	0.0627944
696	0	0.0627944
696.5	0	0.0627944
697	0	0.0627944
697.5	0	0.0627944
698	0	0.0627944
698.5	0	0.0627944
699	0	0.0627944
699.5	0	0.0627944
700	0	0.0627944
700.5	0	0.0627944
701	0	0.0627944
701.5	0.00202333	0.0607595
702	0.127238	0.0608126
702.5	0.12762	0.0608598
703	0.127418	0.0609069
703.5	0.129592	0.0609546
704	0.127449	0.0609839
704.5	0	0.0609839
705	0	0.0609839
705.5	0	0.0609839
706	0	0.0609839
706.5	0	0.0609839
707	0	0.0609839
707.5	0.0149128	0.0607419
708	0.129095	0.0607952
708.5	0.120201	0.0608062
709	0	0.0608062
709.5	0	0.0608062
710	0	0.0608062
710.5	0	0.0608062
711	0	0.0608062
711.5	0	0.0608062
712	0	0.0608062
712.5	0	0.0608062
713	0.00810927	0.0604453
713.5	0.127434	0.060492
714	0.127449	0.0605386
714.5	0.12749	0.0605852
715	0.127481	0.0606375
715.5	0.12732	0.0606839
716	0.12749	0.0606897
716.5	0	0.0606897
717	0	0.0606897
717.5	0	0.0606897
718	0	0.0606897
718.5	0	0.0606897
719	0	0.0606897
719.5	0	0.0606897
720	0	0.0606897
720.5	0	0.0606897
721	0	0.0606897
721.5	0	0.0606897
722	0.00486713	0.0601865
722.5	0.131564	0.0602341
723	0.133868	0.0602823
723.5	0.113488	0.0603182
724	0.141245	0.0603809
724.5	0.127346	0.0604269
725	0.127553	0.0604728
725.5	0.127351	0.0605187
726	0.127584	0.0605645
726.5	0.127485	0.0606103
727	0.129068	0.0606623
727.5	0.127449	0.0607079
728	0.127449	0.0607535
728.5	0.127449	0.060799
729	0.127449	0.0608444
729.5	0.126253	0.0608894
730	0.127435	0.0609064
730.5	0	0.0609064
731	0	0.0609064
731.5	0	0.0609064
732	0	0.0609064
732.5	0	0.0609064
733	0	0.0609064
733.5	0.00425164	0.0606187
734	0	0.0606187
734.5	0	0.0606187
735	0	0.0606187
735.5	0	0.0606187
736	0	0.0606187
736.5	0	0.0606187
737	0	0.0606187
737.5	0	0.0606187
738	0	0.0606187
738.5	0	0.0606187
739	0	0.0606187
739.5	0	0.0606187
740	0	0.0606187
740.5	0	0.0606187
741	0	0.0606187
741.5	0.00386123	0.059991
742	0.125972	0.0600357
742.5	0.125049	0.06008
743	0.13105	0.0601319
743.5	0.127449	0.0601769
744	0.127449	0.0602219
744.5	0.127449	0.0602667
745	0.127449	0.0603115
745.5	0.127449	0.0603563
746	0.127449	0.060401
746.5	0.127449	0.0604456
747	0.122733	0.0604886
747.5	0.131957	0.0605402
748	0.127449	0.0605847
748.5	0.127449	0.0606291
749	0.127449	0.0606734
749.5	0.125682	0.0607171
750	0.129266	0.0607619
750.5	0.0707961	0.0607694
751	0.125921	0.060813
751.5	0.127864	0.0608572
752	0.123613	0.0608839
752.5	0	0.0608839
753	0.0138277	0.0608123
753.5	0.127467	0.0608618
754	0.129879	0.0609064
754.5	0.127449	0.0609502
755	0.127449	0.060994
755.5	0.127449	0.0610377
756	0.127449	0.0610813
756.5	0.125748	0.0611244
757	0.127343	0.0611733
757.5	0.127615	0.0612168
758	0.129149	0.0612608
758.5	0.127449	0.0613041
759	0.127449	0.0613474
759.5	0.126788	0.0613904
760	0.128117	0.0614338
760.5	0.127449	0.0614824
761	0.127449	0.0615254
761.5	0.127449	0.0615684
762	0.127449	0.0616114
762.5	0.127449	0.0616543
763	0.127449	0.0616971
763.5	0.127449	0.0617399
764	0.127449	0.0617826
764.5	0.127449	0.0618306
765	0.127449	0.0618732
765.5	0.127449	0.0619158
766	0.127449	0.0619583
766.5	0.127449	0.0620007
767	0.127449	0.0620431
767.5	0.127449	0.0620854
768	0.127449	0.0621277
768.5	0.127449	0.0621752
769	0.127449	0.0622174
769.5	0.127449	0.0622227
770	0	0.0622227
770.5	0	0.0622227
771	0	0.0622227
771.5	0	0.0622227
772	0.0188517	0.0620576
772.5	0.127866	0.0620998
773	0.125041	0.062141
773.5	0.130425	0.0621892
774	0.127449	0.0622311
774.5	0.127449	0.0622572
775	0	0.0622572
775.5	0	0.0622572
776	0	0.0622572
776.5	0	0.0622572
777	0	0.0622572
777.5	0	0.0622572
778	0	0.0622572
778.5	0	0.0622572
779	0	0.0622572
779.5	0	0.0622572
780	0	0.0622572
780.5	0	0.0622572
781	0	0.0622572
781.5	0	0.0622572
782	0	0.0622572
782.5	0	0.0622572
783	0	0.0622572
783.5	0	0.0622572
784	0	0.0622572
784.5	0	0.0622572
785	0	0.0622572
785.5	0	0.0622572
786	0	0.0622572
786.5	0	0.0622572
787	0	0.0622572
787.5	0	0.0622572
788	0	0.0622572
788.5	0	0.0622572
789	0	0.0622572
789.5	0	0.0622572
790	0	0.0622572
790.5	0	0.0622572
791	0	0.0622572
791.5	0	0.0622572
792	0	0.0622572
792.5	0	0.0622572
793	0	0.0622572
793.5	0	0.0622572
794	0	0.0622572
794.5	0	0.0622572
795	0	0.0622572
795.5	0	0.0622572
796	0	0.0622572
796.5	0	0.0622572
797	0	0.0622572
797.5	0	0.0622572
798	0	0.0622572
798.5	0	0.0622572
799	0	0.0622572
799.5	0	0.0622572
800	0	0.0622572
800.5	0	0.0622572
801	0	0.0622572
801.5	0	0.0622572
802	0	0.0622572
802.5	0	0.0622572
803	0	0.0622572
803.5	0	0.0622572
804	0	0.0622572
804.5	0	0.0622572
805	0.00153483	0.0599245
805.5	0.127449	0.0599662
806	0.127449	0.0600077
806.5	0.127449	0.0600544
807	0.127127	0.0600958
807.5	0.127496	0.0601372
808	0.127387	0.0601579
808.5	0	0.0601579
809	0	0.0601579
809.5	0	0.0601579
810	0	0.0601579
810.5	0	0.0601579
811	0	0.0601579
811.5	0	0.0601579
812	0	0.0601579
812.5	0	0.0601579
813	0	0.0601579
813.5	0	0.0601579
814	0	0.0601579
814.5	0.00929074	0.0597326
815	0.124715	0.059773
815.5	0.136579	0.0598167
816	0.127449	0.059863
816.5	0.127449	0.0599041
817	0.127449	0.0599451
817.5	0.127449	0.0599861
818	0.126221	0.0600267
818.5	0.128701	0.0600679
819	0.127449	0.0601088
819.5	0	0.0601088
820	0	0.0601088
820.5	0	0.0601088
821	0	0.0601088
821.5	0	0.0601088
822	0	0.0601088
822.5	0	0.0601088
823	0	0.0601088
823.5	0	0.0601088
824	0	0.0601088
824.5	0	0.0601088
825	0	0.0601088
825.5	0	0.0601088
826	0	0.0601088
826.5	0	0.0601088
827	0	0.0601088
827.5	0	0.0601088
828	0	0.0601088
828.5	0.00412575	0.0594611
829	0.127449	0.0594866
829.5	0	0.0594866
830	0	0.0594866
830.5	0	0.0594866
831	0	0.0594866
831.5	0	0.0594866
832	0	0.0594866
832.5	0	0.0594866
833	0	0.0594866
833.5	0	0.0594866
834	0	0.0594866
834.5	0	0.0594866
835	0.00125867	0.0590485
835.5	0.127449	0.0590891
836	0.127449	0.0591297
836.5	0.125983	0.0591698
837	0.12895	0.0592107
837.5	0.126448	0.0592509
838	0.127485	0.0592913
838.5	0.127408	0.0593316
839	0.12747	0.0593518
839.5	0	0.0593518
840	0	0.0593518
840.5	0	0.0593518
841	0	0.0593518
841.5	0	0.0593518
842	0	0.0593518
842.5	0	0.0593518
843	0	0.0593518
843.5	0	0.0593518
844	0	0.0593518
844.5	0	0.0593518
845	0	0.0593518
845.5	0	0.0593518
846	0	0.0593518
846.5	0	0.0593518
847	0	0.0593518
847.5	0	0.0593518
848	0	0.0593518
848.5	0.000842622	0.0587044
849	0	0.0587044
849.5	0.0320514	0.0586579
850	0.127392	0.0586981
850.5	0.131548	0.0587238
851	0	0.0587238
851.5	0	0.0587238
852	0	0.0587238
852.5	0	0.0587238
853	0	0.0587238
853.5	0	0.0587238
854	0	0.0587238
854.5	0	0.0587238
855	0	0.0587238
855.5	0	0.0587238
856	0.0109783	0.0584025
856.5	0.127722	0.0584425
857	0.127465	0.0584825
857.5	0.126424	0.0585221
858	0.127537	0.058562
858.5	0.127553	0.0586019
859	0.127316	0.0586466
859.5	0.119366	0.0586794
860	0.127477	0.0587091
860.5	0	0.0587091
861	0	0.0587091
861.5	0	0.0587091
862	0	0.0587091
862.5	0	0.0587091
863	0	0.0587091
863.5	0	0.0587091
864	0.0056619	0.0584519
864.5	0.127408	0.0584915
865	0.127599	0.0585311
865.5	0.125204	0.05857
866	0.129808	0.0586101
866.5	0.121175	0.0586478
867	0.12619	0.0586869
867.5	0.124726	0.058711
868	0	0.058711
868.5	0	0.058711
869	0	0.058711
869.5	0	0.058711
870	0	0.058711
870.5	0	0.058711
871	0	0.058711
871.5	0	0.058711
872	0	0.058711
872.5	0	0.058711
873	0.00552362	0.0583622
873.5	0.127449	0.0584015
874	0.127449	0.0584407
874.5	0.127449	0.0584847
875	0.127449	0.0585238
875.5	0.127449	0.0585629
876	0.127449	0.0586019
876.5	0.127449	0.0586409
877	0.127449	0.0586652
877.5	0	0.0586652
878	0	0.0586652
878.5	0	0.0586652
879	0	0.0586652
879.5	0	0.0586652
880	0	0.0586652
880.5	0	0.0586652
881	0	0.0586652
881.5	0.00664065	0.0583842
882	0.124621	0.0584223
882.5	0.135827	0.0584632
883	0.125029	0.0585013
883.5	0.129954	0.0585406
884	0.127108	0.0585792
884.5	0.127583	0.0586227
885	0.128167	0.0586615
885.5	0.126774	0.0586999
886	0.127444	0.0587384
886.5	0.127413	0.0587768
887	0.127402	0.0588152
887.5	0.127532	0.0588536
888	0.128059	0.0588969
888.5	0.127449	0.0589352
889	0.127449	0.0589543
889.5	0	0.0589543
890	0	0.0589543
890.5	0	0.0589543
891	0	0.0589543
891.5	0	0.0589543
892	0	0.0589543
892.5	0	0.0589543
893	0	0.0589543
893.5	0	0.0589543
894	0	0.0589543
894.5	0	0.0589543
895	0	0.0589543
895.5	0	0.0589543
896	0	0.0589543
896.5	0	0.0589543
897	0	0.0589543
897.5	0	0.0589543
898	0	0.0589543
898.5	0	0.0589543
899	0	0.0589543
899.5	0	0.0589543
900	0	0.0589543
900.5	0.00133985	0.0581995
901	0.127408	0.0582424
901.5	0.127465	0.0582804
902	0.127434	0.0583185
902.5	0.122848	0.0583553
903	0.127459	0.0583932
903.5	0.132385	0.0584324
904	0.123947	0.0584693
904.5	0.130899	0.058508
905	0.12827	0.0585507
905.5	0.127449	0.0585885
906	0.127449	0.0586262
906.5	0.127449	0.0586639
907	0.127449	0.0587015
907.5	0.127449	0.0587297
908	0.0385557	0.058716
908.5	0.127564	0.0587583
909	0.127387	0.0587957
909.5	0.126507	0.0588329
910	0.129089	0.0588707
910.5	0.127449	0.0589081
911	0.12588	0.058945
911.5	0.127382	0.0589823
912	0.127444	0.0590195
912.5	0.128943	0.0590618
913	0.127449	0.0590989
913.5	0.127449	0.0591361
914	0.127449	0.0591731
914.5	0.127449	0.0592102
915	0.127449	0.0592472
915.5	0.127449	0.0592841
916	0.127449	0.059321
916.5	0.127449	0.0593349
917	0	0.0593349
917.5	0	0.0593349
918	0	0.0593349
918.5	0	0.0593349
919	0	0.0593349
919.5	0	0.0593349
920	0	0.0593349
920.5	0.00360332	0.0590693
921	0.125048	0.0591055
921.5	0.127423	0.0591423
922	0.127568	0.0591791
922.5	0.127387	0.0592158
923	0.127392	0.0592524
923.5	0.127444	0.0592891
924	0.127481	0.0593302
924.5	0.129961	0.0593674
925	0.127428	0.0594039
925.5	0	0.0594039
926	0	0.0594039
926.5	0	0.0594039
927	0	0.0594039
927.5	0	0.0594039
928	0	0.0594039
928.5	0	0.0594039
929	0	0.0594039
929.5	0	0.0594039
930	0	0.0594039
930.5	0	0.0594039
931	0	0.0594039
931.5	0	0.0594039
932	0	0.0594039
932.5	0	0.0594039
933	0	0.0594039
933.5	0	0.0594039
934	0.00608461	0.058885
934.5	0.127356	0.0589214
935	0.127459	0.0589577
935.5	0.128193	0.0589942
936	0.127449	0.0590305
936.5	0.127449	0.0590667
937	0.127449	0.0591029
937.5	0.127449	0.0591436
938	0.127449	0.0591797
938.5	0.127449	0.0592158
939	0.127449	0.0592518
939.5	0.127449	0.0592878
940	0.125803	0.0593234
940.5	0.127434	0.0593593
941	0.127656	0.0593772
941.5	0	0.0593772
942	0.0364272	0.0593455
942.5	0.127449	0.0593814
943	0.127449	0.0594172
943.5	0.127256	0.0594529
944	0.127149	0.0594707
944.5	0	0.0594707
945	0	0.0594707
945.5	0	0.0594707
946	0	0.0594707
946.5	0.0141599	0.0593372
947	0.133914	0.0593465
947.5	0	0.0593465
948	0	0.0593465
948.5	0.0208544	0.0592696
949	0.127449	0.0593052
949.5	0.127449	0.0593408
950	0.127449	0.0593764
950.5	0.127449	0.0594119
951	0.127449	0.0594474
951.5	0.127449	0.0594518
952	0	0.0594518
952.5	0.0106289	0.0593756
953	0.127449	0.059411
953.5	0.125593	0.0594459
954	0.125174	0.0594807
954.5	0.127408	0.059516
955	0.125491	0.0595508
955.5	0.127584	0.0595861
956	0.127482	0.0596081
956.5	0	0.0596081
957	0	0.0596081
957.5	0	0.0596081
958	0	0.0596081
958.5	0	0.0596081
959	0	0.0596081
959.5	0	0.0596081
960	0	0.0596081
960.5	0	0.0596081
961	0	0.0596081
961.5	0	0.0596081
962	0	0.0596081
962.5	0	0.0596081
963	0	0.0596081
963.5	0	0.0596081
964	0	0.0596081
964.5	0	0.0596081
965	0	0.0596081
965.5	0	0.0596081
966	0	0.0596081
966.5	0	0.0596081
967	0	0.0596081
967.5	0	0.0596081
968	0	0.0596081
968.5	0	0.0596081
969	0	0.0596081
969.5	0	0.0596081
970	0.00441942	0.0587946
970.5	0.127449	0.0588296
971	0.126511	0.0588645
971.5	0.127522	0.0588995
972	0.125417	0.058934
972.5	0.12959	0.0589738
973	0.127242	0.0590087
973.5	0.125999	0.0590432
974	0.129055	0.0590784
974.5	0.128109	0.0591133
975	0.127449	0.0591481
975.5	0.127449	0.0591828
976	0.127449	0.0592175
976.5	0.120809	0.0592504
977	0.131887	0.0592905
977.5	0.124925	0.0593245
978	0.131498	0.0593599
978.5	0.128287	0.0593946
979	0.127449	0.0594291
979.5	0.127449	0.0594635
980	0.127449	0.0594979
980.5	0.127449	0.0595366
981	0.127449	0.0595623
981.5	0	0.0595623
982	0	0.0595623
982.5	0	0.0595623
983	0	0.0595623
983.5	0.00911111	0.0594289
984	0.127449	0.0594675
984.5	0.127449	0.0594889
985	0	0.0594889
985.5	0	0.0594889
986	0	0.0594889
986.5	0	0.0594889
987	0	0.0594889
987.5	0	0.0594889
988	0.0148733	0.059321
988.5	0.127511	0.0593552
989	0.127418	0.0593893
989.5	0.129878	0.059424
990	0.125049	0.0594575
990.5	0.129943	0.0594921
991	0.125069	0.0595255
991.5	0.12968	0.0595643
992	0.127418	0.0595982
992.5	0.127377	0.0596321
993	0.127439	0.0596659
993.5	0.127465	0.0596998
994	0.125048	0.059733
994.5	0.129937	0.0597673
995	0.127307	0.0597968
995.5	0	0.0597968
996	0	0.0597968
996.5	0	0.0597968
997	0.0301298	0.0597344
997.5	0.125114	0.0597675
998	0.125119	0.0598005
998.5	0.12939	0.0598346
999	0.127434	0.0598681
999.5	0.137683	0.0598771
1000	0	0.0598771
1000.5	0	0.0598771
1001	0.0121704	0.0597843
1001.5	0.127579	0.0598136
1002	0.127426	0.0598513
1002.5	0.125024	0.0598841
1003	0.127454	0.0599175
1003.5	0.13027	0.0599472
1004	0	0.0599472
1004.5	0	0.0599472
1005	0	0.0599472
1005.5	0	0.0599472
1006	0	0.0599472
1006.5	0	0.0599472
1007	0	0.0599472
1007.5	0	0.0599472
1008	0	0.0599472
1008.5	0.00462187	0.0596661
1009	0	0.0596661
1009.5	0.0479554	0.0596546
1010	0.127449	0.0596879
1010.5	0.127449	0.0597211
1011	0.127449	0.0597543
1011.5	0.127449	0.0597916
1012	0.127449	0.0598248
1012.5	0.127449	0.0598579
1013	0.127449	0.059891
1013.5	0.127449	0.059924
1014	0.127449	0.059957
1014.5	0.127449	0.05999
1015	0.127449	0.0600229
1015.5	0.127449	0.0600599
1016	0.127449	0.0600928
1016.5	0.127449	0.0601257
1017	0.127449	0.0601585
1017.5	0.127449	0.0601913
1018	0.127449	0.060224
1018.5	0.127449	0.0602567
1019	0.127449	0.0602894
1019.5	0.127449	0.0603139
1020	0.0232898	0.0602893
1020.5	0.127449	0.0603097
1021	0	0.0603097
1021.5	0	0.0603097
1022	0	0.0603097
1022.5	0	0.0603097
1023	0	0.0603097
1023.5	0.00996513	0.0601538
1024	0.127449	0.0601904
1024.5	0.127449	0.0602229
1025	0.127449	0.0602555
1025.5	0.127449	0.0602879
1026	0.125297	0.0603199
1026.5	0.12679	0.0603279
1027	0	0.0603279
1027.5	0	0.0603279
1028	0	0.0603279
1028.5	0	0.0603279
1029	0	0.0603279
1029.5	0	0.0603279
1030	0	0.0603279
1030.5	0	0.0603279
1031	0	0.0603279
1031.5	0	0.0603279
1032	0	0.0603279
1032.5	0	0.0603279
1033	0	0.0603279
1033.5	0	0.0603279
1034	0	0.0603279
1034.5	0	0.0603279
1035	0	0.0603279
1035.5	0	0.0603279
1036	0	0.0603279
1036.5	0	0.0603279
1037	0	0.0603279
1037.5	0	0.0603279
1038	0	0.0603279
1038.5	0	0.0603279
1039	0	0.0603279
1039.5	0	0.0603279
1040	0	0.0603279
1040.5	0	0.0603279
1041	0	0.0603279
1041.5	0	0.0603279
1042	0	0.0603279
1042.5	0	0.0603279
1043	0	0.0603279
1043.5	0	0.0603279
1044	0	0.0603279
1044.5	0.00256206	0.0593054
1045	0.127449	0.0593135
1045.5	0	0.0593135
1046	0	0.0593135
1046.5	0	0.0593135
1047	0	0.0593135
1047.5	0	0.0593135
1048	0	0.0593135
1048.5	0	0.0593135
1049	0	0.0593135
1049.5	0	0.0593135
1050	0	0.0593135
1050.5	0	0.0593135
1051	0	0.0593135
1051.5	0	0.0593135
1052	0	0.0593135
1052.5	0	0.0593135
1053	0	0.0593135
1053.5	0	0.0593135
1054	0	0.0593135
1054.5	0.00475809	0.0587985
1055	0	0.0587985
1055.5	0	0.0587985
1056	0	0.0587985
1056.5	0	0.0587985
1057	0.00942762	0.0586811
1057.5	0.127449	0.0587133
1058	0.127449	0.0587455
1058.5	0.127449	0.0587777
1059	0.127449	0.0588098
1059.5	0.127449	0.0588459
1060	0.127449	0.058878
1060.5	0.127449	0.058882
1061	0	0.058882
1061.5	0.0325703	0.058846
1062	0.127449	0.058878
1062.5	0.127449	0.05891
1063	0.127449	0.0589419
1063.5	0.127449	0.0589738
1064	0.127449	0.0590057
1064.5	0.117185	0.0590352
1065	0.127449	0.059067
1065.5	0.127449	0.0590988
1066	0.127449	0.0591306
1066.5	0.127449	0.0591623
1067	0.127449	0.059194
1067.5	0.125363	0.0592253
1068	0.12734	0.0592569
1068.5	0.127523	0.0592925
1069	0.127496	0.0593241
1069.5	0.127387	0.0593556
1070	0.127387	0.0593871
1070.5	0.127516	0.0594187
1071	0.127496	0.0594501
1071.5	0.12748	0.0594816
1072	0.127408	0.059513
1072.5	0.125069	0.0595439
1073	0.12744	0.0595791
1073.5	0.132175	0.0596115
1074	0.127449	0.0596427
1074.5	0.127449	0.059674
1075	0.127449	0.0596857
1075.5	0	0.0596857
1076	0	0.0596857
1076.5	0	0.0596857
1077	0	0.0596857
1077.5	0	0.0596857
1078	0	0.0596857
1078.5	0.0122141	0.0595151
1079	0.126476	0.059546
1079.5	0.127522	0.0595772
1080	0.127361	0.0596083
1080.5	0.127537	0.0596395
1081	0.127397	0.0596705
1081.5	0.125302	0.0597011
1082	0.127351	0.0597321
1082.5	0.129577	0.0597675
1083	0.127444	0.0597985
1083.5	0.12748	0.0598294
1084	0.127387	0.0598449
1084.5	0	0.0598449
1085	0.0188086	0.0597972
1085.5	0.127449	0.0598281
1086	0.125441	0.0598585
1086.5	0.128014	0.0598895
1087	0.128941	0.0599206
1087.5	0.127449	0.0599513
1088	0.127449	0.0599859
1088.5	0.127449	0.0600166
1089	0.127449	0.0600473
1089.5	0.127449	0.060078
1090	0.127018	0.0601085
1090.5	0.127883	0.0601392
1091	0.127449	0.0601697
1091.5	0.127449	0.0602003
1092	0.127449	0.0602079
1092.5	0	0.0602079
1093	0	0.0602079
1093.5	0	0.0602079
1094	0	0.0602079
1094.5	0	0.0602079
1095	0	0.0602079
1095.5	0.0141094	0.0600431
1096	0.12732	0.0600736
1096.5	0.127511	0.060104
1097	0.127449	0.0601382
1097.5	0.127449	0.0601458
1098	0	0.0601458
1098.5	0	0.0601458
1099	0	0.0601458
1099.5	0	0.0601458
1100	0	0.0601458
1100.5	0	0.0601458
1101	0	0.0601458
1101.5	0	0.0601458
1102	0.0112909	0.0599289
1102.5	0.123833	0.0599585
1103	0.124395	0.0599881
1103.5	0.0194182	0.0599732
1104	0	0.0599732
1104.5	0	0.0599732
1105	0	0.0599732
1105.5	0	0.0599732
1106	0.00616171	0.0598485
1106.5	0	0.0598485
1107	0.0153335	0.0598072
1107.5	0.127601	0.0598185
1108	0	0.0598185
1108.5	0	0.0598185
1109	0	0.0598185
1109.5	0	0.0598185
1110	0	0.0598185
1110.5	0	0.0598185
1111	0.00410652	0.0596258
1111.5	0.127449	0.059656
1112	0.127449	0.0596862
1112.5	0.127449	0.0597164
1113	0.127449	0.0597503
1113.5	0.127449	0.0597804
1114	0.127449	0.0598105
1114.5	0.127449	0.0598406
1115	0.127449	0.0598706
1115.5	0.127449	0.0599006
1116	0.127259	0.0599306
1116.5	0.127382	0.0599605
1117	0.127678	0.0599942
1117.5	0.127449	0.0600241
1118	0.127449	0.060054
1118.5	0.127449	0.0600838
1119	0.127449	0.0601099
1119.5	0	0.0601099
1120	0	0.0601099
1120.5	0.0149943	0.0600464
1121	0.122815	0.0600751
1121.5	0.127532	0.06009
1122	0	0.06009
1122.5	0	0.06009
1123	0	0.06009
1123.5	0	0.06009
1124	0	0.06009
1124.5	0	0.06009
1125	0	0.06009
1125.5	0	0.06009
1126	0	0.06009
1126.5	0	0.06009
1127	0	0.06009
1127.5	0	0.06009
1128	0	0.06009
1128.5	0	0.06009
1129	0	0.06009
1129.5	0	0.06009
1130	0.00448686	0.0596573
1130.5	0.0926647	0.0596698
1131	0.122469	0.059702
1131.5	0.129707	0.0597321
1132	0.12051	0.0597602
1132.5	0.12739	0.0597861
1133	0.133898	0.0598246
1133.5	0.129536	0.0598546
1134	0.128797	0.0598844
1134.5	0.127449	0.0599139
1135	0.127449	0.0599434
1135.5	0.127449	0.0599728
1136	0.127449	0.0600059
1136.5	0.127449	0.0600353
1137	0.127449	0.0600647
1137.5	0.127449	0.060094
1138	0.127449	0.0601124
1138.5	0	0.0601124
1139	0	0.0601124
1139.5	0	0.0601124
1140	0	0.0601124
1140.5	0	0.0601124
1141	0	0.0601124
1141.5	0	0.0601124
1142	0	0.0601124
1142.5	0.00499622	0.0598838
1143	0.127449	0.0599131
1143.5	0.126926	0.0599422
1144	0.127165	0.0599714
1144.5	0.126917	0.0600005
1145	0.114031	0.0600201
1145.5	0	0.0600201
1146	0	0.0600201
1146.5	0	0.0600201
1147	0	0.0600201
1147.5	0	0.0600201
1148	0	0.0600201
1148.5	0	0.0600201
1149	0	0.0600201
1149.5	0	0.0600201
1150	0	0.0600201
1150.5	0	0.0600201
1151	0	0.0600201
1151.5	0	0.0600201
1152	0	0.0600201
1152.5	0	0.0600201
1153	0	0.0600201
1153.5	0.00091574	0.0595786
1154	0.127449	0.0596114
1154.5	0.127449	0.0596405
1155	0.127449	0.0596477
1155.5	0	0.0596477
1156	0	0.0596477
1156.5	0	0.0596477
1157	0	0.0596477
1157.5	0	0.0596477
1158	0	0.0596477
1158.5	0	0.0596477
1159	0	0.0596477
1159.5	0	0.0596477
1160	0	0.0596477
1160.5	0	0.0596477
1161	0	0.0596477
1161.5	0	0.0596477
1162	0	0.0596477
1162.5	0	0.0596477
1163	0	0.0596477
1163.5	0.00441816	0.0592239
1164	0.127449	0.0592348
1164.5	0	0.0592348
1165	0	0.0592348
1165.5	0	0.0592348
1166	0	0.0592348
1166.5	0	0.0592348
1167	0	0.0592348
1167.5	0	0.0592348
1168	0	0.0592348
1168.5	0	0.0592348
1169	0	0.0592348
1169.5	0	0.0592348
1170	0	0.0592348
1170.5	0.00344579	0.0589074
1171	0.127315	0.0589364
1171.5	0.127473	0.0589617
1172	0.127514	0.0589943
1172.5	0.127402	0.0590232
1173	0.125099	0.0590516
1173.5	0.132447	0.0590814
1174	0.122175	0.0591057
1174.5	0	0.0591057
1175	0	0.0591057
1175.5	0	0.0591057
1176	0	0.0591057
1176.5	0	0.0591057
1177	0	0.0591057
1177.5	0	0.0591057
1178	0	0.0591057
1178.5	0	0.0591057
1179	0.00461697	0.0588688
1179.5	0.125195	0.0588936
1180	0.134585	0.0589237
1180.5	0.0436089	0.0589167
1181	0.0889464	0.0589302
1181.5	0.120603	0.0589575
1182	0.124779	0.0589857
1182.5	0.187163	0.0590405
1183	0.14827	0.0590766
1183.5	0.129608	0.0591056
1184	0.127449	0.0591342
1184.5	0.127449	0.0591663
1185	0.127192	0.0591948
1185.5	0.12814	0.0592056
1186	0	0.0592056
1186.5	0	0.0592056
1187	0	0.0592056
1187.5	0	0.0592056
1188	0	0.0592056
1188.5	0	0.0592056
1189	0	0.0592056
1189.5	0	0.0592056
1190	0	0.0592056
1190.5	0.00602843	0.0589718
1191	0	0.0589718
1191.5	0	0.0589718
1192	0	0.0589718
1192.5	0	0.0589718
1193	0	0.0589718
1193.5	0	0.0589718
1194	0	0.0589718
1194.5	0	0.0589718
1195	0	0.0589718
1195.5	0.00928043	0.0587598
1196	0.127449	0.0587882
1196.5	0.127449	0.0588202
1197	0.126773	0.0588484
1197.5	0.127501	0.0588768
1198	0.127346	0.0589051
1198.5	0.128185	0.0589336
1199	0.127449	0.0589619
1199.5	0.127449	0.0589901
1200	0.127449	0.0590184
1200.5	0.127449	0.0590501
1201	0.127449	0.0590783
1201.5	0.125418	0.0591061
1202	0.127418	0.0591343
1202.5	0.127579	0.0591624
1203	0.127304	0.0591905
1203.5	0.127516	0.0592186
1204	0.127434	0.0592467
1204.5	0.127542	0.0592747
1205	0.12744	0.0593062
1205.5	0.12734	0.0593342
1206	0.127214	0.0593621
1206.5	0.129813	0.0593905
1207	0.127449	0.0594184
1207.5	0	0.0594184
1208	0	0.0594184
1208.5	0	0.0594184
1209	0	0.0594184
1209.5	0	0.0594184
1210	0	0.0594184
1210.5	0	0.0594184
1211	0	0.0594184
1211.5	0	0.0594184
1212	0	0.0594184
1212.5	0	0.0594184
1213	0	0.0594184
1213.5	0	0.0594184
1214	0	0.0594184
1214.5	0.00832843	0.0590997
1215	0.127449	0.0591275
1215.5	0.127449	0.0591554
1216	0.127449	0.0591832
1216.5	0.127449	0.059211
1217	0.121843	0.0592376
1217.5	0.117624	0.0592601
1218	0.13907	0.0592936
1218.5	0.130356	0.0593253
1219	0.127449	0.059353
1219.5	0.127449	0.0593807
1220	0.119737	0.0594067
1220.5	0.136148	0.0594322
1221	0.107289	0.0594438
1221.5	0	0.0594438
1222	0.0248464	0.0594078
1222.5	0.129869	0.0594393
1223	0.127449	0.0594668
1223.5	0.127449	0.0594943
1224	0.127449	0.0595218
1224.5	0.127449	0.0595493
1225	0.127449	0.0595767
1225.5	0.127449	0.0596042
1226	0.127449	0.0596316
1226.5	0.127449	0.059635
1227	0	0.059635
1227.5	0	0.059635
1228	0	0.059635
1228.5	0	0.059635
1229	0	0.059635
1229.5	0	0.059635
1230	0	0.059635
1230.5	0	0.059635
1231	0	0.059635
1231.5	0	0.059635
1232	0	0.059635
1232.5	0	0.059635
1233	0	0.059635
1233.5	0	0.059635
1234	0	0.059635
1234.5	0	0.059635
1235	0	0.059635
1235.5	0	0.059635
1236	0	0.059635
1236.5	0	0.059635
1237	0	0.059635
1237.5	0	0.059635
1238	0	0.059635
1238.5	0	0.059635
1239	0	0.059635
1239.5	0	0.059635
1240	0	0.059635
1240.5	0	0.059635
1241	0	0.059635
1241.5	0	0.059635
1242	0	0.059635
1242.5	0.00333096	0.0588839
1243	0.128096	0.0589114
1243.5	0.127449	0.0589387
1244	0.127449	0.0589659
1244.5	0.127449	0.0589898
1245	0	0.0589898
1245.5	0	0.0589898
1246	0	0.0589898
1246.5	0	0.0589898
1247	0	0.0589898
1247.5	0	0.0589898
1248	0	0.0589898
1248.5	0	0.0589898
1249	0	0.0589898
1249.5	0	0.0589898
1250	0	0.0589898
1250.5	0	0.0589898
1251	0	0.0589898
1251.5	0	0.0589898
1252	0	0.0589898
1252.5	0	0.0589898
1253	0	0.0589898
1253.5	0	0.0589898
1254	0	0.0589898
1254.5	0.0038927	0.0585449
1255	0.127449	0.0585721
1255.5	0.127449	0.0585992
1256	0.126594	0.0586262
1256.5	0.127459	0.0586533
1257	0.127329	0.0586838
1257.5	0.127589	0.0587109
1258	0.127532	0.0587379
1258.5	0.127459	0.0587649
1259	0.125119	0.0587915
1259.5	0.129744	0.0588189
1260	0.126909	0.0588424
1260.5	0	0.0588424
1261	0.0494348	0.0588341
1261.5	0.127449	0.058861
1262	0.125541	0.0588876
1262.5	0.129416	0.0589148
1263	0.127449	0.0589417
1263.5	0.127449	0.0589685
1264	0.127449	0.0589953
1264.5	0.127449	0.0590221
1265	0.127449	0.0590522
1265.5	0.127449	0.059079
1266	0.127449	0.0591057
1266.5	0.127449	0.0591324
1267	0.127449	0.0591591
1267.5	0.127449	0.0591791
1268	0	0.0591791
1268.5	0	0.0591791
1269	0	0.0591791
1269.5	0.0295404	0.0591293
1270	0.129622	0.0591563
1270.5	0.127426	0.0591862
1271	0.127459	0.0592128
1271.5	0.127434	0.0592394
1272	0.124567	0.0592654
1272.5	0.124299	0.0592848
1273	0	0.0592848
1273.5	0	0.0592848
1274	0	0.0592848
1274.5	0	0.0592848
1275	0	0.0592848
1275.5	0	0.0592848
1276	0	0.0592848
1276.5	0	0.0592848
1277	0	0.0592848
1277.5	0	0.0592848
1278	0	0.0592848
1278.5	0.00387428	0.0590202
1279	0.127398	0.05905
1279.5	0.127439	0.0590764
1280	0.127459	0.0591029
1280.5	0.127444	0.0591293
1281	0.127371	0.0591557
1281.5	0.127537	0.0591821
1282	0.127501	0.0592084
1282.5	0.127449	0.0592348
1283	0	0.0592348
1283.5	0	0.0592348
1284	0	0.0592348
1284.5	0	0.0592348
1285	0	0.0592348
1285.5	0	0.0592348
1286	0	0.0592348
1286.5	0	0.0592348
1287	0	0.0592348
1287.5	0	0.0592348
1288	0	0.0592348
1288.5	0	0.0592348
1289	0	0.0592348
1289.5	0	0.0592348
1290	0	0.0592348
1290.5	0.00685078	0.0589077
1291	0.127449	0.0589307
1291.5	0	0.0589307
1292	0	0.0589307
1292.5	0	0.0589307
1293	0	0.0589307
1293.5	0	0.0589307
1294	0	0.0589307
1294.5	0	0.0589307
1295	0	0.0589307
1295.5	0	0.0589307
1296	0	0.0589307
1296.5	0	0.0589307
1297	0	0.0589307
1297.5	0	0.0589307
1298	0	0.0589307
1298.5	0	0.0589307
1299	0	0.0589307
1299.5	0	0.0589307
1300	0	0.0589307
1300.5	0	0.0589307
1301	0	0.0589307
1301.5	0	0.0589307
1302	0	0.0589307
1302.5	0	0.0589307
1303	0	0.0589307
1303.5	0	0.0589307
1304	0	0.0589307
1304.5	0	0.0589307
1305	0	0.0589307
1305.5	0	0.0589307
1306	0	0.0589307
1306.5	0	0.0589307
1307	0	0.0589307
1307.5	0	0.0589307
1308	0	0.0589307
1308.5	0.00133785	0.0581525
1309	0.129066	0.058179
1309.5	0.127828	0.0582052
1310	0.127449	0.0582314
1310.5	0.127449	0.0582608
1311	0.127449	0.0582706
1311.5	0	0.0582706
1312	0	0.0582706
1312.5	0	0.0582706
1313	0.0207422	0.0582054
1313.5	0	0.0582054
1314	0.0310363	0.0581844
1314.5	0.127418	0.0582105
1315	0.12747	0.0582365
1315.5	0.125783	0.0582623
1316	0.129407	0.0582919
1316.5	0.127449	0.0583179
1317	0.126769	0.0583406
1317.5	0.10668	0.058346
1318	0	0.058346
1318.5	0	0.058346
1319	0	0.058346
1319.5	0	0.058346
1320	0	0.058346
1320.5	0	0.058346
1321	0	0.058346
1321.5	0	0.058346
1322	0	0.058346
1322.5	0	0.058346
1323	0	0.058346
1323.5	0	0.058346
1324	0	0.058346
1324.5	0	0.058346
1325	0	0.058346
1325.5	0	0.058346
1326	0	0.058346
1326.5	0	0.058346
1327	0	0.058346
1327.5	0	0.058346
1328	0	0.058346
1328.5	0	0.058346
1329	0	0.058346
1329.5	0	0.058346
1330	0	0.058346
1330.5	0	0.058346
1331	0	0.058346
1331.5	0.00380293	0.0577516
1332	0.127449	0.0577775
1332.5	0	0.0577775
1333	0	0.0577775
1333.5	0	0.0577775
1334	0	0.0577775
1334.5	0.0125649	0.0576924
1335	0.127449	0.0577183
1335.5	0.127449	0.0577441
1336	0.127449	0.0577538
1336.5	0	0.0577538
1337	0	0.0577538
1337.5	0	0.0577538
1338	0	0.0577538
1338.5	0	0.0577538
1339	0	0.0577538
1339.5	0.0164844	0.0576359
1340	0.127185	0.057652
1340.5	0.0678044	0.0576555
1341	0	0.0576555
1341.5	0	0.0576555
1342	0	0.0576555
1342.5	0	0.0576555
1343	0	0.0576555
1343.5	0	0.0576555
1344	0	0.0576555
1344.5	0	0.0576555
1345	0	0.0576555
1345.5	0	0.0576555
1346	0	0.0576555
1346.5	0	0.0576555
1347	0	0.0576555
1347.5	0	0.0576555
1348	0	0.0576555
1348.5	0	0.0576555
1349	0	0.0576555
1349.5	0	0.0576555
1350	0	0.0576555
1350.5	0	0.0576555
1351	0	0.0576555
1351.5	0	0.0576555
1352	0	0.0576555
1352.5	0	0.0576555
1353	0	0.0576555
1353.5	0	0.0576555
1354	0	0.0576555
1354.5	0.00330477	0.0570813
1355	0.127506	0.057107
1355.5	0.127387	0.0571326
1356	0.125238	0.0571579
1356.5	0.130171	0.0571873
1357	0.126585	0.0571904
1357.5	0	0.0571904
1358	0.0113277	0.0571434
1358.5	0.127449	0.0571594
1359	0	0.0571594
1359.5	0	0.0571594
1360	0.00462131	0.0570935
1360.5	0.128461	0.0571193
1361	0.127504	0.0571481
1361.5	0.127816	0.0571737
1362	0.127413	0.0571992
1362.5	0.127408	0.0572247
1363	0.127402	0.0572502
1363.5	0.127091	0.0572756
1364	0.127475	0.0573011
1364.5	0.129082	0.05733
1365	0.125701	0.0573551
1365.5	0.0478323	0.0573517
1366	0.12849	0.0573772
1366.5	0.127256	0.0574026
1367	0.127642	0.057428
1367.5	0.127449	0.0574343
1368	0.0514716	0.0574303
1368.5	0.126954	0.0574334
1369	0	0.0574334
1369.5	0	0.0574334
1370	0	0.0574334
1370.5	0	0.0574334
1371	0	0.0574334
1371.5	0	0.0574334
1372	0	0.0574334
1372.5	0	0.0574334
1373	0.00320723	0.0572393
1373.5	0.127449	0.0572646
1374	0.127449	0.057293
1374.5	0.127449	0.0573183
1375	0.127449	0.0573435
1375.5	0.127449	0.0573687
1376	0.127449	0.0573939
1376.5	0.127449	0.0574002
1377	0	0.0574002
1377.5	0	0.0574002
1378	0	0.0574002
1378.5	0	0.0574002
1379	0	0.0574002
1379.5	0	0.0574002
1380	0	0.0574002
1380.5	0	0.0574002
1381	0	0.0574002
1381.5	0	0.0574002
1382	0	0.0574002
1382.5	0.00614532	0.0571625
1383	0.127449	0.0571876
1383.5	0.127449	0.0572127
1384	0.127449	0.0572378
1384.5	0.127449	0.0572661
1385	0.127131	0.0572911
1385.5	0.127402	0.0573161
1386	0.127434	0.0573412
1386.5	0.111522	0.0573439
1387	0	0.0573439
1387.5	0	0.0573439
1388	0	0.0573439
1388.5	0	0.0573439
1389	0	0.0573439
1389.5	0	0.0573439
1390	0	0.0573439
1390.5	0	0.0573439
1391	0	0.0573439
1391.5	0	0.0573439
1392	0	0.0573439
1392.5	0	0.0573439
1393	0	0.0573439
1393.5	0	0.0573439
1394	0	0.0573439
1394.5	0.00654016	0.0570366
1395	0.127449	0.0570647
1395.5	0.127449	0.0570896
1396	0.127449	0.0571146
1396.5	0.127449	0.0571301
1397	0.0939768	0.0571478
1397.5	0.127449	0.0571727
1398	0.127449	0.057179
1398.5	0	0.057179
1399	0.0170335	0.0571391
1399.5	0.127413	0.057164
1400	0.127518	0.0571919
1400.5	0.127392	0.0572167
1401	0.127485	0.0572415
1401.5	0.127542	0.0572663
1402	0.127325	0.0572911
1402.5	0.125154	0.0573155
1403	0.132276	0.0573409
1403.5	0.127449	0.0573687
1404	0.127449	0.0573934
1404.5	0.127449	0.0574181
1405	0.127449	0.0574428
1405.5	0.127449	0.0574674
1406	0.127449	0.057492
1406.5	0.127449	0.0575166
1407	0.127449	0.0575412
1407.5	0.127449	0.0575689
1408	0.127449	0.0575934
1408.5	0.123186	0.0576173
1409	0.124827	0.0576383
1409.5	0.127431	0.0576659
1410	0.134163	0.057685
1410.5	0	0.057685
1411	0.0417675	0.0576723
1411.5	0.127434	0.0576967
1412	0	0.0576967
1412.5	0	0.0576967
1413	0	0.0576967
1413.5	0	0.0576967
1414	0	0.0576967
1414.5	0	0.0576967
1415	0.00668116	0.0575691
1415.5	0	0.0575691
1416	0	0.0575691
1416.5	0	0.0575691
1417	0	0.0575691
1417.5	0	0.0575691
1418	0	0.0575691
1418.5	0	0.0575691
1419	0.0078255	0.0574279
1419.5	0.127449	0.0574523
1420	0.127449	0.0574767
1420.5	0.127449	0.0575011
1421	0.127449	0.0575254
1421.5	0.127449	0.0575497
1422	0.127449	0.0575741
1422.5	0.127449	0.0575953
1423	0	0.0575953
1423.5	0	0.0575953
1424	0	0.0575953
1424.5	0	0.0575953
1425	0	0.0575953
1425.5	0.0204025	0.0575147
1426	0.127176	0.0575389
1426.5	0.105225	0.0575564
1427	0.149753	0.0575904
1427.5	0.127549	0.0576147
1428	0.127449	0.0576358
1428.5	0	0.0576358
1429	0.0654393	0.0576418
1429.5	0.127408	0.0576659
1430	0.127449	0.05769
1430.5	0.127361	0.0577142
1431	0.127511	0.0577383
1431.5	0.127449	0.0577624
1432	0.127428	0.0577864
1432.5	0.12749	0.0578105
1433	0.127463	0.0578375
1433.5	0.127418	0.0578616
1434	0.127501	0.0578856
1434.5	0.122839	0.0579088
1435	0.125129	0.0579324
1435.5	0.137413	0.0579546
1436	0.122141	0.0579633
1436.5	0	0.0579633
1437	0	0.0579633
1437.5	0.0208678	0.0579146
1438	0.12747	0.0579385
1438.5	0.127413	0.0579624
1439	0.128571	0.0579895
1439.5	0.127449	0.0580133
1440	0.127449	0.0580372
1440.5	0.127449	0.058061
1441	0.121625	0.058081
1441.5	0.13238	0.0581086
1442	0.127449	0.0581324
1442.5	0.127449	0.0581562
1443	0.127449	0.0581829
1443.5	0.127449	0.0582067
1444	0.127449	0.0582304
1444.5	0.127449	0.0582541
1445	0.127449	0.0582778
1445.5	0.127449	0.0583014
1446	0.127449	0.0583251
1446.5	0.127449	0.0583487
1447	0.127449	0.0583753
1447.5	0.127449	0.0583989
1448	0.127449	0.0584107
1448.5	0	0.0584107
1449	0.043716	0.0583979
1449.5	0.125174	0.0584211
1450	0.128335	0.0584448
1450.5	0.127542	0.0584683
1451	0.121515	0.0584852
1451.5	0.103325	0.0585041
1452	0.147885	0.0585369
1452.5	0.143571	0.0585658
1453	0.125169	0.0585889
1453.5	0.125034	0.058612
1454	0.133212	0.0586332
1454.5	0	0.0586332
1455	0	0.0586332
1455.5	0	0.0586332
1456	0	0.0586332
1456.5	0	0.0586332
1457	0	0.0586332
1457.5	0.0177363	0.0585335
1458	0.127449	0.0585598
1458.5	0.127449	0.0585831
1459	0.125137	0.0586061
1459.5	0.127428	0.0586294
1460	0.127537	0.0586528
1460.5	0.127397	0.0586761
1461	0.129832	0.0586997
1461.5	0.127449	0.058723
1462	0.127449	0.0587491
1462.5	0.127449	0.0587724
1463	0.127449	0.0587956
1463.5	0.127449	0.0588188
1464	0.127449	0.058842
1464.5	0.127449	0.0588651
1465	0.127449	0.0588883
1465.5	0.127449	0.0589114
1466	0.127449	0.0589375
1466.5	0.127449	0.0589606
1467	0.127449	0.0589837
1467.5	0.127449	0.0590067
1468	0.127449	0.0590298
1468.5	0.127449	0.0590528
1469	0.127449	0.0590759
1469.5	0.127449	0.0590989
1470	0.127449	0.0591248
1470.5	0.127449	0.0591477
1471	0.127449	0.0591707
1471.5	0.127449	0.0591937
1472	0.127449	0.0592166
1472.5	0.126629	0.0592394
1473	0.127677	0.0592509
1473.5	0	0.0592509
1474	0	0.0592509
1474.5	0	0.0592509
1475	0	0.0592509
1475.5	0	0.0592509
1476	0	0.0592509
1476.5	0	0.0592509
1477	0	0.0592509
1477.5	0	0.0592509
1478	0.00298289	0.0590497
1478.5	0.127449	0.0590726
1479	0.127449	0.0590812
1479.5	0	0.0590812
1480	0	0.0590812
1480.5	0	0.0590812
1481	0	0.0590812
1481.5	0.0059756	0.0589866
1482	0.0462736	0.0589837
1482.5	0.0530555	0.0589801
1483	0.12748	0.059003
1483.5	0.127408	0.0590258
1484	0.127547	0.0590486
1484.5	0.127377	0.0590714
1485	0.127732	0.0590914
1485.5	0	0.0590914
1486	0	0.0590914
1486.5	0	0.0590914
1487	0	0.0590914
1487.5	0	0.0590914
1488	0	0.0590914
1488.5	0	0.0590914
1489	0	0.0590914
1489.5	0	0.0590914
1490	0	0.0590914
1490.5	0	0.0590914
1491	0	0.0590914
1491.5	0	0.0590914
1492	0	0.0590914
1492.5	0	0.0590914
1493	0	0.0590914
1493.5	0	0.0590914
1494	0	0.0590914
1494.5	0	0.0590914
1495	0	0.0590914
1495.5	0	0.0590914
1496	0	0.0590914
1496.5	0	0.0590914
1497	0	0.0590914
1497.5	0	0.0590914
1498	0	0.0590914
1498.5	0	0.0590914
1499	0	0.0590914
1499.5	0	0.0590914
1500	0	0.0590914
1500.5	0.00153415	0.0585003
1501	0	0.0585003
1501.5	0.0319298	0.0584784
1502	0.127594	0.0585012
1502.5	0.127454	0.0585239
1503	0.12885	0.0585496
1503.5	0.127449	0.0585723
1504	0.127449	0.0585949
1504.5	0.127449	0.0586175
1505	0.127449	0.0586289
1505.5	0	0.0586289
1506	0	0.0586289
1506.5	0	0.0586289
1507	0	0.0586289
1507.5	0	0.0586289
1508	0.00964473	0.0585227
1508.5	0.127449	0.0585453
1509	0.127449	0.0585679
1509.5	0.127449	0.0585905
1510	0.127449	0.0586158
1510.5	0.127449	0.0586384
1511	0.127449	0.0586609
1511.5	0.127449	0.0586834
1512	0.127449	0.0587059
1512.5	0.127449	0.0587171
1513	0	0.0587171
1513.5	0	0.0587171
1514	0	0.0587171
1514.5	0	0.0587171
1515	0	0.0587171
1515.5	0	0.0587171
1516	0	0.0587171
1516.5	0	0.0587171
1517	0	0.0587171
1517.5	0	0.0587171
1518	0	0.0587171
1518.5	0	0.0587171
1519	0	0.0587171
1519.5	0	0.0587171
1520	0	0.0587171
1520.5	0	0.0587171
1521	0	0.0587171
1521.5	0	0.0587171
1522	0	0.0587171
1522.5	0	0.0587171
1523	0	0.0587171
1523.5	0.00417647	0.0583119
1524	0.125074	0.058334
1524.5	0.127511	0.0583564
1525	0.132413	0.0583796
1525.5	0.127444	0.0584048
1526	0.124243	0.0584212
1526.5	0	0.0584212
1527	0	0.0584212
1527.5	0.0392092	0.0584009
1528	0.129424	0.0584236
1528.5	0.125645	0.0584456
1529	0.129153	0.0584682
1529.5	0.126928	0.0584904
1530	0.116137	0.0585109
1530.5	0.136844	0.0585345
1531	0.126713	0.0585594
1531.5	0.120099	0.0585778
1532	0.138178	0.0586045
1532.5	0.103741	0.0586202
1533	0.148347	0.0586481
1533.5	0.126673	0.0586702
1534	0.133921	0.0586962
1534.5	0.127446	0.0587183
1535	0.127247	0.0587404
1535.5	0.127654	0.0587626
1536	0.127449	0.0587847
1536.5	0.127449	0.0588068
1537	0.127449	0.0588289
1537.5	0.125433	0.0588507
1538	0.127539	0.0588672
1538.5	0	0.0588672
1539	0	0.0588672
1539.5	0	0.0588672
1540	0	0.0588672
1540.5	0	0.0588672
1541	0	0.0588672
1541.5	0.00645949	0.0587428
1542	0.127449	0.0587649
1542.5	0.127449	0.0587869
1543	0.127449	0.0588116
1543.5	0.127449	0.0588336
1544	0.127449	0.0588556
1544.5	0.127449	0.0588776
1545	0.127449	0.0588995
1545.5	0.127449	0.0589214
1546	0.127449	0.0589434
1546.5	0.127449	0.0589543
1547	0	0.0589543
1547.5	0	0.0589543
1548	0	0.0589543
1548.5	0	0.0589543
1549	0.00285108	0.0588542
1549.5	0.12871	0.0588763
1550	0	0.0588763
1550.5	0	0.0588763
1551	0	0.0588763
1551.5	0	0.0588763
1552	0	0.0588763
1552.5	0.0103101	0.0587807
1553	0.127237	0.0588025
1553.5	0.127682	0.0588244
1554	0.128561	0.0588464
1554.5	0.127449	0.0588682
1555	0.127449	0.0588928
1555.5	0.125379	0.0589143
1556	0.114791	0.0589315
1556.5	0.142998	0.0589553
1557	0.122504	0.0589789
1557.5	0.110848	0.0589955
1558	0.0363384	0.0589892
1558.5	0.132943	0.0590145
1559	0	0.0590145
1559.5	0	0.0590145
1560	0	0.0590145
1560.5	0.0269596	0.0589725
1561	0.127449	0.0589942
1561.5	0.127449	0.0590159
1562	0.127449	0.0590294
1562.5	0	0.0590294
1563	0	0.0590294
1563.5	0	0.0590294
1564	0	0.0590294
1564.5	0	0.0590294
1565	0	0.0590294
1565.5	0	0.0590294
1566	0	0.0590294
1566.5	0	0.0590294
1567	0	0.0590294
1567.5	0	0.0590294
1568	0	0.0590294
1568.5	0	0.0590294
1569	0	0.0590294
1569.5	0.00818322	0.0587799
1570	0.125109	0.0588012
1570.5	0.129675	0.0588259
1571	0.121309	0.0588362
1571.5	0	0.0588362
1572	0	0.0588362
1572.5	0	0.0588362
1573	0	0.0588362
1573.5	0	0.0588362
1574	0	0.0588362
1574.5	0	0.0588362
1575	0	0.0588362
1575.5	0	0.0588362
1576	0	0.0588362
1576.5	0	0.0588362
1577	0	0.0588362
1577.5	0.00813806	0.0586184
1578	0.127449	0.05864
1578.5	0.127449	0.0586616
1579	0.127449	0.0586831
1579.5	0.127449	0.0587046
1580	0.127449	0.0587261
1580.5	0.125621	0.0587474
1581	0.127488	0.0587689
1581.5	0.127542	0.0587904
1582	0.122824	0.0588007
1582.5	0.0303519	0.0587867
1583	0.127449	0.0588082
1583.5	0.127449	0.0588296
1584	0.127449	0.058851
1584.5	0.127449	0.0588671
1585	0	0.0588671
1585.5	0	0.0588671
1586	0	0.0588671
1586.5	0	0.0588671
1587	0	0.0588671
1587.5	0	0.0588671
1588	0.00854194	0.0587502
1588.5	0.127449	0.0587716
1589	0.127449	0.058793
1589.5	0.127449	0.0588143
1590	0.127449	0.0588357
1590.5	0.127449	0.058849
1591	0	0.058849
1591.5	0	0.058849
1592	0	0.058849
1592.5	0	0.058849
1593	0	0.058849
1593.5	0	0.058849
1594	0	0.058849
1594.5	0	0.058849
1595	0.00334681	0.0586852
1595.5	0.127434	0.0587065
1596	0.12734	0.0587278
1596.5	0.127283	0.0587517
1597	0.127511	0.058773
1597.5	0.128358	0.0587944
1598	0.127449	0.0588156
1598.5	0.126074	0.0588366
1599	0.12734	0.0588578
1599.5	0.127485	0.058879
1600	0.128762	0.0589031
