3.5	0.00225883	0.417391
4	0.129841	0.140604
4.5	0.127449	0.134091
5	0.127449	0.131891
5.5	0.127449	0.130686
6	0.127449	0.130337
6.5	0	0.130337
7	0	0.130337
7.5	0.0267389	0.0852806
8	0.127434	0.0898532
8.5	0.125104	0.0933608
9	0.129911	0.0965567
9.5	0.125024	0.0989278
10	0.12997	0.10123
10.5	0.125029	0.102934
11	0.127553	0.104549
11.5	0.12958	0.106243
12	0.12747	0.107467
12.5	0.125109	0.108445
13	0.127459	0.109427
13.5	0.129792	0.11041
14	0.12747	0.111209
14.5	0.12745	0.111936
15	0.127709	0.112611
15.5	0.127449	0.112768
16	0.0431466	0.107715
16.5	0.127449	0.108462
17	0.126901	0.109136
17.5	0.127475	0.109781
18	0.127465	0.110382
18.5	0.127387	0.11094
19	0.127421	0.111528
19.5	0.127408	0.112016
20	0.127629	0.112193
20.5	0	0.112193
21	0	0.112193
21.5	0	0.112193
22	0	0.112193
22.5	0	0.112193
23	0	0.112193
23.5	0	0.112193
24	0	0.112193
24.5	0	0.112193
25	0.0058942	0.0859276
25.5	0.127449	0.0866273
26	0	0.0866273
26.5	0	0.0866273
27	0	0.0866273
27.5	0	0.0866273
28	0	0.0866273
28.5	0	0.0866273
29	0.00431995	0.0749261
29.5	0.127449	0.0759193
30	0.127449	0.0768757
30.5	0.127449	0.0777972
31	0.127449	0.0786857
31.5	0.125202	0.0795179
32	0.12294	0.0802949
32.5	0.129792	0.0811199
33	0.125144	0.0818679
33.5	0.132469	0.0826674
34	0.129415	0.0835027
34.5	0.127449	0.0842002
35	0.127449	0.0848759
35.5	0.127449	0.0855308
36	0.127449	0.0861659
36.5	0.126836	0.0867757
37	0.127511	0.0873744
37.5	0.123816	0.0877159
38	0	0.0877159
38.5	0	0.0877159
39	0	0.0877159
39.5	0.0143463	0.0832573
40	0.127449	0.0839271
40.5	0.126032	0.0844931
41	0.123773	0.084958
41.5	0.0856965	0.0849598
42	0	0.0849598
42.5	0	0.0849598
43	0	0.0849598
43.5	0	0.0849598
44	0	0.0849598
44.5	0	0.0849598
45	0.00197517	0.0770278
45.5	0.127449	0.0773248
46	0	0.0773248
46.5	0.0454754	0.0764305
47	0.127449	0.0770081
47.5	0.127449	0.0775028
48	0	0.0775028
48.5	0	0.0775028
49	0	0.0775028
49.5	0	0.0775028
50	0	0.0775028
50.5	0	0.0775028
51	0	0.0775028
51.5	0	0.0775028
52	0	0.0775028
52.5	0	0.0775028
53	0	0.0775028
53.5	0	0.0775028
54	0	0.0775028
54.5	0	0.0775028
55	0	0.0775028
55.5	0	0.0775028
56	0	0.0775028
56.5	0	0.0775028
57	0	0.0775028
57.5	0	0.0775028
58	0	0.0775028
58.5	0	0.0775028
59	0	0.0775028
59.5	0	0.0775028
60	0	0.0775028
60.5	0	0.0775028
61	0.00462073	0.0602909
61.5	0.127444	0.060861
62	0.127509	0.0614912
62.5	0.127657	0.0620421
63	0.127449	0.062583
63.5	0.127449	0.0631151
64	0.127449	0.0636384
64.5	0.127449	0.0641534
65	0.127449	0.0646601
65.5	0.127449	0.0651588
66	0.127449	0.0657104
66.5	0.127449	0.0661925
67	0.127449	0.0666673
67.5	0.127449	0.0670766
68	0	0.0670766
68.5	0	0.0670766
69	0	0.0670766
69.5	0	0.0670766
70	0	0.0670766
70.5	0.0207276	0.0649821
71	0.12802	0.0654968
71.5	0.127449	0.0659451
72	0.127449	0.066387
72.5	0.127449	0.0668226
73	0.127449	0.067252
73.5	0.127449	0.0676753
74	0.127449	0.0680928
74.5	0.127449	0.0685555
75	0.125845	0.0689548
75.5	0.12747	0.0693546
76	0.127351	0.0697486
76.5	0.127599	0.0701382
77	0.12734	0.0705216
77.5	0.125144	0.0708916
78	0.129911	0.0712742
78.5	0.125029	0.0716339
79	0.129954	0.0720069
79.5	0.12738	0.0724105
80	0.12294	0.0727474
80.5	0.132329	0.0731142
81	0.122901	0.073442
81.5	0.134156	0.0738061
82	0.127449	0.0741425
82.5	0.127449	0.074516
83	0.127449	0.0748437
83.5	0.127449	0.0751673
84	0.127449	0.0754869
84.5	0.127449	0.0758027
85	0.127449	0.0761146
85.5	0.127449	0.0764229
86	0.127449	0.0767274
86.5	0.127449	0.0770657
87	0.127449	0.0773626
87.5	0.118155	0.0775882
88	0.132183	0.0779331
88.5	0.131193	0.0782327
89	0.127449	0.0785161
89.5	0.127449	0.0787962
90	0.127221	0.0790723
90.5	0.127398	0.0793799
91	0.127547	0.0796506
91.5	0.127637	0.0799186
92	0.127449	0.0801829
92.5	0.127449	0.0804443
93	0.127449	0.0807029
93.5	0.127449	0.0809586
94	0.127449	0.0812115
94.5	0.127449	0.0814928
95	0.127449	0.0815858
95.5	0.0340738	0.0812289
96	0.0764669	0.0811972
96.5	0.129465	0.0814487
97	0.127449	0.0816908
97.5	0.127449	0.0819305
98	0.127449	0.0821676
98.5	0.127449	0.0824023
99	0.127449	0.0826634
99.5	0.127449	0.082893
100	0.127449	0.0831203
100.5	0.127449	0.0833452
101	0.127449	0.0835679
101.5	0.127449	0.0837883
102	0.127449	0.0840065
102.5	0.127449	0.0842226
103	0.127449	0.0844631
103.5	0.127449	0.0845691
104	0	0.0845691
104.5	0	0.0845691
105	0	0.0845691
105.5	0	0.0845691
106	0	0.0845691
106.5	0	0.0845691
107	0	0.0845691
107.5	0	0.0845691
108	0	0.0845691
108.5	0.00149769	0.0804271
109	0.127449	0.0806464
109.5	0.127449	0.0808638
110	0.127449	0.0810791
110.5	0.127449	0.0812925
111	0.125721	0.0814988
111.5	0.127501	0.0817084
112	0.127362	0.0819415
112.5	0.127361	0.0821467
113	0.128939	0.0823546
113.5	0.127418	0.0825563
114	0.126303	0.082753
114.5	0.12756	0.0829516
115	0.124102	0.0831381
115.5	0.124338	0.0833238
116	0.120414	0.0834955
116.5	0.141776	0.0837522
117	0.127392	0.0839415
117.5	0.128589	0.0841326
118	0.127449	0.0843189
118.5	0.127449	0.0845035
119	0.127079	0.0846855
119.5	0.127779	0.0848907
120	0.127449	0.0850705
120.5	0.127449	0.0852488
121	0.127449	0.0854255
121.5	0.127449	0.0856008
122	0.127449	0.0857747
122.5	0.127449	0.0859471
123	0.12525	0.0861119
123.5	0.129727	0.0862877
124	0.125419	0.0864704
124.5	0.129139	0.0866417
125	0.125732	0.0868022
125.5	0.127428	0.0869662
126	0.12991	0.0871355
126.5	0.12694	0.0872954
127	0.106555	0.0873069
127.5	0	0.0873069
128	0	0.0873069
128.5	0	0.0873069
129	0	0.0873069
129.5	0	0.0873069
130	0	0.0873069
130.5	0	0.0873069
131	0.0105783	0.0846302
131.5	0.127449	0.0847949
132	0.127449	0.0849583
132.5	0.127449	0.0851205
133	0.127449	0.0852814
133.5	0.127449	0.085461
134	0.120841	0.0855666
134.5	0	0.0855666
135	0	0.0855666
135.5	0.0145723	0.0846985
136	0.122152	0.0847349
136.5	0	0.0847349
137	0	0.0847349
137.5	0	0.0847349
138	0	0.0847349
138.5	0.0194295	0.083368
139	0.127459	0.0835282
139.5	0.12955	0.0837125
140	0.127449	0.0838703
140.5	0.127449	0.0840268
141	0.127449	0.0841823
141.5	0.127449	0.0843366
142	0.127449	0.0844899
142.5	0.127449	0.084642
143	0.127449	0.0848119
143.5	0.127449	0.0849618
144	0.127449	0.0851107
144.5	0.0921962	0.0851363
145	0.127449	0.0852835
145.5	0.127449	0.0854297
146	0.127449	0.0854478
146.5	0.0330637	0.0851004
147	0.127485	0.0852457
147.5	0.128406	0.0853921
148	0.12621	0.0855326
148.5	0.128639	0.0856776
149	0.127952	0.08582
149.5	0.127449	0.0859779
150	0.127449	0.0861172
150.5	0.126887	0.0862543
151	0.128016	0.0863931
151.5	0.126673	0.0865279
152	0.127418	0.0866635
152.5	0.127615	0.0867986
153	0.12734	0.0869322
153.5	0.127558	0.0870655
154	0.127362	0.0872138
154.5	0.127397	0.0873448
155	0.127496	0.0874753
155.5	0.127361	0.0876045
156	0.127625	0.0877335
156.5	0.127387	0.0878612
157	0.128177	0.0879897
157.5	0.125644	0.0881119
158	0.127477	0.0882529
158.5	0.129274	0.0883813
159	0.125783	0.0885013
159.5	0.127589	0.0886245
160	0.127439	0.0887466
160.5	0.12749	0.088868
161	0.128985	0.0889919
161.5	0.127449	0.0891267
162	0.127449	0.0892457
162.5	0.125856	0.0893605
163	0.127408	0.0894779
163.5	0.127584	0.089595
164	0	0.089595
164.5	0	0.089595
165	0	0.089595
165.5	0	0.089595
166	0.00311138	0.0882538
166.5	0.129909	0.0883772
167	0.127449	0.0884949
167.5	0.127449	0.0886118
168	0.127449	0.088728
168.5	0.127449	0.0887859
169	0	0.0887859
169.5	0	0.0887859
170	0	0.0887859
170.5	0	0.0887859
171	0	0.0887859
171.5	0	0.0887859
172	0.0083004	0.0869808
172.5	0.124144	0.0870919
173	0.130045	0.0872142
173.5	0.127382	0.0873306
174	0.090171	0.0873393
174.5	0.127449	0.0874547
175	0.127449	0.0875695
175.5	0.127449	0.0876837
176	0.127449	0.0877972
176.5	0.127449	0.08791
177	0.127449	0.0880362
177.5	0.127449	0.0881477
178	0.126563	0.0882568
178.5	0.127506	0.0883671
179	0.12749	0.0884495
179.5	0	0.0884495
180	0	0.0884495
180.5	0	0.0884495
181	0	0.0884495
181.5	0	0.0884495
182	0.0202354	0.0872645
182.5	0.127465	0.087375
183	0.127477	0.0874987
183.5	0.12533	0.0876039
184	0.12295	0.0876539
184.5	0	0.0876539
185	0	0.0876539
185.5	0	0.0876539
186	0	0.0876539
186.5	0.0116624	0.0865368
187	0.127449	0.0866603
187.5	0.127449	0.0867694
188	0.125429	0.0868742
188.5	0.127387	0.086982
189	0.127413	0.0870894
189.5	0.127444	0.0871962
190	0.12749	0.0873025
190.5	0.127413	0.0874081
191	0.127485	0.0875133
191.5	0.127467	0.087631
192	0.12747	0.087735
192.5	0.127351	0.0878383
193	0.125024	0.0879367
193.5	0.13023	0.088044
194	0.124999	0.0881413
194.5	0.127449	0.0882427
195	0.127537	0.0883436
195.5	0.12957	0.0884606
196	0.127465	0.0885603
196.5	0.129448	0.088663
197	0.127449	0.0887616
197.5	0.127449	0.0888598
198	0.127449	0.0889575
198.5	0.127449	0.0890547
199	0.127449	0.0891634
199.5	0.127449	0.0892596
200	0.127449	0.0893552
200.5	0.127449	0.0894504
201	0.127449	0.0895451
201.5	0.127449	0.0896394
202	0.127449	0.0897332
202.5	0.120986	0.0898146
203	0.117633	0.0898797
203.5	0.140049	0.0900201
204	0.126534	0.0901104
204.5	0.130051	0.0902063
205	0.127392	0.0902972
205.5	0.127315	0.0903875
206	0.127459	0.0904776
206.5	0.12748	0.0905673
207	0.127578	0.0906679
207.5	0.127439	0.0907567
208	0.124945	0.0908406
208.5	0.125079	0.0909244
209	0.132469	0.0910201
209.5	0.124119	0.0911013
210	0.129873	0.091192
210.5	0.127439	0.0912783
211	0.12738	0.0913747
211.5	0.12485	0.0914454
212	0.127417	0.091541
212.5	0.12748	0.0916256
213	0.129808	0.0917137
213.5	0.127573	0.0917977
214	0.127408	0.091881
214.5	0.127465	0.091964
215	0.127428	0.0920466
215.5	0.128144	0.0921404
216	0.124232	0.0922071
216.5	0.126135	0.0922863
217	0.126234	0.0923752
217.5	0.124485	0.0924509
218	0.13581	0.0925326
218.5	0.053345	0.0924254
219	0.128485	0.0925071
219.5	0.104924	0.0925372
220	0.148528	0.0926601
220.5	0.12692	0.0927381
221	0.118354	0.0928006
221.5	0.107489	0.0928301
222	0.0938553	0.0928324
222.5	0.159163	0.0929817
223	0.140109	0.0930779
223.5	0.145477	0.0932063
224	0.0857146	0.0932032
224.5	0	0.0932032
225	0	0.0932032
225.5	0	0.0932032
226	0	0.0932032
226.5	0	0.0932032
227	0	0.0932032
227.5	0.0119229	0.091771
228	0.126907	0.0918484
228.5	0.127934	0.0919369
229	0.127449	0.0920144
229.5	0.127449	0.0920916
230	0.127449	0.0921684
230.5	0.127449	0.0922449
231	0.127449	0.0923211
231.5	0.127449	0.092397
232	0.127449	0.0924725
232.5	0.127449	0.092557
233	0.127449	0.0926319
233.5	0.127449	0.0927064
234	0.127449	0.0927806
234.5	0.127449	0.0928545
235	0.127449	0.092928
235.5	0.127449	0.0930013
236	0.127449	0.0930742
236.5	0.127449	0.0931559
237	0.127449	0.0932282
237.5	0.127449	0.0933002
238	0.127449	0.0933719
238.5	0.127449	0.0934433
239	0.127449	0.0935144
239.5	0.127449	0.0935852
240	0.127449	0.0936557
240.5	0.127449	0.0937346
241	0.127449	0.0938045
241.5	0.127449	0.0938741
242	0.127449	0.0939434
242.5	0.127449	0.0940124
243	0.127449	0.0940811
243.5	0.127449	0.0941496
244	0.127449	0.0941581
244.5	0	0.0941581
245	0	0.0941581
245.5	0	0.0941581
246	0	0.0941581
246.5	0	0.0941581
247	0	0.0941581
247.5	0	0.0941581
248	0	0.0941581
248.5	0	0.0941581
249	0	0.0941581
249.5	0.00658583	0.0920385
250	0.127449	0.0921092
250.5	0.127449	0.0921797
251	0.125192	0.0922465
251.5	0.121119	0.0922692
252	0.043023	0.0921246
252.5	0	0.0921246
253	0	0.0921246
253.5	0	0.0921246
254	0	0.0921246
254.5	0	0.0921246
255	0	0.0921246
255.5	0	0.0921246
256	0.0134706	0.0908551
256.5	0.12749	0.0909263
257	0.12738	0.091006
257.5	0.127434	0.0910766
258	0.127615	0.0910943
258.5	0.0280617	0.090887
259	0.127449	0.0909575
259.5	0.127449	0.0910364
260	0.127449	0.0911063
260.5	0.127449	0.0911759
261	0.127449	0.0912452
261.5	0.127449	0.0913143
262	0.125404	0.0913803
262.5	0.127402	0.0914488
263	0.12961	0.09152
263.5	0.127449	0.091537
264	0	0.091537
264.5	0	0.091537
265	0	0.091537
265.5	0	0.091537
266	0	0.091537
266.5	0	0.091537
267	0	0.091537
267.5	0	0.091537
268	0	0.091537
268.5	0	0.091537
269	0	0.091537
269.5	0	0.091537
270	0	0.091537
270.5	0.00847521	0.0892341
271	0.128173	0.0893053
271.5	0.127449	0.0893754
272	0.127449	0.0894452
272.5	0.127449	0.0895234
273	0.127449	0.0895927
273.5	0.127449	0.0896617
274	0.127449	0.0897305
274.5	0.127449	0.089799
275	0.127449	0.0898673
275.5	0.127449	0.0899353
276	0.126231	0.0900015
276.5	0.127413	0.090069
277	0.127481	0.0901447
277.5	0.127449	0.0902117
278	0.128691	0.0902801
278.5	0.127449	0.0903466
279	0.127449	0.0904129
279.5	0.127449	0.0904707
280	0.0698213	0.0904288
280.5	0.127449	0.0904946
281	0.127449	0.0905683
281.5	0.127449	0.0906336
282	0.127153	0.0906903
282.5	0.0151173	0.0905497
283	0.127449	0.0906228
283.5	0.127449	0.0906876
284	0.127449	0.0907521
284.5	0.123293	0.090811
285	0.124181	0.0908709
285.5	0.135587	0.0909443
286	0.127449	0.0910079
286.5	0.127449	0.0910634
287	0	0.0910634
287.5	0	0.0910634
288	0	0.0910634
288.5	0.026228	0.0905872
289	0.134231	0.0906676
289.5	0.127449	0.0907309
290	0.125559	0.0907916
290.5	0.12732	0.0908543
291	0.129531	0.0909195
291.5	0.127449	0.0909819
292	0.127449	0.0910442
292.5	0.127449	0.0911062
293	0.127449	0.0911757
293.5	0.126109	0.0912356
294	0.127542	0.0912971
294.5	0.12747	0.0913583
295	0.12718	0.0913886
295.5	0.0817923	0.0913634
296	0.127494	0.0914242
296.5	0.127449	0.0914847
297	0.127449	0.091545
297.5	0.127449	0.0916052
298	0.127449	0.0916651
298.5	0.127449	0.0917248
299	0.127449	0.0917843
299.5	0.127449	0.091814
300	0	0.091814
300.5	0	0.091814
301	0	0.091814
301.5	0.00689749	0.091166
302	0.129905	0.0912287
302.5	0.127421	0.0912957
303	0.127428	0.0913551
303.5	0.127439	0.0914143
304	0.129316	0.0914755
304.5	0.126844	0.0914828
305	0	0.0914828
305.5	0	0.0914828
306	0	0.0914828
306.5	0.0225035	0.0909274
307	0.127449	0.0909867
307.5	0.127449	0.0910457
308	0.127449	0.0911046
308.5	0.127449	0.0911632
309	0.127449	0.091229
309.5	0.127449	0.0912873
310	0.119921	0.0913301
310.5	0.129656	0.091398
311	0.125074	0.0914529
311.5	0.134833	0.0915185
312	0.127449	0.0915758
312.5	0.12711	0.0916326
313	0.127752	0.0916971
313.5	0.127449	0.0917538
314	0.127449	0.0918104
314.5	0.127449	0.0918668
315	0.125558	0.0919209
315.5	0.127408	0.0919769
316	0.127506	0.0920329
316.5	0.125094	0.0920858
317	0.129825	0.092144
317.5	0.127486	0.0922063
318	0.127346	0.0922614
318.5	0.127423	0.0923163
319	0.127527	0.0923712
319.5	0.127527	0.092426
320	0.127346	0.0924803
320.5	0.127558	0.0925348
321	0.12916	0.0925978
321.5	0.127449	0.0926517
322	0.127449	0.0927055
322.5	0.127449	0.0927591
323	0.127449	0.0928126
323.5	0.124036	0.0928619
324	0.129868	0.0929177
324.5	0.127428	0.0929707
325	0.128186	0.093031
325.5	0.127428	0.0930836
326	0.127449	0.093136
326.5	0.127408	0.0931883
327	0.125982	0.0932388
327.5	0.124207	0.093287
328	0.130947	0.0933427
328.5	0.129162	0.0933895
329	0	0.0933895
329.5	0	0.0933895
330	0	0.0933895
330.5	0	0.0933895
331	0	0.0933895
331.5	0	0.0933895
332	0.0152259	0.0925316
332.5	0.127449	0.0925839
333	0.127449	0.0926034
333.5	0	0.0926034
334	0	0.0926034
334.5	0	0.0926034
335	0	0.0926034
335.5	0	0.0926034
336	0.0190439	0.0918745
336.5	0	0.0918745
337	0	0.0918745
337.5	0	0.0918745
338	0	0.0918745
338.5	0	0.0918745
339	0	0.0918745
339.5	0.0179126	0.0911035
340	0.127449	0.0911567
340.5	0.127449	0.0912097
341	0.127449	0.0912692
341.5	0.127449	0.0913219
342	0.127449	0.0913744
342.5	0.127449	0.0914268
343	0.127449	0.091479
343.5	0.127449	0.0915311
344	0.126988	0.0915825
344.5	0.127527	0.0916344
345	0.127564	0.0916926
345.5	0.127289	0.0917439
346	0.127727	0.0917955
346.5	0.113255	0.0918259
347	0.124891	0.0918742
347.5	0.135305	0.0919401
348	0.132461	0.0919958
348.5	0.12375	0.0920424
349	0.119895	0.0920846
349.5	0.140996	0.0921554
350	0.125957	0.092204
350.5	0	0.092204
351	0	0.092204
351.5	0	0.092204
352	0	0.092204
352.5	0	0.092204
353	0	0.092204
353.5	0.0180755	0.0914688
354	0.127042	0.0915189
354.5	0.127434	0.0915693
355	0.125174	0.0916172
355.5	0.129532	0.0916759
356	0.125194	0.0917236
356.5	0.13035	0.0917697
357	0	0.0917697
357.5	0	0.0917697
358	0	0.0917697
358.5	0	0.0917697
359	0	0.0917697
359.5	0	0.0917697
360	0	0.0917697
360.5	0.00962428	0.0908322
361	0.125368	0.0908806
361.5	0.127423	0.0909308
362	0.127335	0.0909808
362.5	0.127547	0.091031
363	0.125536	0.091037
363.5	0	0.091037
364	0	0.091037
364.5	0	0.091037
365	0	0.091037
365.5	0	0.091037
366	0	0.091037
366.5	0	0.091037
367	0	0.091037
367.5	0	0.091037
368	0	0.091037
368.5	0	0.091037
369	0	0.091037
369.5	0	0.091037
370	0	0.091037
370.5	0	0.091037
371	0	0.091037
371.5	0	0.091037
372	0	0.091037
372.5	0	0.091037
373	0	0.091037
373.5	0	0.091037
374	0	0.091037
374.5	0	0.091037
375	0	0.091037
375.5	0	0.091037
376	0	0.091037
376.5	0	0.091037
377	0	0.091037
377.5	0	0.091037
378	0	0.091037
378.5	0	0.091037
379	0	0.091037
379.5	0	0.091037
380	0	0.091037
380.5	0	0.091037
381	0.00254896	0.0867099
381.5	0.127584	0.0867631
382	0.127335	0.0868159
382.5	0.127707	0.0868689
383	0.127449	0.0869216
383.5	0.127449	0.086961
384	0.0950403	0.0869732
384.5	0.117126	0.0870103
385	0	0.0870103
385.5	0	0.0870103
386	0	0.0870103
386.5	0	0.0870103
387	0	0.0870103
387.5	0	0.0870103
388	0	0.0870103
388.5	0	0.0870103
389	0.00171042	0.0859957
389.5	0.123252	0.0860449
390	0.131903	0.0861013
390.5	0.127397	0.0861539
391	0.12748	0.0862064
391.5	0.124227	0.0862559
392	0.130854	0.0862971
392.5	0	0.0862971
393	0	0.0862971
393.5	0	0.0862971
394	0	0.0862971
394.5	0	0.0862971
395	0	0.0862971
395.5	0	0.0862971
396	0	0.0862971
396.5	0	0.0862971
397	0.0121221	0.0853215
397.5	0.127449	0.0853742
398	0.127449	0.0854267
398.5	0.127449	0.085479
399	0.127449	0.0855313
399.5	0.127449	0.0855899
400	0.127449	0.0856419
400.5	0.127449	0.0856937
401	0.127449	0.0857454
401.5	0.127449	0.085797
402	0.127449	0.0858485
402.5	0.125221	0.0858979
403	0.127516	0.0859492
403.5	0.12747	0.0860003
404	0.125019	0.0860492
404.5	0.129642	0.0861083
405	0.127496	0.0861591
405.5	0.125094	0.0862076
406	0.127387	0.086258
406.5	0.129937	0.0863104
407	0.125034	0.0863585
407.5	0.12748	0.0864086
408	0.125119	0.0864566
408.5	0.131847	0.0865166
409	0.122824	0.0865395
409.5	0.0549616	0.086484
410	0.128256	0.0865343
410.5	0.126079	0.0865826
411	0.128692	0.0866393
411.5	0.127449	0.0866885
412	0.127449	0.0867377
412.5	0.127449	0.0867867
413	0.127449	0.0868355
413.5	0.127449	0.0868843
414	0.127449	0.0868904
414.5	0	0.0868904
415	0	0.0868904
415.5	0	0.0868904
416	0	0.0868904
416.5	0	0.0868904
417	0	0.0868904
417.5	0	0.0868904
418	0	0.0868904
418.5	0	0.0868904
419	0	0.0868904
419.5	0	0.0868904
420	0.00374432	0.0856355
420.5	0	0.0856355
421	0	0.0856355
421.5	0	0.0856355
422	0.0107572	0.0852442
422.5	0.127449	0.0852938
423	0.128863	0.085338
423.5	0.127851	0.0853939
424	0.127398	0.0854431
424.5	0.127423	0.0854922
425	0.122829	0.0855374
425.5	0.127428	0.0855863
426	0.129927	0.085637
426.5	0.127481	0.0856918
427	0.129894	0.0857422
427.5	0.124814	0.0857885
428	0.119616	0.0858303
428.5	0.139938	0.0858874
429	0.127154	0.0859412
429.5	0.127434	0.0859892
430	0.124417	0.0860346
430.5	0.124894	0.0860746
431	0.130657	0.0861309
431.5	0.129344	0.0861799
432	0.127439	0.0862273
432.5	0.127449	0.0862746
433	0.125474	0.0863203
433.5	0	0.0863203
434	0	0.0863203
434.5	0	0.0863203
435	0	0.0863203
435.5	0	0.0863203
436	0	0.0863203
436.5	0	0.0863203
437	0.00193979	0.0855333
437.5	0.127449	0.0855809
438	0.127449	0.0856283
438.5	0.127449	0.0856756
439	0.127449	0.0857229
439.5	0.127449	0.0857288
440	0	0.0857288
440.5	0	0.0857288
441	0	0.0857288
441.5	0	0.0857288
442	0	0.0857288
442.5	0	0.0857288
443	0	0.0857288
443.5	0	0.0857288
444	0	0.0857288
444.5	0	0.0857288
445	0	0.0857288
445.5	0	0.0857288
446	0	0.0857288
446.5	0	0.0857288
447	0.00790415	0.0843358
447.5	0.127408	0.0843836
448	0.127599	0.0844314
448.5	0.127339	0.0844848
449	0.129666	0.0845339
449.5	0.127449	0.0845813
450	0.127449	0.0846285
450.5	0.127449	0.0846757
451	0.127449	0.0847228
451.5	0.127449	0.0847462
452	0	0.0847462
452.5	0	0.0847462
453	0	0.0847462
453.5	0	0.0847462
454	0.011383	0.0842974
454.5	0.127449	0.0843445
455	0.127449	0.0843974
455.5	0.127449	0.0844443
456	0.127449	0.0844911
456.5	0.127449	0.0845378
457	0.127449	0.0845843
457.5	0.127449	0.0846308
458	0.127449	0.0846772
458.5	0.125232	0.0847219
459	0.115299	0.0847538
459.5	0.109219	0.0847808
460	0.0658928	0.0847759
460.5	0	0.0847759
461	0.027168	0.0845941
461.5	0.12748	0.0846402
462	0.129337	0.0846875
462.5	0.127449	0.0847334
463	0.127449	0.0847791
463.5	0.125535	0.0848234
464	0.127444	0.084869
464.5	0.127397	0.0848917
465	0	0.0848917
465.5	0.00607013	0.0846713
466	0.127408	0.0846884
466.5	0	0.0846884
467	0.0493412	0.0845914
467.5	0.127398	0.0846425
468	0.12749	0.0846879
468.5	0.127434	0.0847331
469	0.127454	0.0847783
469.5	0.127558	0.0848235
470	0.12732	0.0848684
470.5	0.129229	0.0849145
471	0.127449	0.0849649
471.5	0.127449	0.0850096
472	0.121611	0.0850448
472.5	0.131846	0.0850983
473	0.12747	0.0851427
473.5	0.127665	0.0851705
474	0	0.0851705
474.5	0	0.0851705
475	0	0.0851705
475.5	0	0.0851705
476	0	0.0851705
476.5	0	0.0851705
477	0	0.0851705
477.5	0	0.0851705
478	0	0.0851705
478.5	0	0.0851705
479	0	0.0851705
479.5	0	0.0851705
480	0	0.0851705
480.5	0	0.0851705
481	0	0.0851705
481.5	0.00669809	0.0838249
482	0.127428	0.0838698
482.5	0.125184	0.083913
483	0.129878	0.0839593
483.5	0.127387	0.0840039
484	0.127486	0.084054
484.5	0.127371	0.0840984
485	0.127212	0.0841425
485.5	0.127465	0.0841868
486	0.127477	0.0842033
486.5	0	0.0842033
487	0	0.0842033
487.5	0	0.0842033
488	0	0.0842033
488.5	0	0.0842033
489	0	0.0842033
489.5	0	0.0842033
490	0	0.0842033
490.5	0.0032478	0.0834005
491	0.127449	0.0834061
491.5	0	0.0834061
492	0	0.0834061
492.5	0	0.0834061
493	0	0.0834061
493.5	0	0.0834061
494	0	0.0834061
494.5	0.0139286	0.0828484
495	0.127506	0.0828931
495.5	0.127465	0.0829377
496	0.127434	0.0829822
496.5	0.127346	0.0830265
497	0.127568	0.0830709
497.5	0.127382	0.0831151
498	0.127477	0.0831647
498.5	0.127397	0.0832088
499	0.127594	0.0832198
499.5	0	0.0832198
500	0	0.0832198
500.5	0	0.0832198
501	0	0.0832198
501.5	0	0.0832198
502	0	0.0832198
502.5	0	0.0832198
503	0	0.0832198
503.5	0	0.0832198
504	0	0.0832198
504.5	0	0.0832198
505	0	0.0832198
505.5	0	0.0832198
506	0	0.0832198
506.5	0	0.0832198
507	0	0.0832198
507.5	0	0.0832198
508	0.000838442	0.0816923
508.5	0.132129	0.0817398
509	0.127449	0.0817898
509.5	0.127449	0.0817954
510	0	0.0817954
510.5	0	0.0817954
511	0	0.0817954
511.5	0	0.0817954
512	0	0.0817954
512.5	0	0.0817954
513	0	0.0817954
513.5	0	0.0817954
514	0	0.0817954
514.5	0.0014548	0.0809478
515	0.127449	0.0809925
515.5	0.127449	0.0810428
516	0.127449	0.0810818
516.5	0	0.0810818
517	0	0.0810818
517.5	0.0153981	0.0808865
518	0.127257	0.080931
518.5	0.127418	0.0809754
519	0.127673	0.0810199
519.5	0.125374	0.0810683
520	0.132379	0.0810919
520.5	0	0.0810919
521	0	0.0810919
521.5	0	0.0810919
522	0	0.0810919
522.5	0	0.0810919
523	0	0.0810919
523.5	0	0.0810919
524	0.00919124	0.0805026
524.5	0.127449	0.0805469
525	0.127449	0.0805912
525.5	0.127449	0.0806354
526	0.127449	0.0806795
526.5	0.125188	0.0807221
527	0.127485	0.0807661
527.5	0.127434	0.08081
528	0.126214	0.080853
528.5	0.129613	0.0809036
529	0.12662	0.0809413
529.5	0.126205	0.0809894
530	0.126974	0.0810326
530.5	0.124375	0.0810741
531	0.132402	0.0811202
531.5	0.122868	0.0811605
532	0.133734	0.081213
532.5	0.125869	0.0812551
533	0.127978	0.0812984
533.5	0.127428	0.0813412
534	0.125044	0.0813826
534.5	0.127236	0.0814252
535	0.13016	0.0814694
535.5	0.127351	0.0815118
536	0.127506	0.0815543
536.5	0.127389	0.081602
537	0.125266	0.081643
537.5	0.131138	0.0816873
538	0.127449	0.0817295
538.5	0.127449	0.0817715
539	0.127449	0.0818135
539.5	0.127449	0.0818555
540	0.127449	0.0819025
540.5	0.127449	0.0819443
541	0.127449	0.081986
541.5	0.127449	0.082012
542	0.056603	0.0819793
542.5	0.129857	0.0820222
543	0.122815	0.0820608
543.5	0.132435	0.082105
544	0.122789	0.0821435
544.5	0.127564	0.082159
545	0	0.082159
545.5	0.0241046	0.0820196
546	0.127201	0.0820247
546.5	0	0.0820247
547	0	0.0820247
547.5	0	0.0820247
548	0	0.0820247
548.5	0	0.0820247
549	0	0.0820247
549.5	0	0.0820247
550	0	0.0820247
550.5	0	0.0820247
551	0	0.0820247
551.5	0	0.0820247
552	0	0.0820247
552.5	0	0.0820247
553	0	0.0820247
553.5	0	0.0820247
554	0	0.0820247
554.5	0	0.0820247
555	0.00331286	0.0806732
555.5	0.127449	0.0807149
556	0.127449	0.0807566
556.5	0.118793	0.0807838
557	0	0.0807838
557.5	0.0214165	0.0806661
558	0.127346	0.0807076
558.5	0.127444	0.080749
559	0.1275	0.0807956
559.5	0.12767	0.0808112
560	0	0.0808112
560.5	0	0.0808112
561	0	0.0808112
561.5	0	0.0808112
562	0	0.0808112
562.5	0	0.0808112
563	0	0.0808112
563.5	0	0.0808112
564	0	0.0808112
564.5	0	0.0808112
565	0	0.0808112
565.5	0	0.0808112
566	0	0.0808112
566.5	0	0.0808112
567	0.00301949	0.0797355
567.5	0.127449	0.0797771
568	0.127449	0.0798187
568.5	0.127449	0.0798602
569	0.127449	0.0799016
569.5	0.127449	0.0799481
570	0.127449	0.0799894
570.5	0.127449	0.0799997
571	0	0.0799997
571.5	0	0.0799997
572	0	0.0799997
572.5	0	0.0799997
573	0	0.0799997
573.5	0	0.0799997
574	0	0.0799997
574.5	0	0.0799997
575	0.0128855	0.0794279
575.5	0.127762	0.0794694
576	0.129904	0.079512
576.5	0.127315	0.0795531
577	0.127506	0.0795942
577.5	0.127419	0.0796404
578	0.129523	0.0796824
578.5	0.127449	0.0797233
579	0.127449	0.0797642
579.5	0.127449	0.0798049
580	0.127449	0.0798456
580.5	0.127449	0.0798862
581	0.127449	0.0799217
581.5	0	0.0799217
582	0	0.0799217
582.5	0	0.0799217
583	0	0.0799217
583.5	0	0.0799217
584	0	0.0799217
584.5	0	0.0799217
585	0	0.0799217
585.5	0	0.0799217
586	0	0.0799217
586.5	0	0.0799217
587	0	0.0799217
587.5	0	0.0799217
588	0	0.0799217
588.5	0	0.0799217
589	0	0.0799217
589.5	0	0.0799217
590	0	0.0799217
590.5	0	0.0799217
591	0	0.0799217
591.5	0	0.0799217
592	0	0.0799217
592.5	0	0.0799217
593	0	0.0799217
593.5	0	0.0799217
594	0	0.0799217
594.5	0	0.0799217
595	0	0.0799217
595.5	0	0.0799217
596	0	0.0799217
596.5	0	0.0799217
597	0	0.0799217
597.5	0	0.0799217
598	0	0.0799217
598.5	0	0.0799217
599	0	0.0799217
599.5	0	0.0799217
600	0.00205067	0.0774254
600.5	0.125144	0.0774655
601	0.132408	0.0775091
601.5	0.127413	0.0775502
602	0.127465	0.0775912
602.5	0.129674	0.0776333
603	0.127449	0.0776793
603.5	0.127449	0.0777201
604	0.127449	0.0777609
604.5	0.127449	0.0777864
605	0	0.0777864
605.5	0	0.0777864
606	0	0.0777864
606.5	0.014249	0.0775544
607	0.127905	0.0775953
607.5	0.127423	0.0776359
608	0.12958	0.0776775
608.5	0.127459	0.077718
609	0.127542	0.0777585
609.5	0.128025	0.0778042
610	0.127449	0.0778445
610.5	0.127034	0.0778846
611	0.127383	0.0779247
611.5	0.110007	0.077951
612	0.132349	0.0779881
612.5	0.125112	0.0780221
613	0.122303	0.0780594
613.5	0.134693	0.078108
614	0	0.078108
614.5	0	0.078108
615	0	0.078108
615.5	0	0.078108
616	0	0.078108
616.5	0	0.078108
617	0	0.078108
617.5	0	0.078108
618	0.011947	0.0776133
618.5	0.127558	0.0776532
619	0.127297	0.0776681
619.5	0	0.0776681
620	0	0.0776681
620.5	0	0.0776681
621	0.0267073	0.0774742
621.5	0.127449	0.0775141
622	0.127449	0.0775538
622.5	0.127449	0.0775935
623	0.127449	0.0776183
623.5	0	0.0776183
624	0	0.0776183
624.5	0	0.0776183
625	0	0.0776183
625.5	0	0.0776183
626	0	0.0776183
626.5	0	0.0776183
627	0	0.0776183
627.5	0	0.0776183
628	0	0.0776183
628.5	0	0.0776183
629	0	0.0776183
629.5	0.00818482	0.0768743
630	0.127454	0.076914
630.5	0.127465	0.0769537
631	0.127371	0.0769933
631.5	0.127418	0.0770328
632	0.127724	0.0770774
632.5	0.127449	0.0771168
633	0.126286	0.0771556
633.5	0.127418	0.0771949
634	0.128665	0.0772347
634.5	0.127449	0.0772739
635	0.127449	0.0772886
635.5	0	0.0772886
636	0	0.0772886
636.5	0	0.0772886
637	0.0100343	0.0770397
637.5	0.127449	0.0770788
638	0.127449	0.0771179
638.5	0.127449	0.0771569
639	0.127449	0.0771959
639.5	0.127449	0.0772007
640	0	0.0772007
640.5	0	0.0772007
641	0	0.0772007
641.5	0	0.0772007
642	0	0.0772007
642.5	0	0.0772007
643	0	0.0772007
643.5	0	0.0772007
644	0	0.0772007
644.5	0.0100451	0.0766282
645	0.127568	0.0766672
645.5	0.125079	0.076705
646	0.127418	0.0767439
646.5	0.129937	0.0767838
647	0.127449	0.0768226
647.5	0.127444	0.0768661
648	0.12218	0.0768977
648.5	0.131823	0.0769433
649	0.127465	0.0769819
649.5	0.127459	0.0770203
650	0.127361	0.0770587
650.5	0.126999	0.0770968
651	0.129347	0.077136
651.5	0.123279	0.0771722
652	0.127677	0.0771818
652.5	0	0.0771818
653	0.0165241	0.0770488
653.5	0.129032	0.0770877
654	0.127449	0.0771258
654.5	0.127449	0.0771639
655	0.127449	0.0772019
655.5	0.127449	0.0772398
656	0.127449	0.0772777
656.5	0.127449	0.0773202
657	0.127449	0.077325
657.5	0.0510322	0.0772879
658	0.127449	0.0773256
658.5	0.127449	0.0773633
659	0.127449	0.0774009
659.5	0.127449	0.0774244
660	0	0.0774244
660.5	0	0.0774244
661	0.0326246	0.0773097
661.5	0.127449	0.0773472
662	0.127449	0.0773894
662.5	0.127449	0.0774081
663	0	0.0774081
663.5	0	0.0774081
664	0	0.0774081
664.5	0	0.0774081
665	0	0.0774081
665.5	0	0.0774081
666	0	0.0774081
666.5	0	0.0774081
667	0	0.0774081
667.5	0	0.0774081
668	0	0.0774081
668.5	0	0.0774081
669	0	0.0774081
669.5	0.00432074	0.0766113
670	0.127439	0.0766489
670.5	0.123745	0.0766847
671	0.132251	0.0767242
671.5	0.128395	0.076762
672	0.127449	0.0767993
672.5	0.127449	0.0768273
673	0	0.0768273
673.5	0	0.0768273
674	0.0283443	0.0767072
674.5	0.127547	0.0767445
675	0.127528	0.0767817
675.5	0.127449	0.0768095
676	0	0.0768095
676.5	0	0.0768095
677	0	0.0768095
677.5	0	0.0768095
678	0	0.0768095
678.5	0	0.0768095
679	0	0.0768095
679.5	0.00756996	0.0763851
680	0.127449	0.0764222
680.5	0.127449	0.0764593
681	0.127449	0.0764964
681.5	0.127449	0.0765334
682	0.127449	0.0765703
682.5	0.127449	0.0766118
683	0.127449	0.0766487
683.5	0.127449	0.0766854
684	0.127449	0.0767222
684.5	0.127449	0.0767588
685	0.127449	0.0767954
685.5	0.127449	0.076832
686	0.127449	0.0768685
686.5	0.127449	0.0768913
687	0	0.0768913
687.5	0	0.0768913
688	0	0.0768913
688.5	0	0.0768913
689	0	0.0768913
689.5	0	0.0768913
690	0	0.0768913
690.5	0	0.0768913
691	0	0.0768913
691.5	0	0.0768913
692	0.00688336	0.076312
692.5	0.127315	0.0763485
693	0.127687	0.0763897
693.5	0.127449	0.076417
694	0	0.076417
694.5	0	0.076417
695	0	0.076417
695.5	0	0.076417
696	0	0.076417
696.5	0	0.076417
697	0	0.076417
697.5	0	0.076417
698	0	0.076417
698.5	0.00306107	0.0758761
699	0.127449	0.0759126
699.5	0.127449	0.0759491
700	0.127449	0.0759855
700.5	0.127449	0.0760219
701	0.127449	0.0760582
701.5	0.125413	0.0760935
702	0.127304	0.0761297
702.5	0.127546	0.0761704
703	0.126831	0.0761749
703.5	0	0.0761749
704	0	0.0761749
704.5	0	0.0761749
705	0.00981967	0.0759482
705.5	0.127449	0.0759843
706	0.127449	0.0760249
706.5	0.127449	0.0760609
707	0.127449	0.0760969
707.5	0.127449	0.0761328
708	0.127449	0.0761686
708.5	0.127449	0.0762044
709	0.127449	0.0762402
709.5	0.127449	0.0762759
710	0.127449	0.076316
710.5	0.127449	0.0763516
711	0.127449	0.0763872
711.5	0.127449	0.0764227
712	0	0.0764227
712.5	0	0.0764227
713	0	0.0764227
713.5	0	0.0764227
714	0	0.0764227
714.5	0	0.0764227
715	0	0.0764227
715.5	0	0.0764227
716	0	0.0764227
716.5	0.00470946	0.0759202
717	0.12732	0.0759557
717.5	0.127579	0.0759912
718	0.127377	0.0760267
718.5	0.127516	0.0760621
719	0.12652	0.0761014
719.5	0.124582	0.0761313
720	0.13073	0.0761724
720.5	0.127408	0.0762076
721	0.127399	0.0762296
721.5	0.05641	0.0762104
722	0.129847	0.0762465
722.5	0.126672	0.0762812
723	0.126484	0.0763158
723.5	0.124989	0.0763498
724	0	0.0763498
724.5	0	0.0763498
725	0	0.0763498
725.5	0	0.0763498
726	0	0.0763498
726.5	0.0183104	0.0761091
727	0.128358	0.0761444
727.5	0.127449	0.0761836
728	0.127449	0.0761923
728.5	0	0.0761923
729	0	0.0761923
729.5	0	0.0761923
730	0	0.0761923
730.5	0	0.0761923
731	0	0.0761923
731.5	0	0.0761923
732	0	0.0761923
732.5	0	0.0761923
733	0	0.0761923
733.5	0	0.0761923
734	0	0.0761923
734.5	0	0.0761923
735	0	0.0761923
735.5	0	0.0761923
736	0	0.0761923
736.5	0	0.0761923
737	0	0.0761923
737.5	0.00634943	0.0752521
738	0.129798	0.075288
738.5	0.125174	0.075322
739	0.127174	0.0753568
739.5	0	0.0753568
740	0	0.0753568
740.5	0	0.0753568
741	0	0.0753568
741.5	0	0.0753568
742	0	0.0753568
742.5	0	0.0753568
743	0	0.0753568
743.5	0	0.0753568
744	0	0.0753568
744.5	0	0.0753568
745	0	0.0753568
745.5	0.00362215	0.0747288
746	0.127397	0.0747637
746.5	0.0621578	0.0747552
747	0.127449	0.0747901
747.5	0.127449	0.0748249
748	0.127449	0.0748597
748.5	0.127449	0.0748988
749	0.127449	0.0749335
749.5	0.127449	0.0749681
750	0.127449	0.0750028
750.5	0.127449	0.0750373
751	0.127449	0.0750718
751.5	0.127449	0.0751063
752	0.127449	0.0751407
752.5	0.127449	0.0751794
753	0.127449	0.0752137
753.5	0.127449	0.075248
754	0.127449	0.0752737
754.5	0	0.0752737
755	0	0.0752737
755.5	0	0.0752737
756	0	0.0752737
756.5	0	0.0752737
757	0	0.0752737
757.5	0	0.0752737
758	0	0.0752737
758.5	0	0.0752737
759	0	0.0752737
759.5	0	0.0752737
760	0	0.0752737
760.5	0	0.0752737
761	0	0.0752737
761.5	0	0.0752737
762	0.00578641	0.0745287
762.5	0.127444	0.074563
763	0.125074	0.0745964
763.5	0.129981	0.0746316
764	0.122839	0.074664
764.5	0.129782	0.074699
765	0.151088	0.0747042
765.5	0	0.0747042
766	0	0.0747042
766.5	0.0161687	0.0745553
767	0.127848	0.0745896
767.5	0.126064	0.0746273
768	0.129044	0.0746619
768.5	0.127449	0.0746959
769	0.127449	0.0747298
769.5	0.127449	0.074734
770	0	0.074734
770.5	0	0.074734
771	0.0322117	0.0746261
771.5	0.129667	0.0746608
772	0.129895	0.0746955
772.5	0.127449	0.0747124
773	0	0.0747124
773.5	0	0.0747124
774	0	0.0747124
774.5	0	0.0747124
775	0.00855025	0.0744764
775.5	0.127449	0.0745144
776	0.127449	0.0745482
776.5	0.127449	0.0745524
777	0	0.0745524
777.5	0	0.0745524
778	0	0.0745524
778.5	0	0.0745524
779	0	0.0745524
779.5	0	0.0745524
780	0	0.0745524
780.5	0	0.0745524
781	0	0.0745524
781.5	0	0.0745524
782	0	0.0745524
782.5	0	0.0745524
783	0	0.0745524
783.5	0	0.0745524
784	0	0.0745524
784.5	0	0.0745524
785	0	0.0745524
785.5	0.00582833	0.0737246
786	0.129246	0.073759
786.5	0.127366	0.0737927
787	0.127532	0.0738265
787.5	0.127421	0.0738644
788	0.12716	0.0738979
788.5	0.127501	0.0739315
789	0.127651	0.0739651
789.5	0.127511	0.0739986
790	0.127423	0.0740321
790.5	0.125074	0.0740646
791	0.130867	0.0740992
791.5	0.127449	0.0741367
792	0.127449	0.07417
792.5	0.127449	0.0742032
793	0.127449	0.0742364
793.5	0.127449	0.074253
794	0	0.074253
794.5	0	0.074253
795	0.0135737	0.0741201
795.5	0.128393	0.0741578
796	0.127449	0.0741909
796.5	0.127449	0.0742239
797	0.127449	0.074257
797.5	0.127449	0.0742899
798	0.127449	0.0743229
798.5	0.127449	0.0743558
799	0.127449	0.0743886
799.5	0.127449	0.0744091
800	0	0.0744091
800.5	0	0.0744091
801	0	0.0744091
801.5	0	0.0744091
802	0	0.0744091
802.5	0	0.0744091
803	0.00838753	0.0741003
803.5	0.127449	0.0741331
804	0.127449	0.0741659
804.5	0.127449	0.0741987
805	0.125877	0.0742308
805.5	0.127439	0.0742635
806	0.127428	0.0742961
806.5	0.127387	0.0743286
807	0.127178	0.0743611
807.5	0.127546	0.0743977
808	0.125124	0.0744293
808.5	0.12969	0.0744625
809	0.127423	0.0744949
809.5	0.127532	0.0745273
810	0.127506	0.0745596
810.5	0.129377	0.0745925
811	0.127449	0.0746288
811.5	0.127449	0.074661
812	0.127449	0.0746931
812.5	0.127449	0.0747252
813	0.127449	0.0747573
813.5	0.127449	0.0747893
814	0.126342	0.0748209
814.5	0.122176	0.0748509
815	0.122473	0.074881
815.5	0.138874	0.074921
816	0	0.074921
816.5	0	0.074921
817	0	0.074921
817.5	0	0.074921
818	0	0.074921
818.5	0	0.074921
819	0	0.074921
819.5	0	0.074921
820	0	0.074921
820.5	0	0.074921
821	0	0.074921
821.5	0	0.074921
822	0	0.074921
822.5	0	0.074921
823	0	0.074921
823.5	0	0.074921
824	0	0.074921
824.5	0.00610677	0.0741675
825	0.128102	0.0741996
825.5	0.127968	0.0742317
826	0.127439	0.0742636
826.5	0.126898	0.0742952
827	0.12727	0.0743309
827.5	0.129317	0.0743632
828	0.127449	0.0743949
828.5	0.127449	0.0743989
829	0	0.0743989
829.5	0	0.0743989
830	0	0.0743989
830.5	0	0.0743989
831	0	0.0743989
831.5	0.011378	0.0741366
832	0.127449	0.0741683
832.5	0.127005	0.0741997
833	0.127423	0.0742313
833.5	0.127553	0.0742629
834	0.12732	0.0742944
834.5	0.127537	0.0743259
835	0.127333	0.0743456
835.5	0	0.0743456
836	0	0.0743456
836.5	0	0.0743456
837	0	0.0743456
837.5	0.00289702	0.0741137
838	0.129589	0.0741499
838.5	0.127459	0.0741813
839	0.129803	0.0742135
839.5	0.127475	0.0742448
840	0.127532	0.0742762
840.5	0.127863	0.0743076
841	0.127449	0.0743388
841.5	0.127449	0.0743739
842	0.127157	0.074405
842.5	0.127229	0.0744166
843	0	0.0744166
843.5	0	0.0744166
844	0	0.0744166
844.5	0	0.0744166
845	0	0.0744166
845.5	0	0.0744166
846	0	0.0744166
846.5	0	0.0744166
847	0	0.0744166
847.5	0	0.0744166
848	0	0.0744166
848.5	0	0.0744166
849	0	0.0744166
849.5	0	0.0744166
850	0	0.0744166
850.5	0	0.0744166
851	0	0.0744166
851.5	0	0.0744166
852	0	0.0744166
852.5	0	0.0744166
853	0	0.0744166
853.5	0.00556029	0.0735025
854	0.127449	0.0735337
854.5	0.127449	0.0735376
855	0	0.0735376
855.5	0	0.0735376
856	0	0.0735376
856.5	0	0.0735376
857	0	0.0735376
857.5	0	0.0735376
858	0	0.0735376
858.5	0	0.0735376
859	0	0.0735376
859.5	0	0.0735376
860	0	0.0735376
860.5	0	0.0735376
861	0	0.0735376
861.5	0	0.0735376
862	0	0.0735376
862.5	0	0.0735376
863	0	0.0735376
863.5	0	0.0735376
864	0	0.0735376
864.5	0	0.0735376
865	0	0.0735376
865.5	0	0.0735376
866	0.000655065	0.072526
866.5	0.127189	0.0725494
867	0	0.0725494
867.5	0	0.0725494
868	0	0.0725494
868.5	0	0.0725494
869	0	0.0725494
869.5	0.0125042	0.072332
870	0.127392	0.0723632
870.5	0.127392	0.0723945
871	0.127579	0.0724258
871.5	0.127371	0.072457
872	0.128106	0.0724884
872.5	0.127449	0.0725195
873	0.127449	0.0725545
873.5	0.127449	0.0725855
874	0.127449	0.0726127
874.5	0	0.0726127
875	0	0.0726127
875.5	0.0154232	0.0725126
876	0.127449	0.0725475
876.5	0.127449	0.0725785
877	0.127449	0.0726094
877.5	0.127449	0.0726403
878	0.127449	0.0726711
878.5	0.127449	0.072702
879	0.127449	0.0727327
879.5	0.12522	0.0727628
880	0.127392	0.0727935
880.5	0.129044	0.0728285
881	0.127473	0.0728554
881.5	0.12537	0.072889
882	0.124626	0.0729187
882.5	0.171165	0.0729238
883	0	0.0729238
883.5	0	0.0729238
884	0	0.0729238
884.5	0	0.0729238
885	0	0.0729238
885.5	0	0.0729238
886	0.00409823	0.0726253
886.5	0.0634675	0.0726189
887	0.127089	0.0726493
887.5	0.127382	0.0726798
888	0.127511	0.0726874
888.5	0.00863176	0.0726217
889	0.127449	0.0726522
889.5	0.127449	0.0726826
890	0.127449	0.0726902
890.5	0.0093194	0.0726301
891	0.127568	0.0726605
891.5	0.127348	0.0726947
892	0	0.0726947
892.5	0	0.0726947
893	0.031962	0.0726272
893.5	0.127542	0.0726576
894	0.128541	0.0726882
894.5	0.0743389	0.0726892
895	0.127346	0.0727194
895.5	0.127563	0.0727497
896	0.125902	0.0727793
896.5	0.11654	0.0728057
897	0.125502	0.0728352
897.5	0.129458	0.0728659
898	0.127449	0.0728959
898.5	0.126723	0.0729257
899	0.128183	0.0729559
899.5	0.127449	0.0729859
900	0.127449	0.0730158
900.5	0.127449	0.0730494
901	0.127449	0.0730792
901.5	0.127449	0.073109
902	0.127449	0.0731388
902.5	0.127449	0.0731685
903	0.127449	0.0731982
903.5	0.127449	0.0732279
904	0.127449	0.0732464
904.5	0.0212255	0.0732038
905	0.129691	0.0732341
905.5	0.127449	0.0732637
906	0.127449	0.0732932
906.5	0.127449	0.0733228
907	0.127449	0.0733523
907.5	0.127449	0.0733817
908	0.127449	0.0734148
908.5	0.127449	0.0734442
909	0.127449	0.0734736
909.5	0.126532	0.0735026
910	0.127394	0.0735246
910.5	0	0.0735246
911	0	0.0735246
911.5	0	0.0735246
912	0	0.0735246
912.5	0	0.0735246
913	0	0.0735246
913.5	0	0.0735246
914	0	0.0735246
914.5	0	0.0735246
915	0	0.0735246
915.5	0	0.0735246
916	0	0.0735246
916.5	0	0.0735246
917	0	0.0735246
917.5	0	0.0735246
918	0	0.0735246
918.5	0	0.0735246
919	0	0.0735246
919.5	0	0.0735246
920	0	0.0735246
920.5	0	0.0735246
921	0.000703759	0.0726401
921.5	0.127434	0.0726695
922	0.127677	0.0726989
922.5	0.127273	0.0727282
923	0.126917	0.0727318
923.5	0	0.0727318
924	0	0.0727318
924.5	0	0.0727318
925	0	0.0727318
925.5	0	0.0727318
926	0.00907008	0.0724931
926.5	0.127454	0.0725225
927	0.127408	0.0725261
927.5	0	0.0725261
928	0	0.0725261
928.5	0	0.0725261
929	0	0.0725261
929.5	0	0.0725261
930	0	0.0725261
930.5	0	0.0725261
931	0	0.0725261
931.5	0.00317394	0.0721568
932	0.127801	0.0721862
932.5	0	0.0721862
933	0	0.0721862
933.5	0	0.0721862
934	0	0.0721862
934.5	0	0.0721862
935	0	0.0721862
935.5	0	0.0721862
936	0	0.0721862
936.5	0	0.0721862
937	0	0.0721862
937.5	0.00858343	0.0718129
938	0.127948	0.0718202
938.5	0	0.0718202
939	0	0.0718202
939.5	0	0.0718202
940	0.0130873	0.0716699
940.5	0.127444	0.0716992
941	0.128573	0.0717288
941.5	0.127449	0.0717581
942	0.126253	0.0717869
942.5	0.127686	0.0718198
943	0.127573	0.0718344
943.5	0	0.0718344
944	0.0319411	0.0717824
944.5	0.127449	0.0718115
945	0.127449	0.0718406
945.5	0.127449	0.0718696
946	0.127449	0.0718987
946.5	0.126294	0.0719273
947	0.128494	0.0719603
947.5	0.125574	0.0719886
948	0.129381	0.0720181
948.5	0.127449	0.072047
949	0.127449	0.0720758
949.5	0.127449	0.0720866
950	0	0.0720866
950.5	0	0.0720866
951	0	0.0720866
951.5	0	0.0720866
952	0	0.0720866
952.5	0	0.0720866
953	0	0.0720866
953.5	0.0108971	0.0718085
954	0.127449	0.0718373
954.5	0.127449	0.0718661
955	0.123183	0.0718936
955.5	0.129937	0.071923
956	0.125114	0.071951
956.5	0.129628	0.071984
957	0.129421	0.0720132
957.5	0.127449	0.0720418
958	0.126468	0.0720701
958.5	0.127418	0.0720986
959	0.127423	0.0721271
959.5	0.127501	0.0721556
960	0.127377	0.0721841
960.5	0.127394	0.072216
961	0.125103	0.0722437
961.5	0.131068	0.0722731
962	0.127449	0.0723015
962.5	0.127449	0.0723298
963	0.127449	0.0723616
963.5	0.127449	0.0723898
964	0.127449	0.0724181
964.5	0.127449	0.0724286
965	0	0.0724286
965.5	0	0.0724286
966	0.0305304	0.0723503
966.5	0.127459	0.0723785
967	0.129911	0.0724074
967.5	0.127475	0.0724355
968	0.127366	0.072467
968.5	0.127511	0.0724951
969	0.128007	0.0725233
969.5	0.127449	0.0725513
970	0.127454	0.0725792
970.5	0.127485	0.0726072
971	0.127434	0.0726351
971.5	0.127486	0.0726665
972	0.127717	0.0726944
972.5	0.125074	0.0727215
973	0.129809	0.07275
973.5	0.123604	0.0727766
974	0.129065	0.0728048
974.5	0.129649	0.0728331
975	0.127485	0.0728608
975.5	0.127444	0.0728919
976	0.128528	0.0729198
976.5	0.127449	0.0729474
977	0.127449	0.072975
977.5	0.127449	0.0730025
978	0.127449	0.07303
978.5	0.127449	0.0730575
979	0.127449	0.0730884
979.5	0.127449	0.0731158
980	0.127449	0.0731432
980.5	0.127449	0.0731705
981	0.127449	0.073174
981.5	0	0.073174
982	0	0.073174
982.5	0	0.073174
983	0	0.073174
983.5	0	0.073174
984	0	0.073174
984.5	0	0.073174
985	0	0.073174
985.5	0.00791447	0.0728447
986	0.127449	0.0728721
986.5	0.126166	0.072899
987	0.127563	0.0729264
987.5	0.12733	0.0729536
988	0.127532	0.0729809
988.5	0.127421	0.0730013
989	0	0.0730013
989.5	0	0.0730013
990	0	0.0730013
990.5	0	0.0730013
991	0.0206602	0.0728604
991.5	0.127449	0.0728876
992	0.127449	0.0729148
992.5	0.127449	0.072942
993	0.127449	0.0729623
993.5	0	0.0729623
994	0	0.0729623
994.5	0	0.0729623
995	0	0.0729623
995.5	0	0.0729623
996	0	0.0729623
996.5	0	0.0729623
997	0	0.0729623
997.5	0	0.0729623
998	0	0.0729623
998.5	0	0.0729623
999	0	0.0729623
999.5	0	0.0729623
1000	0	0.0729623
1000.5	0	0.0729623
1001	0.00578133	0.0724141
1001.5	0.127449	0.0724413
1002	0.127449	0.0724684
1002.5	0.127449	0.0724955
1003	0.127449	0.0725259
1003.5	0.127449	0.072553
1004	0.127449	0.07258
1004.5	0.127449	0.072607
1005	0.127449	0.0726339
1005.5	0.127449	0.0726609
1006	0.127449	0.0726878
1006.5	0.127449	0.0727146
1007	0.127449	0.0727348
1007.5	0	0.0727348
1008	0	0.0727348
1008.5	0	0.0727348
1009	0	0.0727348
1009.5	0	0.0727348
1010	0	0.0727348
1010.5	0	0.0727348
1011	0	0.0727348
1011.5	0	0.0727348
1012	0	0.0727348
1012.5	0	0.0727348
1013	0	0.0727348
1013.5	0	0.0727348
1014	0	0.0727348
1014.5	0	0.0727348
1015	0	0.0727348
1015.5	0	0.0727348
1016	0	0.0727348
1016.5	0	0.0727348
1017	0	0.0727348
1017.5	0	0.0727348
1018	0	0.0727348
1018.5	0	0.0727348
1019	0	0.0727348
1019.5	0	0.0727348
1020	0	0.0727348
1020.5	0	0.0727348
1021	0	0.0727348
1021.5	0	0.0727348
1022	0	0.0727348
1022.5	0	0.0727348
1023	0	0.0727348
1023.5	0	0.0727348
1024	0	0.0727348
1024.5	0	0.0727348
1025	0	0.0727348
1025.5	0	0.0727348
1026	0	0.0727348
1026.5	0	0.0727348
1027	0	0.0727348
1027.5	0	0.0727348
1028	0	0.0727348
1028.5	0	0.0727348
1029	0	0.0727348
1029.5	0	0.0727348
1030	0	0.0727348
1030.5	0	0.0727348
1031	0	0.0727348
1031.5	0	0.0727348
1032	0	0.0727348
1032.5	0	0.0727348
1033	0	0.0727348
1033.5	0	0.0727348
1034	0	0.0727348
1034.5	0	0.0727348
1035	0.00167184	0.0707956
1035.5	0.125304	0.0708221
1036	0.129744	0.0708497
1036.5	0.127449	0.0708767
1037	0.127599	0.0709036
1037.5	0.127531	0.0709306
1038	0.127481	0.0709609
1038.5	0.127449	0.0709877
1039	0.125054	0.0710139
1039.5	0.129959	0.0710414
1040	0.12564	0.0710677
1040.5	0.127496	0.0710945
1041	0.127435	0.0711246
1041.5	0.129891	0.0711519
1042	0.125047	0.0711779
1042.5	0.127527	0.0712046
1043	0.127428	0.0712179
1043.5	0	0.0712179
1044	0	0.0712179
1044.5	0	0.0712179
1045	0	0.0712179
1045.5	0	0.0712179
1046	0	0.0712179
1046.5	0	0.0712179
1047	0	0.0712179
1047.5	0	0.0712179
1048	0	0.0712179
1048.5	0	0.0712179
1049	0	0.0712179
1049.5	0	0.0712179
1050	0	0.0712179
1050.5	0.00202075	0.0707049
1051	0.127449	0.0707316
1051.5	0.127449	0.0707582
1052	0.127449	0.0707849
1052.5	0.127449	0.0708114
1053	0.127449	0.070838
1053.5	0.127449	0.0708679
1054	0.127449	0.0708944
1054.5	0.126412	0.0709141
1055	0.128352	0.0709374
1055.5	0	0.0709374
1056	0	0.0709374
1056.5	0	0.0709374
1057	0	0.0709374
1057.5	0	0.0709374
1058	0	0.0709374
1058.5	0	0.0709374
1059	0	0.0709374
1059.5	0	0.0709374
1060	0	0.0709374
1060.5	0	0.0709374
1061	0	0.0709374
1061.5	0	0.0709374
1062	0.00435619	0.0704844
1062.5	0.125194	0.0705103
1063	0.127434	0.0705368
1063.5	0.129884	0.0705638
1064	0.11838	0.0705698
1064.5	0	0.0705698
1065	0	0.0705698
1065.5	0	0.0705698
1066	0	0.0705698
1066.5	0	0.0705698
1067	0	0.0705698
1067.5	0	0.0705698
1068	0	0.0705698
1068.5	0	0.0705698
1069	0.010175	0.070264
1069.5	0.127361	0.0702904
1070	0.127361	0.0703167
1070.5	0.127542	0.0703431
1071	0.127537	0.0703695
1071.5	0	0.0703695
1072	0	0.0703695
1072.5	0	0.0703695
1073	0	0.0703695
1073.5	0	0.0703695
1074	0	0.0703695
1074.5	0	0.0703695
1075	0	0.0703695
1075.5	0	0.0703695
1076	0	0.0703695
1076.5	0	0.0703695
1077	0	0.0703695
1077.5	0	0.0703695
1078	0	0.0703695
1078.5	0	0.0703695
1079	0	0.0703695
1079.5	0.00643969	0.069863
1080	0.12748	0.0698893
1080.5	0.127532	0.0699156
1081	0.127392	0.0699419
1081.5	0.125282	0.0699676
1082	0.127371	0.0699938
1082.5	0.129778	0.0700206
1083	0.127449	0.0700468
1083.5	0.12755	0.0700763
1084	0.127821	0.0701025
1084.5	0.127449	0.0701286
1085	0.126848	0.0701546
1085.5	0.127418	0.0701806
1086	0.127553	0.0702067
1086.5	0.127983	0.0702329
1087	0.127449	0.0702426
1087.5	0	0.0702426
1088	0	0.0702426
1088.5	0	0.0702426
1089	0.0132898	0.0701188
1089.5	0	0.0701188
1090	0	0.0701188
1090.5	0	0.0701188
1091	0	0.0701188
1091.5	0	0.0701188
1092	0	0.0701188
1092.5	0	0.0701188
1093	0	0.0701188
1093.5	0	0.0701188
1094	0	0.0701188
1094.5	0	0.0701188
1095	0.00405675	0.0697677
1095.5	0	0.0697677
1096	0	0.0697677
1096.5	0	0.0697677
1097	0	0.0697677
1097.5	0	0.0697677
1098	0	0.0697677
1098.5	0	0.0697677
1099	0	0.0697677
1099.5	0	0.0697677
1100	0	0.0697677
1100.5	0	0.0697677
1101	0	0.0697677
1101.5	0	0.0697677
1102	0	0.0697677
1102.5	0	0.0697677
1103	0	0.0697677
1103.5	0	0.0697677
1104	0	0.0697677
1104.5	0.00243514	0.0691768
1105	0.127454	0.0692028
1105.5	0.127537	0.0692321
1106	0.125728	0.0692577
1106.5	0.129186	0.0692841
1107	0.127882	0.0693101
1107.5	0.127734	0.0693361
1108	0.127449	0.069362
1108.5	0.127449	0.0693879
1109	0.127449	0.0694137
1109.5	0.127449	0.0694364
1110	0	0.0694364
1110.5	0	0.0694364
1111	0.0299551	0.0693804
1111.5	0.127449	0.0694094
1112	0.127449	0.0694352
1112.5	0.127449	0.0694609
1113	0.127449	0.0694866
1113.5	0.127449	0.0695123
1114	0.127449	0.069538
1114.5	0.127449	0.0695605
1115	0	0.0695605
1115.5	0	0.0695605
1116	0.0348896	0.0695114
1116.5	0.127392	0.0695371
1117	0.127676	0.0695627
1117.5	0.127408	0.0695787
1118	0	0.0695787
1118.5	0	0.0695787
1119	0	0.0695787
1119.5	0.0071663	0.0694563
1120	0.125998	0.0694815
1120.5	0.123051	0.069506
1121	0.129609	0.0695353
1121.5	0.129674	0.0695613
1122	0.12747	0.0695868
1122.5	0.127428	0.0696122
1123	0.127625	0.0696377
1123.5	0.127387	0.0696631
1124	0.128341	0.0696919
1124.5	0.127397	0.0697172
1125	0.127558	0.0697426
1125.5	0.12773	0.069768
1126	0.127449	0.0697933
1126.5	0.127449	0.0698186
1127	0.127449	0.0698438
1127.5	0.127449	0.0698691
1128	0.127449	0.0698943
1128.5	0	0.0698943
1129	0.0374949	0.0698642
1129.5	0.127449	0.0698893
1130	0.126297	0.0699111
1130.5	0.127989	0.0699395
1131	0.0601923	0.069935
1131.5	0.0515476	0.0699276
1132	0.112632	0.0699487
1132.5	0.217941	0.0700147
1133	0.122366	0.0700355
1133.5	0.122727	0.0700504
1134	0.133009	0.0700898
1134.5	0.127449	0.0701148
1135	0.127434	0.0701397
1135.5	0.127532	0.0701459
1136	0	0.0701459
1136.5	0	0.0701459
1137	0	0.0701459
1137.5	0	0.0701459
1138	0	0.0701459
1138.5	0	0.0701459
1139	0	0.0701459
1139.5	0	0.0701459
1140	0.00968618	0.0698875
1140.5	0.127449	0.0699155
1141	0	0.0699155
1141.5	0	0.0699155
1142	0	0.0699155
1142.5	0.0234762	0.0698338
1143	0.127439	0.0698587
1143.5	0.12459	0.0698829
1144	0.127179	0.0699077
1144.5	0.133866	0.0699241
1145	0.103278	0.0699396
1145.5	0	0.0699396
1146	0	0.0699396
1146.5	0	0.0699396
1147	0	0.0699396
1147.5	0	0.0699396
1148	0	0.0699396
1148.5	0	0.0699396
1149	0	0.0699396
1149.5	0	0.0699396
1150	0.00302766	0.0696373
1150.5	0.12941	0.0696625
1151	0.127496	0.0696873
1151.5	0.127304	0.0697121
1152	0.127413	0.0697368
1152.5	0.12749	0.0697615
1153	0.128688	0.0697897
1153.5	0.127449	0.0698143
1154	0.127449	0.069839
1154.5	0.127449	0.0698636
1155	0.127449	0.0698883
1155.5	0.127449	0.0699129
1156	0.125351	0.0699369
1156.5	0.126945	0.0699614
1157	0.127415	0.0699798
1157.5	0	0.0699798
1158	0	0.0699798
1158.5	0	0.0699798
1159	0	0.0699798
1159.5	0	0.0699798
1160	0	0.0699798
1160.5	0	0.0699798
1161	0	0.0699798
1161.5	0	0.0699798
1162	0	0.0699798
1162.5	0	0.0699798
1163	0	0.0699798
1163.5	0	0.0699798
1164	0	0.0699798
1164.5	0.00818099	0.0695715
1165	0.127449	0.0695777
1165.5	0	0.0695777
1166	0	0.0695777
1166.5	0	0.0695777
1167	0.0132463	0.069463
1167.5	0.127496	0.0694875
1168	0.127397	0.069512
1168.5	0.127542	0.0695365
1169	0.127501	0.069561
1169.5	0.12749	0.0695855
1170	0.125064	0.0696093
1170.5	0.124864	0.0696331
1171	0.127549	0.0696575
1171.5	0.129771	0.0696855
1172	0.125059	0.0697093
1172.5	0.132346	0.0697347
1173	0.127496	0.069759
1173.5	0.124974	0.0697827
1174	0.12979	0.0698106
1174.5	0.125119	0.0698343
1175	0.127299	0.0698584
1175.5	0.130029	0.0698832
1176	0.125124	0.0699068
1176.5	0.126755	0.0699308
1177	0.129948	0.0699555
1177.5	0.122719	0.0699785
1178	0.126108	0.0700023
1178.5	0.104604	0.0700177
1179	0.137429	0.0700439
1179.5	0.0306565	0.0700268
1180	0.0919202	0.0700315
1180.5	0.0174871	0.0700115
1181	0.0699722	0.0700115
1181.5	0.122781	0.0700172
1182	0.0306857	0.0700001
1182.5	0.036891	0.0699763
1183	0.150297	0.0700118
1183.5	0.129796	0.0700363
1184	0.127449	0.0700632
1184.5	0.127449	0.0700871
1185	0.127104	0.070111
1185.5	0.128378	0.07012
1186	0	0.07012
1186.5	0	0.07012
1187	0	0.07012
1187.5	0	0.07012
1188	0	0.07012
1188.5	0	0.07012
1189	0	0.07012
1189.5	0	0.07012
1190	0.00326149	0.069849
1190.5	0.129795	0.0698673
1191	0.0597225	0.0698617
1191.5	0.127485	0.0698856
1192	0.12747	0.0699094
1192.5	0.127335	0.0699332
1193	0.127444	0.069957
1193.5	0.127496	0.0699808
1194	0	0.0699808
1194.5	0	0.0699808
1195	0	0.0699808
1195.5	0	0.0699808
1196	0	0.0699808
1196.5	0.0104441	0.0698309
1197	0.125456	0.0698542
1197.5	0.129507	0.0698784
1198	0.127449	0.0699051
1198.5	0.127449	0.0699199
1199	0	0.0699199
1199.5	0	0.0699199
1200	0	0.0699199
1200.5	0	0.0699199
1201	0	0.0699199
1201.5	0	0.0699199
1202	0.00429928	0.0697202
1202.5	0.127449	0.0697439
1203	0.127449	0.0697705
1203.5	0.127449	0.0697942
1204	0.127449	0.0698178
1204.5	0.127449	0.0698415
1205	0.127449	0.0698651
1205.5	0.127449	0.0698886
1206	0.127449	0.0699122
1206.5	0.127449	0.0699358
1207	0.127449	0.0699622
1207.5	0.127449	0.0699857
1208	0.125724	0.0700088
1208.5	0.127366	0.0700323
1209	0.125231	0.0700552
1209.5	0.129348	0.0700791
1210	0.127802	0.0700849
1210.5	0.00871554	0.0700392
1211	0.127449	0.0700626
1211.5	0.127449	0.070086
1212	0.127449	0.0701093
1212.5	0.127449	0.0701327
1213	0.127449	0.070156
1213.5	0.127449	0.0701793
1214	0.127449	0.0702055
1214.5	0.125272	0.0702255
1215	0.12744	0.0702516
1215.5	0.125054	0.0702743
1216	0.131548	0.0702894
1216.5	0.0799782	0.0702948
1217	0.128766	0.0703183
1217.5	0.105284	0.0703333
1218	0.134914	0.070355
1218.5	0	0.070355
1219	0	0.070355
1219.5	0	0.070355
1220	0.0303317	0.0702869
1220.5	0.122298	0.0703089
1221	0.139231	0.0703376
1221.5	0.12754	0.070352
1222	0	0.070352
1222.5	0	0.070352
1223	0	0.070352
1223.5	0	0.070352
1224	0	0.070352
1224.5	0	0.070352
1225	0	0.070352
1225.5	0.00198363	0.0701307
1226	0	0.0701307
1226.5	0	0.0701307
1227	0	0.0701307
1227.5	0	0.0701307
1228	0	0.0701307
1228.5	0	0.0701307
1229	0.00209299	0.0699227
1229.5	0.127449	0.0699458
1230	0.127449	0.0699689
1230.5	0.127449	0.069992
1231	0.127449	0.070015
1231.5	0.127449	0.070038
1232	0.126551	0.0700608
1232.5	0.127465	0.0700838
1233	0.127098	0.0700895
1233.5	0	0.0700895
1234	0	0.0700895
1234.5	0	0.0700895
1235	0	0.0700895
1235.5	0	0.0700895
1236	0	0.0700895
1236.5	0	0.0700895
1237	0	0.0700895
1237.5	0	0.0700895
1238	0	0.0700895
1238.5	0.00928176	0.0697983
1239	0.127527	0.0698213
1239.5	0.127186	0.0698442
1240	0.127423	0.0698671
1240.5	0.124243	0.0698838
1241	0	0.0698838
1241.5	0	0.0698838
1242	0	0.0698838
1242.5	0	0.0698838
1243	0	0.0698838
1243.5	0	0.0698838
1244	0	0.0698838
1244.5	0	0.0698838
1245	0	0.0698838
1245.5	0	0.0698838
1246	0	0.0698838
1246.5	0	0.0698838
1247	0	0.0698838
1247.5	0	0.0698838
1248	0	0.0698838
1248.5	0	0.0698838
1249	0	0.0698838
1249.5	0.00685568	0.0694208
1250	0.127449	0.0694438
1250.5	0.123842	0.0694659
1251	0.138412	0.0694721
1251.5	0	0.0694721
1252	0	0.0694721
1252.5	0	0.0694721
1253	0	0.0694721
1253.5	0	0.0694721
1254	0	0.0694721
1254.5	0	0.0694721
1255	0	0.0694721
1255.5	0	0.0694721
1256	0	0.0694721
1256.5	0	0.0694721
1257	0	0.0694721
1257.5	0	0.0694721
1258	0	0.0694721
1258.5	0	0.0694721
1259	0	0.0694721
1259.5	0	0.0694721
1260	0	0.0694721
1260.5	0	0.0694721
1261	0	0.0694721
1261.5	0	0.0694721
1262	0	0.0694721
1262.5	0	0.0694721
1263	0	0.0694721
1263.5	0	0.0694721
1264	0	0.0694721
1264.5	0	0.0694721
1265	0	0.0694721
1265.5	0	0.0694721
1266	0	0.0694721
1266.5	0	0.0694721
1267	0.00286971	0.0686078
1267.5	0.131454	0.0686315
1268	0.127449	0.0686544
1268.5	0.127449	0.0686773
1269	0.127449	0.0687001
1269.5	0.127449	0.068723
1270	0.127114	0.0687429
1270.5	0	0.0687429
1271	0	0.0687429
1271.5	0	0.0687429
1272	0	0.0687429
1272.5	0	0.0687429
1273	0	0.0687429
1273.5	0	0.0687429
1274	0	0.0687429
1274.5	0	0.0687429
1275	0.00166624	0.0684945
1275.5	0	0.0684945
1276	0	0.0684945
1276.5	0	0.0684945
1277	0	0.0684945
1277.5	0	0.0684945
1278	0.016251	0.068356
1278.5	0.126048	0.0683786
1279	0.129851	0.0684018
1279.5	0.127357	0.0684274
1280	0.127449	0.0684502
1280.5	0.125124	0.0684725
1281	0.12983	0.0684957
1281.5	0.127537	0.0685184
1282	0.127454	0.0685411
1282.5	0.127187	0.0685581
1283	0	0.0685581
1283.5	0.0486608	0.0685405
1284	0.127485	0.0685632
1284.5	0.127242	0.068566
1285	0	0.068566
1285.5	0	0.068566
1286	0	0.068566
1286.5	0	0.068566
1287	0	0.068566
1287.5	0	0.068566
1288	0.00791737	0.0683789
1288.5	0	0.0683789
1289	0.0117604	0.0683495
1289.5	0	0.0683495
1290	0	0.0683495
1290.5	0	0.0683495
1291	0	0.0683495
1291.5	0	0.0683495
1292	0.00236476	0.0681797
1292.5	0.127449	0.0682023
1293	0.127449	0.0682193
1293.5	0	0.0682193
1294	0	0.0682193
1294.5	0	0.0682193
1295	0	0.0682193
1295.5	0	0.0682193
1296	0	0.0682193
1296.5	0	0.0682193
1297	0	0.0682193
1297.5	0	0.0682193
1298	0	0.0682193
1298.5	0	0.0682193
1299	0	0.0682193
1299.5	0	0.0682193
1300	0	0.0682193
1300.5	0	0.0682193
1301	0	0.0682193
1301.5	0	0.0682193
1302	0	0.0682193
1302.5	0	0.0682193
1303	0	0.0682193
1303.5	0.000736727	0.0676667
1304	0.127449	0.0676893
1304.5	0.127449	0.0677119
1305	0.127449	0.0677345
1305.5	0.127449	0.0677599
1306	0.127449	0.0677825
1306.5	0.127449	0.067805
1307	0.121366	0.0678263
1307.5	0.134174	0.0678501
1308	0.127449	0.0678726
1308.5	0.125897	0.0678947
1309	0.12904	0.0679175
1309.5	0.127449	0.0679427
1310	0.127449	0.0679652
1310.5	0.127449	0.0679876
1311	0.127449	0.0680099
1311.5	0.127449	0.0680323
1312	0.127449	0.0680547
1312.5	0.127449	0.068077
1313	0.127449	0.0680993
1313.5	0.127449	0.0681244
1314	0.127449	0.0681467
1314.5	0.126066	0.0681687
1315	0.127418	0.0681909
1315.5	0.12761	0.0682132
1316	0.127423	0.0682354
1316.5	0.127459	0.0682576
1317	0.121384	0.0682785
1317.5	0.133247	0.0683047
1318	0.127568	0.0683269
1318.5	0.127318	0.068349
1319	0.116594	0.0683564
1319.5	0	0.0683564
1320	0	0.0683564
1320.5	0	0.0683564
1321	0	0.0683564
1321.5	0	0.0683564
1322	0	0.0683564
1322.5	0	0.0683564
1323	0	0.0683564
1323.5	0.00326846	0.0681198
1324	0.127449	0.0681419
1324.5	0.127449	0.068164
1325	0.127449	0.0681861
1325.5	0.126127	0.0682079
1326	0.127132	0.0682161
1326.5	0	0.0682161
1327	0	0.0682161
1327.5	0	0.0682161
1328	0	0.0682161
1328.5	0.00554112	0.0680822
1329	0.127397	0.0681043
1329.5	0.127402	0.0681263
1330	0.127568	0.0681483
1330.5	0.127387	0.0681703
1331	0.127481	0.0681951
1331.5	0.129737	0.0682175
1332	0.127449	0.0682394
1332.5	0.127449	0.0682614
1333	0.127449	0.0682833
1333.5	0.126685	0.068305
1334	0.0926949	0.0683143
1334.5	0.0479224	0.0683068
1335	0.127315	0.0683286
1335.5	0.127449	0.068345
1336	0	0.068345
1336.5	0	0.068345
1337	0	0.068345
1337.5	0	0.068345
1338	0	0.068345
1338.5	0	0.068345
1339	0	0.068345
1339.5	0	0.068345
1340	0	0.068345
1340.5	0	0.068345
1341	0	0.068345
1341.5	0	0.068345
1342	0	0.068345
1342.5	0	0.068345
1343	0.00307247	0.0679719
1343.5	0.127449	0.0679937
1344	0	0.0679937
1344.5	0	0.0679937
1345	0	0.0679937
1345.5	0.0198473	0.0679228
1346	0.127449	0.0679474
1346.5	0.127449	0.0679692
1347	0.127449	0.0679719
1347.5	0.0412157	0.067953
1348	0.127449	0.0679748
1348.5	0.127449	0.0679965
1349	0.127449	0.0680183
1349.5	0.127449	0.06804
1350	0.127449	0.0680617
1350.5	0.127449	0.0680835
1351	0.127449	0.0681051
1351.5	0.127449	0.0681295
1352	0.127449	0.0681512
1352.5	0.127449	0.0681728
1353	0.127449	0.0681944
1353.5	0.127449	0.0682161
1354	0.127449	0.0682376
1354.5	0.127449	0.0682592
1355	0.127449	0.0682808
1355.5	0.127449	0.068305
1356	0.127449	0.0683265
1356.5	0.127449	0.06834
1357	0	0.06834
1357.5	0	0.06834
1358	0	0.06834
1358.5	0	0.06834
1359	0	0.06834
1359.5	0	0.06834
1360	0	0.06834
1360.5	0	0.06834
1361	0	0.06834
1361.5	0.0121797	0.068127
1362	0.127377	0.0681484
1362.5	0.127467	0.0681726
1363	0.127335	0.068194
1363.5	0.127256	0.0682155
1364	0.128958	0.0682372
1364.5	0.127449	0.0682586
1365	0.127449	0.06828
1365.5	0.127449	0.0683014
1366	0.127001	0.0683227
1366.5	0.12785	0.0683468
1367	0.127449	0.0683521
1367.5	0	0.0683521
1368	0	0.0683521
1368.5	0	0.0683521
1369	0.0233879	0.0682748
1369.5	0.127449	0.0682962
1370	0.127449	0.0683175
1370.5	0.127449	0.0683388
1371	0.127449	0.0683627
1371.5	0.127449	0.068384
1372	0.127449	0.0684052
1372.5	0.127449	0.0684264
1373	0.127449	0.068445
1373.5	0	0.068445
1374	0	0.068445
1374.5	0	0.068445
1375	0	0.068445
1375.5	0	0.068445
1376	0	0.068445
1376.5	0	0.068445
1377	0	0.068445
1377.5	0	0.068445
1378	0	0.068445
1378.5	0	0.068445
1379	0	0.068445
1379.5	0	0.068445
1380	0	0.068445
1380.5	0	0.068445
1381	0	0.068445
1381.5	0	0.068445
1382	0	0.068445
1382.5	0	0.068445
1383	0	0.068445
1383.5	0	0.068445
1384	0	0.068445
1384.5	0	0.068445
1385	0	0.068445
1385.5	0	0.068445
1386	0	0.068445
1386.5	0	0.068445
1387	0	0.068445
1387.5	0	0.068445
1388	0	0.068445
1388.5	0	0.068445
1389	0	0.068445
1389.5	0	0.068445
1390	0	0.068445
1390.5	0.000904266	0.0676002
1391	0	0.0676002
1391.5	0	0.0676002
1392	0	0.0676002
1392.5	0	0.0676002
1393	0	0.0676002
1393.5	0	0.0676002
1394	0	0.0676002
1394.5	0	0.0676002
1395	0	0.0676002
1395.5	0.00456482	0.0673668
1396	0	0.0673668
1396.5	0	0.0673668
1397	0	0.0673668
1397.5	0	0.0673668
1398	0	0.0673668
1398.5	0	0.0673668
1399	0	0.0673668
1399.5	0	0.0673668
1400	0	0.0673668
1400.5	0	0.0673668
1401	0	0.0673668
1401.5	0	0.0673668
1402	0	0.0673668
1402.5	0.0055565	0.0670549
1403	0.127312	0.0670762
1403.5	0.127377	0.0670974
1404	0.127467	0.0671212
1404.5	0.127423	0.0671424
1405	0.127568	0.0671636
1405.5	0.127428	0.0671848
1406	0.12733	0.0672059
1406.5	0.127553	0.0672271
1407	0.127439	0.0672482
1407.5	0.127392	0.0672693
1408	0.125199	0.06729
1408.5	0.129894	0.0673142
1409	0.127527	0.0673353
1409.5	0.127449	0.0673563
1410	0.127371	0.0673774
1410.5	0.127537	0.0673984
1411	0.127309	0.0674194
1411.5	0.127449	0.0674404
1412	0.127514	0.067464
1412.5	0.127465	0.0674849
1413	0	0.0674849
1413.5	0	0.0674849
1414	0	0.0674849
1414.5	0	0.0674849
1415	0	0.0674849
1415.5	0	0.0674849
1416	0	0.0674849
1416.5	0	0.0674849
1417	0	0.0674849
1417.5	0	0.0674849
1418	0.00427845	0.0672392
1418.5	0.127563	0.0672602
1419	0.127465	0.0672811
1419.5	0.127325	0.067302
1420	0.127589	0.0673229
1420.5	0.125034	0.0673434
1421	0.127444	0.0673642
1421.5	0.127284	0.0673668
1422	0	0.0673668
1422.5	0	0.0673668
1423	0	0.0673668
1423.5	0	0.0673668
1424	0	0.0673668
1424.5	0	0.0673668
1425	0	0.0673668
1425.5	0	0.0673668
1426	0	0.0673668
1426.5	0	0.0673668
1427	0	0.0673668
1427.5	0	0.0673668
1428	0	0.0673668
1428.5	0	0.0673668
1429	0	0.0673668
1429.5	0	0.0673668
1430	0	0.0673668
1430.5	0	0.0673668
1431	0	0.0673668
1431.5	0.00449487	0.0669059
1432	0.129836	0.0669272
1432.5	0.127449	0.0669376
1433	0	0.0669376
1433.5	0	0.0669376
1434	0	0.0669376
1434.5	0	0.0669376
1435	0	0.0669376
1435.5	0.00962264	0.0668071
1436	0.122694	0.0668271
1436.5	0.134873	0.0668492
1437	0.122999	0.0668692
1437.5	0.131684	0.0668934
1438	0.12519	0.0669138
1438.5	0.12734	0.0669345
1439	0.128232	0.0669554
1439.5	0.127496	0.0669761
1440	0.127418	0.0669969
1440.5	0.12748	0.0670176
1441	0.128949	0.0670385
1441.5	0.125914	0.0670589
1442	0.127495	0.0670822
1442.5	0.129044	0.0671031
1443	0.122661	0.067113
1443.5	0	0.067113
1444	0	0.067113
1444.5	0	0.067113
1445	0	0.067113
1445.5	0	0.067113
1446	0	0.067113
1446.5	0.0125431	0.0669711
1447	0.129733	0.0669922
1447.5	0.125264	0.0670124
1448	0.129926	0.0670334
1448.5	0.127449	0.067054
1449	0.123433	0.0670738
1449.5	0.129717	0.0670948
1450	0.126352	0.0671177
1450.5	0.125124	0.0671378
1451	0.126102	0.067158
1451.5	0.119336	0.0671746
1452	0.113235	0.06719
1452.5	0.0918083	0.0671987
1453	0.12124	0.067206
1453.5	0	0.067206
1454	0	0.067206
1454.5	0	0.067206
1455	0	0.067206
1455.5	0	0.067206
1456	0	0.067206
1456.5	0	0.067206
1457	0	0.067206
1457.5	0	0.067206
1458	0	0.067206
1458.5	0	0.067206
1459	0	0.067206
1459.5	0.0034751	0.0669096
1460	0.125418	0.0669322
1460.5	0.127351	0.0669526
1461	0.12987	0.0669735
1461.5	0.127397	0.0669939
1462	0.122887	0.0670135
1462.5	0.132357	0.0670347
1463	0.12738	0.0670576
1463.5	0.127542	0.067078
1464	0.127459	0.0670983
1464.5	0.127377	0.0671187
1465	0.127506	0.067139
1465.5	0.127516	0.0671593
1466	0.127434	0.0671796
1466.5	0.127408	0.0672024
1467	0.127434	0.0672227
1467.5	0.127371	0.0672429
1468	0.127568	0.0672632
1468.5	0.127387	0.0672834
1469	0.127518	0.067291
1469.5	0	0.067291
1470	0	0.067291
1470.5	0	0.067291
1471	0	0.067291
1471.5	0	0.067291
1472	0	0.067291
1472.5	0.00619261	0.067133
1473	0.127449	0.0671532
1473.5	0.127449	0.0671759
1474	0.127449	0.0671961
1474.5	0.127449	0.0672162
1475	0.127449	0.0672364
1475.5	0.127449	0.0672565
1476	0.127449	0.0672766
1476.5	0.127449	0.0672967
1477	0.127449	0.0673168
1477.5	0.127449	0.0673394
1478	0.127449	0.0673595
1478.5	0.127449	0.0673796
1479	0.127449	0.0673996
1479.5	0.126824	0.0674195
1480	0.127366	0.0674395
1480.5	0.127802	0.0674445
1481	0	0.0674445
1481.5	0	0.0674445
1482	0	0.0674445
1482.5	0.0131917	0.0673573
1483	0.127449	0.0673773
1483.5	0.127449	0.0673973
1484	0.127449	0.0674098
1484.5	0	0.0674098
1485	0	0.0674098
1485.5	0.0179788	0.0673516
1486	0.127335	0.0673715
1486.5	0.127602	0.0673915
1487	0.127449	0.0674114
1487.5	0.127449	0.0674139
1488	0	0.0674139
1488.5	0.0110575	0.0673601
1489	0.127449	0.06738
1489.5	0.127449	0.0673999
1490	0.127449	0.0674222
1490.5	0.125289	0.0674417
1491	0.125074	0.0674612
1491.5	0	0.0674612
1492	0	0.0674612
1492.5	0	0.0674612
1493	0	0.0674612
1493.5	0	0.0674612
1494	0	0.0674612
1494.5	0	0.0674612
1495	0	0.0674612
1495.5	0	0.0674612
1496	0	0.0674612
1496.5	0.00143779	0.0672199
1497	0.127948	0.0672274
1497.5	0	0.0672274
1498	0	0.0672274
1498.5	0	0.0672274
1499	0	0.0672274
1499.5	0	0.0672274
1500	0	0.0672274
1500.5	0	0.0672274
1501	0	0.0672274
1501.5	0	0.0672274
1502	0	0.0672274
1502.5	0	0.0672274
1503	0.00618772	0.0669694
1503.5	0.127413	0.0669893
1504	0.127511	0.0670091
1504.5	0.127351	0.0670289
1505	0.12747	0.0670488
1505.5	0.127598	0.0670611
1506	0	0.0670611
1506.5	0	0.0670611
1507	0.0180189	0.0670044
1507.5	0.127449	0.0670241
1508	0.127449	0.0670439
1508.5	0.127449	0.0670637
1509	0.127449	0.0670834
1509.5	0.127449	0.0671031
1510	0.127449	0.0671229
1510.5	0.127449	0.067145
1511	0.127449	0.0671647
1511.5	0.127449	0.0671844
1512	0.127449	0.0672041
1512.5	0.127449	0.0672213
1513	0	0.0672213
1513.5	0	0.0672213
1514	0	0.0672213
1514.5	0	0.0672213
1515	0	0.0672213
1515.5	0	0.0672213
1516	0	0.0672213
1516.5	0	0.0672213
1517	0	0.0672213
1517.5	0	0.0672213
1518	0	0.0672213
1518.5	0	0.0672213
1519	0	0.0672213
1519.5	0	0.0672213
1520	0	0.0672213
1520.5	0	0.0672213
1521	0	0.0672213
1521.5	0	0.0672213
1522	0.000819038	0.0668025
1522.5	0.127449	0.0668222
1523	0.127449	0.0668418
1523.5	0.127449	0.0668615
1524	0.127449	0.0668811
1524.5	0.127449	0.0669007
1525	0.127449	0.0669227
1525.5	0.127449	0.0669423
1526	0.127449	0.0669619
1526.5	0.127449	0.0669814
1527	0.127449	0.067001
1527.5	0.127449	0.0670205
1528	0.127449	0.0670278
1528.5	0	0.0670278
1529	0.0298587	0.0669958
1529.5	0.130606	0.0670183
1530	0.114181	0.0670311
1530.5	0.13806	0.0670575
1531	0.127943	0.0670746
1531.5	0.083049	0.0670805
1532	0.08957	0.067087
1532.5	0.084564	0.0670933
1533	0.115367	0.0671083
1533.5	0.156714	0.0671406
1534	0.195631	0.067181
1534.5	0.127449	0.0672004
1535	0.127449	0.0672197
1535.5	0.127449	0.0672391
1536	0.127449	0.0672512
1536.5	0	0.0672512
1537	0.0381318	0.0672277
1537.5	0.127449	0.0672326
1538	0	0.0672326
1538.5	0	0.0672326
1539	0	0.0672326
1539.5	0	0.0672326
1540	0	0.0672326
1540.5	0	0.0672326
1541	0	0.0672326
1541.5	0	0.0672326
1542	0	0.0672326
1542.5	0	0.0672326
1543	0	0.0672326
1543.5	0	0.0672326
1544	0	0.0672326
1544.5	0	0.0672326
1545	0	0.0672326
1545.5	0	0.0672326
1546	0	0.0672326
1546.5	0	0.0672326
1547	0	0.0672326
1547.5	0	0.0672326
1548	0	0.0672326
1548.5	0	0.0672326
1549	0.00396459	0.0667467
1549.5	0.127449	0.066766
1550	0.127449	0.0667853
1550.5	0.127449	0.0668046
1551	0.127449	0.0668239
1551.5	0.127449	0.0668432
1552	0.127449	0.0668625
1552.5	0.126757	0.066884
1553	0.127155	0.0669032
1553.5	0.127828	0.0669225
1554	0.128153	0.0669418
1554.5	0.127449	0.066961
1555	0.127449	0.0669802
1555.5	0.126447	0.0669992
1556	0.124018	0.0670178
1556.5	0.101784	0.0670299
1557	0.151362	0.0670552
1557.5	0.13404	0.0670754
1558	0.122118	0.0670936
1558.5	0.103385	0.067106
1559	0.155645	0.0671346
1559.5	0.154989	0.0671404
1560	0	0.0671404
1560.5	0	0.0671404
1561	0	0.0671404
1561.5	0	0.0671404
1562	0	0.0671404
1562.5	0	0.0671404
1563	0	0.0671404
1563.5	0	0.0671404
1564	0	0.0671404
1564.5	0	0.0671404
1565	0	0.0671404
1565.5	0	0.0671404
1566	0	0.0671404
1566.5	0	0.0671404
1567	0	0.0671404
1567.5	0	0.0671404
1568	0	0.0671404
1568.5	0	0.0671404
1569	0.00237916	0.0667313
1569.5	0.127479	0.066748
1570	0	0.066748
1570.5	0	0.066748
1571	0	0.066748
1571.5	0	0.066748
1572	0	0.066748
1572.5	0	0.066748
1573	0	0.066748
1573.5	0	0.066748
1574	0	0.066748
1574.5	0	0.066748
1575	0	0.066748
1575.5	0	0.066748
1576	0	0.066748
1576.5	0	0.066748
1577	0	0.066748
1577.5	0	0.066748
1578	0	0.066748
1578.5	0	0.066748
1579	0	0.066748
1579.5	0	0.066748
1580	0.00520583	0.0663363
1580.5	0.128533	0.0663579
1581	0.127449	0.066377
1581.5	0.127449	0.066396
1582	0.127449	0.0664151
1582.5	0.127449	0.0664317
1583	0	0.0664317
1583.5	0	0.0664317
1584	0	0.0664317
1584.5	0	0.0664317
1585	0	0.0664317
1585.5	0	0.0664317
1586	0	0.0664317
1586.5	0	0.0664317
1587	0	0.0664317
1587.5	0	0.0664317
1588	0	0.0664317
1588.5	0	0.0664317
1589	0	0.0664317
1589.5	0	0.0664317
1590	0	0.0664317
1590.5	0	0.0664317
1591	0	0.0664317
1591.5	0	0.0664317
1592	0	0.0664317
1592.5	0	0.0664317
1593	0	0.0664317
1593.5	0	0.0664317
1594	0	0.0664317
1594.5	0	0.0664317
1595	0	0.0664317
1595.5	0	0.0664317
1596	0	0.0664317
1596.5	0.003902	0.0658795
1597	0.127449	0.0658985
1597.5	0.127449	0.0659175
1598	0.127449	0.0659365
1598.5	0.127449	0.0659555
1599	0.127449	0.0659768
1599.5	0.127449	0.0659958
1600	0.127449	0.0660147
