8.5	0.004622	0.149334
9	0.125014	0.133368
9.5	0.129841	0.132002
10	0.125174	0.130045
10.5	0.129846	0.130002
11	0.127563	0.129562
11.5	0.122853	0.128987
12	0	0.128987
12.5	0	0.128987
13	0	0.128987
13.5	0	0.128987
14	0	0.128987
14.5	0	0.128987
15	0.00208459	0.058167
15.5	0.128098	0.0629036
16	0.127506	0.0670195
16.5	0.127356	0.0688843
17	0.0308496	0.0655624
17.5	0.127449	0.0688651
18	0.127449	0.0718331
18.5	0.127449	0.0748321
19	0.127449	0.0772387
19.5	0.127449	0.0794348
20	0.127449	0.0814468
20.5	0.127449	0.083297
21	0.125655	0.0849572
21.5	0.127485	0.0865391
22	0.127428	0.0880061
22.5	0.127511	0.0893735
23	0.12738	0.0907993
23.5	0.126959	0.09197
24	0	0.09197
24.5	0	0.09197
25	0	0.09197
25.5	0	0.09197
26	0	0.09197
26.5	0	0.09197
27	0	0.09197
27.5	0	0.09197
28	0	0.09197
28.5	0.00158065	0.0697962
29	0.122844	0.0711027
29.5	0.129265	0.072433
30	0.129844	0.0738668
30.5	0.110673	0.0739863
31	0	0.0739863
31.5	0	0.0739863
32	0	0.0739863
32.5	0	0.0739863
33	0	0.0739863
33.5	0	0.0739863
34	0	0.0739863
34.5	0.0105992	0.0632764
35	0.132279	0.0638936
35.5	0.0222962	0.0628184
36	0.127449	0.0641073
36.5	0.127449	0.0652106
37	0.127449	0.0662762
37.5	0.127449	0.0673058
38	0.127449	0.0683014
38.5	0.127449	0.0690267
39	0	0.0690267
39.5	0.00692193	0.0667744
40	0.127449	0.0670125
40.5	0	0.0670125
41	0	0.0670125
41.5	0	0.0670125
42	0	0.0670125
42.5	0	0.0670125
43	0	0.0670125
43.5	0	0.0670125
44	0	0.0670125
44.5	0	0.0670125
45	0	0.0670125
45.5	0	0.0670125
46	0	0.0670125
46.5	0	0.0670125
47	0	0.0670125
47.5	0	0.0670125
48	0	0.0670125
48.5	0	0.0670125
49	0	0.0670125
49.5	0	0.0670125
50	0.00677993	0.0520022
50.5	0.127449	0.0528809
51	0.127449	0.0537393
51.5	0.127449	0.0545783
52	0.127449	0.0553983
52.5	0.127449	0.0562002
53	0.127449	0.0569843
53.5	0.127449	0.0577514
54	0.127449	0.0585946
54.5	0.127449	0.0593273
55	0.127449	0.0600444
55.5	0.127449	0.0607467
56	0.127449	0.0614344
56.5	0.127449	0.0621082
57	0.125537	0.0627586
57.5	0.12734	0.063405
58	0.127605	0.0640398
58.5	0.127562	0.0645849
59	0	0.0645849
59.5	0	0.0645849
60	0	0.0645849
60.5	0	0.0645849
61	0	0.0645849
61.5	0	0.0645849
62	0	0.0645849
62.5	0	0.0645849
63	0	0.0645849
63.5	0	0.0645849
64	0.011258	0.0592517
64.5	0.127449	0.0598489
65	0.126684	0.0605048
65.5	0.127594	0.0610808
66	0.127459	0.0616466
66.5	0.127439	0.0622026
67	0.127299	0.0627488
67.5	0.127506	0.0632867
68	0.128268	0.0638189
68.5	0.127449	0.0643391
69	0.127449	0.0649143
69.5	0.127449	0.0654168
70	0.127449	0.0659113
70.5	0.126402	0.0663936
71	0.127506	0.0668729
71.5	0.127485	0.0673446
72	0.127459	0.0678089
72.5	0.127392	0.0682659
73	0.126577	0.0687125
73.5	0.125134	0.0691463
74	0.127477	0.0696373
74.5	0.127401	0.0699599
75	0	0.0699599
75.5	0	0.0699599
76	0	0.0699599
76.5	0	0.0699599
77	0	0.0699599
77.5	0	0.0699599
78	0	0.0699599
78.5	0	0.0699599
79	0	0.0699599
79.5	0.0108059	0.0657402
80	0.12958	0.0662248
80.5	0.12749	0.0665902
81	0.127454	0.0670535
81.5	0.126633	0.0674565
82	0.127284	0.067757
82.5	0	0.067757
83	0	0.067757
83.5	0	0.067757
84	0	0.067757
84.5	0	0.067757
85	0	0.067757
85.5	0	0.067757
86	0.011326	0.0647423
86.5	0.127631	0.0651373
87	0.127346	0.0655265
87.5	0.129416	0.0659174
88	0.119292	0.0662256
88.5	0	0.0662256
89	0	0.0662256
89.5	0	0.0662256
90	0	0.0662256
90.5	0	0.0662256
91	0	0.0662256
91.5	0	0.0662256
92	0	0.0662256
92.5	0	0.0662256
93	0	0.0662256
93.5	0	0.0662256
94	0	0.0662256
94.5	0	0.0662256
95	0	0.0662256
95.5	0	0.0662256
96	0	0.0662256
96.5	0	0.0662256
97	0	0.0662256
97.5	0	0.0662256
98	0	0.0662256
98.5	0	0.0662256
99	0.00497242	0.0587727
99.5	0.127392	0.0591431
100	0.127522	0.059327
100.5	0.0705278	0.0594215
101	0.127325	0.0597822
101.5	0.127527	0.0601397
102	0.127413	0.0604931
102.5	0.0735279	0.0605669
103	0.127449	0.0609143
103.5	0.127449	0.0612582
104	0.127449	0.0615985
104.5	0.127449	0.0619354
105	0.125621	0.0622642
105.5	0.127339	0.0625118
106	0	0.0625118
106.5	0	0.0625118
107	0	0.0625118
107.5	0	0.0625118
108	0	0.0625118
108.5	0.020006	0.061182
109	0.127449	0.0615058
109.5	0.127449	0.0618265
110	0.127449	0.0621441
110.5	0.127449	0.0624978
111	0.127449	0.0628089
111.5	0.127449	0.0631171
112	0.127449	0.0634224
112.5	0.127449	0.0637247
113	0.127449	0.0637623
113.5	0	0.0637623
114	0	0.0637623
114.5	0	0.0637623
115	0	0.0637623
115.5	0	0.0637623
116	0	0.0637623
116.5	0	0.0637623
117	0	0.0637623
117.5	0	0.0637623
118	0	0.0637623
118.5	0	0.0637623
119	0	0.0637623
119.5	0	0.0637623
120	0.00422852	0.059809
120.5	0.127449	0.0601057
121	0.127449	0.0604365
121.5	0.127449	0.0607277
122	0.126549	0.0610146
122.5	0.127408	0.0613008
123	0.119924	0.0613343
123.5	0	0.0613343
124	0	0.0613343
124.5	0	0.0613343
125	0	0.0613343
125.5	0	0.0613343
126	0	0.0613343
126.5	0.00815735	0.0596036
127	0	0.0596036
127.5	0	0.0596036
128	0.0146051	0.0589984
128.5	0.127449	0.0592785
129	0.127449	0.0595565
129.5	0	0.0595565
130	0	0.0595565
130.5	0	0.0595565
131	0	0.0595565
131.5	0	0.0595565
132	0	0.0595565
132.5	0	0.0595565
133	0	0.0595565
133.5	0	0.0595565
134	0.0125527	0.0576882
134.5	0.127449	0.0579602
135	0.127449	0.0582302
135.5	0.125944	0.0584953
136	0.12899	0.0587638
136.5	0.127449	0.0589288
137	0	0.0589288
137.5	0	0.0589288
138	0	0.0589288
138.5	0	0.0589288
139	0	0.0589288
139.5	0	0.0589288
140	0.0042579	0.0573998
140.5	0.127449	0.0576931
141	0.127449	0.0579517
141.5	0.127449	0.0582085
142	0.127449	0.0584633
142.5	0.127449	0.0587163
143	0.127449	0.0589675
143.5	0.127449	0.0592168
144	0.127449	0.0594643
144.5	0.123176	0.0597025
145	0.127408	0.0599464
145.5	0.127458	0.0602188
146	0.132063	0.0604665
146.5	0.127449	0.0606456
147	0	0.0606456
147.5	0	0.0606456
148	0.0244028	0.0602288
148.5	0.12921	0.0604974
149	0.127449	0.0607316
149.5	0.127449	0.0609641
150	0.127449	0.0610798
150.5	0.0731402	0.0611434
151	0.128595	0.061374
151.5	0.126086	0.0615988
152	0.127511	0.0618244
152.5	0.12749	0.0620485
153	0.127421	0.0622986
153.5	0.127485	0.0625195
154	0.127346	0.0627386
154.5	0.127428	0.0629564
155	0.12747	0.0631728
155.5	0.12747	0.0633877
156	0.127501	0.0636013
156.5	0.127501	0.0638135
157	0.128568	0.0640524
157.5	0.127449	0.0642615
158	0.119703	0.0644314
158.5	0.126831	0.0644829
159	0	0.0644829
159.5	0	0.0644829
160	0	0.0644829
160.5	0	0.0644829
161	0	0.0644829
161.5	0	0.0644829
162	0	0.0644829
162.5	0.00893949	0.0629031
163	0.127485	0.0631085
163.5	0.125059	0.0633088
164	0.130525	0.0635421
164.5	0.12749	0.0637435
165	0.127444	0.0639436
165.5	0.127736	0.0641429
166	0.127449	0.0643405
166.5	0.127449	0.0645368
167	0.127449	0.0647319
167.5	0.127449	0.06495
168	0.127449	0.0651426
168.5	0.127449	0.065334
169	0.127449	0.0655242
169.5	0.125423	0.0656869
170	0	0.0656869
170.5	0	0.0656869
171	0	0.0656869
171.5	0	0.0656869
172	0	0.0656869
172.5	0.00767825	0.0646047
173	0.125249	0.0647891
173.5	0.132357	0.0649829
174	0.125785	0.0651659
174.5	0.127449	0.0653504
175	0.128909	0.0655591
175.5	0.127413	0.0657412
176	0.127203	0.0659219
176.5	0.127418	0.0661019
177	0.129755	0.0662843
177.5	0.127449	0.0664623
178	0.127449	0.0666612
178.5	0.0640511	0.0666537
179	0.128678	0.0668308
179.5	0.127449	0.0670051
180	0.127449	0.0671784
180.5	0.127449	0.0673507
181	0.127449	0.067522
181.5	0.125277	0.0676889
182	0.10726	0.0678055
182.5	0.127539	0.0679321
183	0	0.0679321
183.5	0.0541263	0.0678408
184	0.129873	0.0680113
184.5	0.129279	0.0681801
185	0.127449	0.0683452
185.5	0	0.0683452
186	0	0.0683452
186.5	0	0.0683452
187	0	0.0683452
187.5	0	0.0683452
188	0	0.0683452
188.5	0	0.0683452
189	0	0.0683452
189.5	0	0.0683452
190	0	0.0683452
190.5	0	0.0683452
191	0	0.0683452
191.5	0	0.0683452
192	0	0.0683452
192.5	0	0.0683452
193	0	0.0683452
193.5	0	0.0683452
194	0	0.0683452
194.5	0	0.0683452
195	0	0.0683452
195.5	0	0.0683452
196	0	0.0683452
196.5	0	0.0683452
197	0	0.0683452
197.5	0	0.0683452
198	0	0.0683452
198.5	0	0.0683452
199	0	0.0683452
199.5	0	0.0683452
200	0	0.0683452
200.5	0	0.0683452
201	0	0.0683452
201.5	0.00331802	0.062778
202	0.127361	0.0629422
202.5	0.128064	0.0631065
203	0.126899	0.0632684
203.5	0.122038	0.0634232
204	0.134188	0.0635922
204.5	0.127449	0.0637525
205	0.127449	0.0639317
205.5	0.127449	0.0640902
206	0.127449	0.064248
206.5	0.127449	0.0644049
207	0.127449	0.0645611
207.5	0.127449	0.0647165
208	0.127449	0.0648711
208.5	0.127449	0.065025
209	0.127449	0.0651972
209.5	0.127449	0.0652924
210	0	0.0652924
210.5	0	0.0652924
211	0	0.0652924
211.5	0	0.0652924
212	0	0.0652924
212.5	0	0.0652924
213	0	0.0652924
213.5	0	0.0652924
214	0	0.0652924
214.5	0	0.0652924
215	0.00138044	0.0635362
215.5	0.127465	0.0636881
216	0.122439	0.063833
216.5	0.134267	0.0639713
217	0.126265	0.0641382
217.5	0.12012	0.0642779
218	0.137501	0.0644372
218.5	0.125	0.0645818
219	0.128364	0.0647482
219.5	0.126597	0.0648933
220	0.122536	0.0650153
220.5	0.120277	0.0651512
221	0.127135	0.065295
221.5	0.120654	0.06543
222	0.12513	0.06557
222.5	0.129739	0.0657149
223	0.145752	0.0658954
223.5	0.0859582	0.0659039
224	0	0.0659039
224.5	0	0.0659039
225	0	0.0659039
225.5	0	0.0659039
226	0	0.0659039
226.5	0	0.0659039
227	0	0.0659039
227.5	0	0.0659039
228	0.00948803	0.0646307
228.5	0.127515	0.0647186
229	0	0.0647186
229.5	0	0.0647186
230	0	0.0647186
230.5	0	0.0647186
231	0	0.0647186
231.5	0	0.0647186
232	0	0.0647186
232.5	0	0.0647186
233	0	0.0647186
233.5	0	0.0647186
234	0	0.0647186
234.5	0	0.0647186
235	0	0.0647186
235.5	0	0.0647186
236	0	0.0647186
236.5	0	0.0647186
237	0	0.0647186
237.5	0	0.0647186
238	0	0.0647186
238.5	0	0.0647186
239	0	0.0647186
239.5	0	0.0647186
240	0	0.0647186
240.5	0	0.0647186
241	0	0.0647186
241.5	0	0.0647186
242	0	0.0647186
242.5	0	0.0647186
243	0	0.0647186
243.5	0	0.0647186
244	0	0.0647186
244.5	0	0.0647186
245	0	0.0647186
245.5	0	0.0647186
246	0	0.0647186
246.5	0	0.0647186
247	0	0.0647186
247.5	0	0.0647186
248	0	0.0647186
248.5	0	0.0647186
249	0	0.0647186
249.5	0	0.0647186
250	0	0.0647186
250.5	0.00176924	0.0589587
251	0.125202	0.0590955
251.5	0.129749	0.0592359
252	0.127472	0.0593909
252.5	0.127698	0.0594253
253	0	0.0594253
253.5	0.00591147	0.0591358
254	0.127439	0.0592727
254.5	0.127412	0.059426
255	0.127542	0.0595618
255.5	0.127377	0.0596969
256	0.127475	0.0598315
256.5	0.127496	0.0599657
257	0.127465	0.0600992
257.5	0.127392	0.0602322
258	0.122786	0.0602963
258.5	0	0.0602963
259	0	0.0602963
259.5	0	0.0602963
260	0	0.0602963
260.5	0	0.0602963
261	0	0.0602963
261.5	0	0.0602963
262	0	0.0602963
262.5	0	0.0602963
263	0	0.0602963
263.5	0	0.0602963
264	0	0.0602963
264.5	0	0.0602963
265	0	0.0602963
265.5	0	0.0602963
266	0	0.0602963
266.5	0.00179531	0.0583168
267	0.127449	0.0584648
267.5	0.127449	0.0585958
268	0.127449	0.0586448
268.5	0.0307173	0.0585626
269	0.127449	0.0587089
269.5	0.127449	0.0588222
270	0	0.0588222
270.5	0.0538828	0.058803
271	0.128355	0.0589486
271.5	0.127449	0.0590767
272	0.127449	0.0592043
272.5	0.127449	0.0593315
273	0.127449	0.0594581
273.5	0.127449	0.0595843
274	0.127449	0.0597101
274.5	0.127449	0.0598353
275	0.127449	0.0599757
275.5	0.127449	0.0600224
276	0	0.0600224
276.5	0	0.0600224
277	0	0.0600224
277.5	0	0.0600224
278	0	0.0600224
278.5	0	0.0600224
279	0	0.0600224
279.5	0	0.0600224
280	0	0.0600224
280.5	0	0.0600224
281	0	0.0600224
281.5	0.00622734	0.0587826
282	0.125165	0.0589042
282.5	0.129316	0.0590288
283	0.125164	0.0591494
283.5	0.127371	0.0592715
284	0.129921	0.0593953
284.5	0.12579	0.0595302
285	0.131314	0.0596541
285.5	0.125676	0.059773
286	0.127356	0.0598929
286.5	0.127343	0.0599974
287	0.056884	0.0599912
287.5	0.127397	0.0601101
288	0.127587	0.0602436
288.5	0.126679	0.060361
289	0.128337	0.0604498
289.5	0	0.0604498
290	0	0.0604498
290.5	0	0.0604498
291	0	0.0604498
291.5	0	0.0604498
292	0	0.0604498
292.5	0	0.0604498
293	0.0057394	0.0596621
293.5	0.124363	0.0597765
294	0.127428	0.0598931
294.5	0.129841	0.0600112
295	0.12719	0.0601412
295.5	0.127371	0.0602565
296	0.127573	0.0603715
296.5	0.127397	0.0604861
297	0.127284	0.0605146
297.5	0	0.0605146
298	0	0.0605146
298.5	0	0.0605146
299	0.0180508	0.0601971
299.5	0	0.0601971
300	0	0.0601971
300.5	0	0.0601971
301	0	0.0601971
301.5	0	0.0601971
302	0	0.0601971
302.5	0	0.0601971
303	0	0.0601971
303.5	0	0.0601971
304	0	0.0601971
304.5	0	0.0601971
305	0	0.0601971
305.5	0	0.0601971
306	0	0.0601971
306.5	0	0.0601971
307	0	0.0601971
307.5	0.000900795	0.0584719
308	0.129927	0.058587
308.5	0.125024	0.058698
309	0.129921	0.0588124
309.5	0.127449	0.0589386
310	0.127663	0.0590505
310.5	0.122839	0.0591583
311	0.129916	0.0592712
311.5	0.127176	0.0593679
312	0	0.0593679
312.5	0	0.0593679
313	0	0.0593679
313.5	0	0.0593679
314	0	0.0593679
314.5	0	0.0593679
315	0	0.0593679
315.5	0	0.0593679
316	0	0.0593679
316.5	0	0.0593679
317	0	0.0593679
317.5	0	0.0593679
318	0	0.0593679
318.5	0	0.0593679
319	0	0.0593679
319.5	0	0.0593679
320	0	0.0593679
320.5	0	0.0593679
321	0	0.0593679
321.5	0	0.0593679
322	0	0.0593679
322.5	0	0.0593679
323	0	0.0593679
323.5	0	0.0593679
324	0	0.0593679
324.5	0	0.0593679
325	0	0.0593679
325.5	0	0.0593679
326	0	0.0593679
326.5	0	0.0593679
327	0	0.0593679
327.5	0.00195979	0.0564888
328	0.127616	0.0566119
328.5	0.130223	0.0567226
329	0.127449	0.0568312
329.5	0.127449	0.0569394
330	0.127449	0.0570608
330.5	0.0174543	0.0570056
331	0.127449	0.0570996
331.5	0	0.0570996
332	0	0.0570996
332.5	0	0.0570996
333	0	0.0570996
333.5	0	0.0570996
334	0	0.0570996
334.5	0	0.0570996
335	0	0.0570996
335.5	0.00679188	0.0563896
336	0.127449	0.0564963
336.5	0.126196	0.0566019
337	0.127218	0.0566681
337.5	0.0117747	0.0565773
338	0.067565	0.0565928
338.5	0	0.0565928
339	0	0.0565928
339.5	0	0.0565928
340	0	0.0565928
340.5	0	0.0565928
341	0	0.0565928
341.5	0	0.0565928
342	0	0.0565928
342.5	0.00173067	0.0558489
343	0.127351	0.0559541
343.5	0.127412	0.0560722
344	0.129423	0.0561781
344.5	0.127149	0.0562823
345	0.127563	0.0563864
345.5	0.127402	0.0564901
346	0.127091	0.0565933
346.5	0.119942	0.0566791
347	0.122676	0.0567911
347.5	0.125924	0.0568546
348	0	0.0568546
348.5	0	0.0568546
349	0.0141793	0.0566468
349.5	0.128731	0.0567498
350	0.125853	0.0568128
350.5	0	0.0568128
351	0	0.0568128
351.5	0	0.0568128
352	0	0.0568128
352.5	0	0.0568128
353	0	0.0568128
353.5	0	0.0568128
354	0	0.0568128
354.5	0	0.0568128
355	0.00604972	0.0560536
355.5	0.127454	0.0561548
356	0.12738	0.0562683
356.5	0.127439	0.0563689
357	0.127428	0.0564693
357.5	0.127522	0.0565694
358	0.12747	0.0566691
358.5	0.128951	0.0567696
359	0.127449	0.0568812
359.5	0.127449	0.0569801
360	0.125318	0.0570773
360.5	0.127408	0.0571757
361	0.12747	0.0572737
361.5	0.125124	0.0573701
362	0.129792	0.057469
362.5	0.127532	0.0575663
363	0.125014	0.0576618
363.5	0.129889	0.05776
364	0.127481	0.0578685
364.5	0.127423	0.0579646
365	0.127516	0.0580606
365.5	0.127325	0.0581561
366	0.127558	0.0582515
366.5	0.127351	0.0583466
367	0.127465	0.0584414
367.5	0	0.0584414
368	0.00749672	0.0582933
368.5	0.127516	0.0583878
369	0.12749	0.0584821
369.5	0.127242	0.0585408
370	0	0.0585408
370.5	0	0.0585408
371	0	0.0585408
371.5	0.0288138	0.0583626
372	0.127449	0.0584561
372.5	0.127449	0.0585493
373	0.126078	0.0586415
373.5	0.127454	0.0587458
374	0.127547	0.0588383
374.5	0.127392	0.0589305
375	0.127415	0.0589995
375.5	0.106301	0.0590755
376	0.129201	0.0591797
376.5	0	0.0591797
377	0	0.0591797
377.5	0	0.0591797
378	0	0.0591797
378.5	0	0.0591797
379	0	0.0591797
379.5	0.00682098	0.0586932
380	0.127412	0.0587956
380.5	0.127423	0.0588864
381	0.127402	0.0589769
381.5	0.127573	0.0590673
382	0.127335	0.0591573
382.5	0.127589	0.0592472
383	0.118535	0.0593309
383.5	0.128574	0.059421
384	0.124302	0.0595081
384.5	0.128718	0.0595978
385	0.12944	0.0596877
385.5	0.127418	0.0597761
386	0.127412	0.0598753
386.5	0.128564	0.0599639
387	0.127449	0.0600516
387.5	0.127449	0.0601391
388	0.127449	0.0601719
388.5	0	0.0601719
389	0.0237082	0.0600451
389.5	0.127967	0.0601325
390	0.126951	0.060219
390.5	0.137864	0.0602653
391	0	0.0602653
391.5	0.0179766	0.0601208
392	0.126838	0.0602068
392.5	0.127496	0.060293
393	0.127351	0.0603789
393.5	0.129991	0.0604661
394	0.125144	0.0605502
394.5	0.127377	0.0606354
395	0.129675	0.0607326
395.5	0.127242	0.0608173
396	0.12749	0.0609019
396.5	0.127876	0.0609865
397	0.127449	0.0610707
397.5	0.127449	0.0610812
398	0	0.0610812
398.5	0	0.0610812
399	0	0.0610812
399.5	0	0.0610812
400	0	0.0610812
400.5	0	0.0610812
401	0	0.0610812
401.5	0	0.0610812
402	0	0.0610812
402.5	0	0.0610812
403	0	0.0610812
403.5	0.00971436	0.0602418
404	0.127418	0.0603254
404.5	0.129559	0.06041
405	0.127449	0.0604412
405.5	0	0.0604412
406	0.0177888	0.0602994
406.5	0.125159	0.0603811
407	0.124968	0.0604624
407.5	0.132543	0.0605478
408	0.125079	0.0606288
408.5	0.129921	0.0607124
409	0.125302	0.0608032
409.5	0.129225	0.060886
410	0.125782	0.0609666
410.5	0.126159	0.0610472
411	0.129889	0.0611298
411.5	0.129716	0.0612121
412	0.127449	0.0613029
412.5	0.126596	0.061383
413	0.127361	0.0614633
413.5	0.127361	0.0615434
414	0.128297	0.0616238
414.5	0.127317	0.0617035
415	0.12505	0.0617817
415.5	0.129966	0.0618625
416	0.127318	0.0619515
416.5	0.127532	0.0620305
417	0.0636179	0.0620324
417.5	0.125378	0.0621099
418	0.127392	0.0621884
418.5	0.125181	0.0622653
419	0.127631	0.0623436
419.5	0.129771	0.0624228
420	0.129261	0.0625115
420.5	0.127449	0.062589
421	0.127449	0.0626664
421.5	0.127449	0.0627436
422	0.127449	0.0628206
422.5	0.127449	0.0628974
423	0.126667	0.0629735
423.5	0.116347	0.0630255
424	0	0.0630255
424.5	0	0.0630255
425	0	0.0630255
425.5	0	0.0630255
426	0.00911472	0.0626924
426.5	0.127387	0.0627686
427	0.12536	0.0628527
427.5	0.129662	0.0629298
428	0.12702	0.0629958
428.5	0.12819	0.0630813
429	0.127329	0.0631565
429.5	0.127366	0.0632316
430	0.12069	0.0633024
430.5	0.129319	0.0633783
431	0.130492	0.0634642
431.5	0.129366	0.0635397
432	0.12749	0.0636139
432.5	0.127361	0.063688
433	0.127942	0.0637622
433.5	0.127449	0.0638359
434	0.127449	0.0639095
434.5	0.127449	0.063992
435	0.126061	0.0640644
435.5	0.127496	0.0641375
436	0.127315	0.0642103
436.5	0.127594	0.0642285
437	0	0.0642285
437.5	0	0.0642285
438	0	0.0642285
438.5	0	0.0642285
439	0	0.0642285
439.5	0.00232543	0.0637443
440	0.127449	0.063817
440.5	0.127449	0.0638895
441	0.127449	0.0639618
441.5	0.127449	0.0640339
442	0.127449	0.0641149
442.5	0.127449	0.0641867
443	0.127449	0.0642583
443.5	0.127449	0.0643298
444	0.127449	0.0643387
444.5	0	0.0643387
445	0	0.0643387
445.5	0	0.0643387
446	0	0.0643387
446.5	0	0.0643387
447	0	0.0643387
447.5	0	0.0643387
448	0	0.0643387
448.5	0	0.0643387
449	0	0.0643387
449.5	0	0.0643387
450	0	0.0643387
450.5	0	0.0643387
451	0	0.0643387
451.5	0	0.0643387
452	0	0.0643387
452.5	0.00175556	0.06308
453	0.127408	0.0631512
453.5	0.127485	0.0632223
454	0.125896	0.0632574
454.5	0	0.0632574
455	0	0.0632574
455.5	0	0.0632574
456	0	0.0632574
456.5	0	0.0632574
457	0	0.0632574
457.5	0.0104947	0.0628185
458	0.125971	0.0628972
458.5	0.125672	0.0629668
459	0.0988606	0.0630047
459.5	0.124786	0.0630735
460	0.159741	0.0631786
460.5	0.127335	0.0632485
461	0.129228	0.0633193
461.5	0.127449	0.0633889
462	0.127449	0.0634671
462.5	0.127449	0.0635365
463	0.127449	0.0636056
463.5	0.127449	0.0636747
464	0.127449	0.0637436
464.5	0.127449	0.0638123
465	0	0.0638123
465.5	0	0.0638123
466	0	0.0638123
466.5	0	0.0638123
467	0	0.0638123
467.5	0	0.0638123
468	0	0.0638123
468.5	0	0.0638123
469	0.00349719	0.0632251
469.5	0.113325	0.0632853
470	0.128081	0.063354
470.5	0.127419	0.0634222
471	0.125544	0.0634893
471.5	0.127454	0.0635573
472	0.122922	0.0636226
472.5	0.135555	0.0636496
473	0	0.0636496
473.5	0	0.0636496
474	0	0.0636496
474.5	0.00334282	0.0633461
475	0.127361	0.0634137
475.5	0.127454	0.0634811
476	0.127397	0.0635484
476.5	0.127948	0.0635653
477	0	0.0635653
477.5	0	0.0635653
478	0	0.0635653
478.5	0	0.0635653
479	0	0.0635653
479.5	0	0.0635653
480	0	0.0635653
480.5	0	0.0635653
481	0	0.0635653
481.5	0	0.0635653
482	0	0.0635653
482.5	0	0.0635653
483	0	0.0635653
483.5	0	0.0635653
484	0	0.0635653
484.5	0	0.0635653
485	0	0.0635653
485.5	0	0.0635653
486	0	0.0635653
486.5	0	0.0635653
487	0	0.0635653
487.5	0	0.0635653
488	0	0.0635653
488.5	0	0.0635653
489	0	0.0635653
489.5	0.00469511	0.0619305
490	0.127449	0.0619975
490.5	0.127449	0.062056
491	0	0.062056
491.5	0	0.062056
492	0	0.062056
492.5	0	0.062056
493	0.00918147	0.0617764
493.5	0.127449	0.0617848
494	0	0.0617848
494.5	0	0.0617848
495	0	0.0617848
495.5	0	0.0617848
496	0	0.0617848
496.5	0	0.0617848
497	0	0.0617848
497.5	0.00175704	0.0612371
498	0.127444	0.0613036
498.5	0.127506	0.0613701
499	0.130222	0.0614461
499.5	0.127449	0.0615123
500	0.127449	0.0615453
500.5	0	0.0615453
501	0	0.0615453
501.5	0	0.0615453
502	0	0.0615453
502.5	0	0.0615453
503	0	0.0615453
503.5	0	0.0615453
504	0	0.0615453
504.5	0	0.0615453
505	0	0.0615453
505.5	0.00410903	0.0608839
506	0.127449	0.0609497
506.5	0.127449	0.0610154
507	0.127449	0.061081
507.5	0.127449	0.0611546
508	0.127282	0.0612198
508.5	0.127617	0.0612851
509	0.127014	0.0613499
509.5	0.127887	0.0614151
510	0.127449	0.0614799
510.5	0.127449	0.0615445
511	0.127449	0.0616091
511.5	0.127449	0.0616815
512	0.12675	0.0617455
512.5	0.127402	0.0618096
513	0.127855	0.0618738
513.5	0.127423	0.0619377
514	0.127401	0.0619855
514.5	0	0.0619855
515	0	0.0619855
515.5	0	0.0619855
516	0	0.0619855
516.5	0	0.0619855
517	0	0.0619855
517.5	0.00868761	0.0616076
518	0.127299	0.0616711
518.5	0.127486	0.0617425
519	0.127632	0.0618059
519.5	0.127449	0.0618691
520	0.127449	0.0619322
520.5	0.127449	0.0619952
521	0.127449	0.062058
521.5	0.127449	0.0621207
522	0.127449	0.0621442
522.5	0	0.0621442
523	0	0.0621442
523.5	0	0.0621442
524	0	0.0621442
524.5	0	0.0621442
525	0	0.0621442
525.5	0	0.0621442
526	0	0.0621442
526.5	0	0.0621442
527	0	0.0621442
527.5	0	0.0621442
528	0	0.0621442
528.5	0	0.0621442
529	0.00214383	0.0613012
529.5	0.131625	0.0613655
530	0.12697	0.0614276
530.5	0.128247	0.061498
531	0.125144	0.0615591
531.5	0.129825	0.0616221
532	0.12703	0.0616684
532.5	0	0.0616684
533	0.0407316	0.0616223
533.5	0.127449	0.061684
534	0.127449	0.0617456
534.5	0.127449	0.0618071
535	0.127449	0.0618684
535.5	0.127449	0.0619297
536	0.127449	0.0619984
536.5	0.127449	0.0620594
537	0.125261	0.0621193
537.5	0.127315	0.0621497
538	0	0.0621497
538.5	0	0.0621497
539	0	0.0621497
539.5	0	0.0621497
540	0	0.0621497
540.5	0	0.0621497
541	0	0.0621497
541.5	0	0.0621497
542	0.0066304	0.0616575
542.5	0.127449	0.0617181
543	0.127449	0.0617786
543.5	0.127449	0.061839
544	0.127449	0.0619069
544.5	0.127449	0.061967
545	0.127449	0.0620271
545.5	0.127449	0.062087
546	0.127449	0.0621469
546.5	0.127449	0.0622066
547	0.127449	0.0622662
547.5	0.127449	0.0623257
548	0.127449	0.0623926
548.5	0.127449	0.0624
549	0	0.0624
549.5	0	0.0624
550	0	0.0624
550.5	0	0.0624
551	0	0.0624
551.5	0	0.0624
552	0	0.0624
552.5	0	0.0624
553	0	0.0624
553.5	0.00291302	0.0618125
554	0.127449	0.0618791
554.5	0.127449	0.0619382
555	0.125381	0.0619962
555.5	0.125119	0.0620541
556	0.129894	0.0621139
556.5	0.126031	0.0621719
557	0.131059	0.062232
557.5	0.126434	0.0622828
558	0	0.0622828
558.5	0	0.0622828
559	0.0296129	0.0621885
559.5	0.130778	0.0622482
560	0.12748	0.0623064
560.5	0.125029	0.0623634
561	0.127423	0.0624214
561.5	0.127417	0.0624865
562	0.129177	0.062545
562.5	0.127428	0.0626026
563	0.128864	0.0626608
563.5	0.12672	0.0627179
564	0.127615	0.0627753
564.5	0.127387	0.0628325
565	0.127371	0.0628968
565.5	0.127553	0.0629538
566	0.127698	0.062961
566.5	0	0.062961
567	0	0.062961
567.5	0	0.062961
568	0	0.062961
568.5	0	0.062961
569	0	0.062961
569.5	0	0.062961
570	0	0.062961
570.5	0	0.062961
571	0	0.062961
571.5	0	0.062961
572	0	0.062961
572.5	0	0.062961
573	0	0.062961
573.5	0	0.062961
574	0	0.062961
574.5	0.00263637	0.0620102
575	0.127449	0.062067
575.5	0.127449	0.0621238
576	0.127449	0.0621663
576.5	0.0122938	0.0621103
577	0.127449	0.0621668
577.5	0.127449	0.0622233
578	0.127449	0.0622797
578.5	0.127449	0.0623429
579	0.127449	0.0623991
579.5	0.127449	0.0624552
580	0.127449	0.0625111
580.5	0.127449	0.062567
581	0.127449	0.0626228
581.5	0.127449	0.0626784
582	0.127449	0.062734
582.5	0.127449	0.0627964
583	0.127449	0.0628518
583.5	0.127449	0.0629071
584	0.127449	0.0629623
584.5	0.127449	0.0630174
585	0.127449	0.0630724
585.5	0.125432	0.0631264
586	0.127542	0.0631813
586.5	0.127356	0.0632359
587	0.127514	0.0632974
587.5	0.127387	0.0633519
588	0.12749	0.0634064
588.5	0.127377	0.0634607
589	0.127823	0.0634675
589.5	0	0.0634675
590	0	0.0634675
590.5	0	0.0634675
591	0	0.0634675
591.5	0	0.0634675
592	0	0.0634675
592.5	0	0.0634675
593	0	0.0634675
593.5	0.00637518	0.0629874
594	0.127382	0.0630416
594.5	0.124533	0.0630944
595	0.130528	0.0631566
595.5	0.127449	0.0632105
596	0.127449	0.0632643
596.5	0.127449	0.063318
597	0.127449	0.0633716
597.5	0.126896	0.0634249
598	0.127444	0.0634784
598.5	0.127465	0.0635317
599	0.127936	0.0635919
599.5	0.127449	0.0636118
600	0	0.0636118
600.5	0	0.0636118
601	0	0.0636118
601.5	0	0.0636118
602	0	0.0636118
602.5	0	0.0636118
603	0	0.0636118
603.5	0	0.0636118
604	0	0.0636118
604.5	0	0.0636118
605	0.00404596	0.0630314
605.5	0.127449	0.0630845
606	0.127449	0.0631375
606.5	0.126956	0.0631902
607	0.127946	0.0632432
607.5	0.127449	0.063296
608	0.119369	0.0633451
608.5	0.12733	0.0633976
609	0.127516	0.0634502
609.5	0.12749	0.0635026
610	0.127387	0.0635549
610.5	0.127516	0.0636071
611	0.125025	0.0636583
611.5	0.127276	0.0637168
612	0.121583	0.06376
612.5	0.135539	0.0638219
613	0.106419	0.0638582
613.5	0.148446	0.0639247
614	0.129286	0.0639771
614.5	0.127449	0.0640351
615	0.127449	0.0640865
615.5	0.124172	0.0641365
616	0.127366	0.0641878
616.5	0.129975	0.06424
617	0.127253	0.064291
617.5	0.127998	0.0643423
618	0.128072	0.0643935
618.5	0.127449	0.0644507
619	0.127449	0.0645015
619.5	0.127449	0.0645522
620	0.125932	0.0645834
620.5	0	0.0645834
621	0	0.0645834
621.5	0	0.0645834
622	0	0.0645834
622.5	0	0.0645834
623	0	0.0645834
623.5	0	0.0645834
624	0	0.0645834
624.5	0.00168633	0.0641087
625	0.127449	0.0641656
625.5	0.127449	0.0641719
626	0	0.0641719
626.5	0	0.0641719
627	0	0.0641719
627.5	0.016411	0.0639876
628	0.127449	0.064038
628.5	0.123011	0.0640865
629	0.129613	0.064144
629.5	0.129508	0.064195
630	0.127366	0.064245
630.5	0.127506	0.064295
631	0.127371	0.0643449
631.5	0.127459	0.0643948
632	0.12772	0.0644447
632.5	0.127449	0.0645006
633	0.126106	0.0645435
633.5	0.127426	0.0645992
634	0.128674	0.0646491
634.5	0.127449	0.0646985
635	0.127449	0.064717
635.5	0	0.064717
636	0.0425436	0.0646714
636.5	0.127449	0.0647268
637	0.125428	0.0647751
637.5	0.127418	0.0648241
638	0.127428	0.064873
638.5	0.127387	0.0649219
639	0.127511	0.0649707
639.5	0.129589	0.0650203
640	0.127449	0.0650689
640.5	0.12618	0.065123
641	0.127527	0.0651715
641.5	0.128829	0.0652205
642	0.127449	0.0652688
642.5	0.127449	0.0653171
643	0.127449	0.0653653
643.5	0.127449	0.0654134
644	0.127449	0.0654614
644.5	0.103257	0.065493
645	0.127449	0.0655409
645.5	0.127449	0.0655887
646	0.127449	0.0656365
646.5	0.127449	0.0656842
647	0.127449	0.0657377
647.5	0.127449	0.0657853
648	0.127449	0.0658327
648.5	0.127449	0.0658801
649	0.127449	0.0659274
649.5	0.127449	0.0659746
650	0.127449	0.0660218
650.5	0.126892	0.0660687
651	0.127467	0.0661215
651.5	0.125109	0.0661675
652	0.127356	0.0662144
652.5	0.130083	0.0662622
653	0.125226	0.066308
653.5	0.127663	0.0663255
654	0.0792185	0.0663413
654.5	0.127444	0.0663879
655	0.127688	0.0664403
655.5	0.127449	0.0664867
656	0.125906	0.0665324
656.5	0.127444	0.0665787
657	0.127439	0.0666249
657.5	0.127449	0.066671
658	0.127335	0.066717
658.5	0.129163	0.0667636
659	0.127449	0.0668153
659.5	0.127449	0.0668611
660	0.127449	0.0669069
660.5	0.127449	0.0669526
661	0.125177	0.0669973
661.5	0.127542	0.0670429
662	0.127475	0.0670884
662.5	0.129519	0.0671346
663	0.127589	0.0671857
663.5	0.127449	0.067231
664	0.127449	0.0672762
664.5	0.127449	0.0673213
665	0.127449	0.0673664
665.5	0.127449	0.0674114
666	0.127449	0.0674563
666.5	0.126387	0.0675008
667	0.127583	0.0675512
667.5	0.127371	0.0675959
668	0.127532	0.0676406
668.5	0.127382	0.0676852
669	0.127594	0.0677186
669.5	0	0.0677186
670	0	0.0677186
670.5	0	0.0677186
671	0	0.0677186
671.5	0	0.0677186
672	0	0.0677186
672.5	0	0.0677186
673	0	0.0677186
673.5	0.0118931	0.0673313
674	0.127449	0.0673757
674.5	0.127449	0.0674201
675	0.127449	0.0674644
675.5	0.127449	0.0675142
676	0.127449	0.0675584
676.5	0.127449	0.0676025
677	0.127449	0.0676466
677.5	0.127001	0.0676795
678	0	0.0676795
678.5	0	0.0676795
679	0	0.0676795
679.5	0	0.0676795
680	0	0.0676795
680.5	0	0.0676795
681	0	0.0676795
681.5	0	0.0676795
682	0	0.0676795
682.5	0	0.0676795
683	0	0.0676795
683.5	0	0.0676795
684	0	0.0676795
684.5	0.0087687	0.0670561
685	0.127449	0.0671001
685.5	0.127449	0.0671439
686	0.125958	0.0671872
686.5	0.128976	0.0672315
687	0.127449	0.0672643
687.5	0	0.0672643
688	0	0.0672643
688.5	0	0.0672643
689	0	0.0672643
689.5	0	0.0672643
690	0	0.0672643
690.5	0	0.0672643
691	0	0.0672643
691.5	0	0.0672643
692	0	0.0672643
692.5	0	0.0672643
693	0	0.0672643
693.5	0	0.0672643
694	0	0.0672643
694.5	0	0.0672643
695	0	0.0672643
695.5	0	0.0672643
696	0	0.0672643
696.5	0.00163291	0.0663482
697	0.127449	0.0663973
697.5	0.1263	0.0664405
698	0.12748	0.066484
698.5	0.127485	0.0665275
699	0.127475	0.066571
699.5	0.127028	0.0666142
700	0.127434	0.0666574
700.5	0.127475	0.0667007
701	0.127501	0.0667439
701.5	0.127569	0.0667924
702	0.127351	0.0668354
702.5	0.127558	0.0668785
703	0.127465	0.0669214
703.5	0.127397	0.0669428
704	0	0.0669428
704.5	0	0.0669428
705	0	0.0669428
705.5	0	0.0669428
706	0.00286077	0.066691
706.5	0.127584	0.0667339
707	0.127304	0.0667766
707.5	0.127421	0.0668247
708	0.127522	0.0668674
708.5	0.125169	0.0669091
709	0.129862	0.0669525
709.5	0.12734	0.0669949
710	0.12748	0.0670373
710.5	0.127756	0.0670639
711	0	0.0670639
711.5	0.0254811	0.0669911
712	0.13179	0.0670349
712.5	0.127449	0.0670772
713	0.127449	0.0671193
713.5	0.127449	0.0671615
714	0.127449	0.0672035
714.5	0.127449	0.0672508
715	0.127449	0.0672927
715.5	0.127449	0.0673346
716	0.127449	0.0673764
716.5	0.127449	0.0674181
717	0.127449	0.0674598
717.5	0.127449	0.0675015
718	0.127449	0.0675431
718.5	0.127449	0.0675898
719	0.126415	0.0676309
719.5	0.127402	0.0676722
720	0.128547	0.067714
720.5	0.127449	0.0677553
721	0.127449	0.0677965
721.5	0.127449	0.0678377
722	0.12503	0.0678779
722.5	0.128318	0.0679244
723	0.11715	0.0679567
723.5	0.103696	0.0679832
724	0.165792	0.0680478
724.5	0.127449	0.0680886
725	0.127449	0.0681294
725.5	0.127449	0.0681701
726	0.127449	0.0681803
726.5	0	0.0681803
727	0	0.0681803
727.5	0	0.0681803
728	0	0.0681803
728.5	0	0.0681803
729	0	0.0681803
729.5	0	0.0681803
730	0	0.0681803
730.5	0	0.0681803
731	0	0.0681803
731.5	0	0.0681803
732	0	0.0681803
732.5	0	0.0681803
733	0	0.0681803
733.5	0	0.0681803
734	0	0.0681803
734.5	0	0.0681803
735	0	0.0681803
735.5	0	0.0681803
736	0	0.0681803
736.5	0.00574355	0.0672437
737	0.127449	0.0672844
737.5	0.127449	0.067325
738	0.127449	0.0673656
738.5	0.127449	0.0674061
739	0.127449	0.0674465
739.5	0.127449	0.0674869
740	0.127449	0.0675273
740.5	0.127449	0.0675726
741	0.127449	0.0676128
741.5	0.127449	0.067653
742	0.127449	0.0676931
742.5	0.127449	0.0677332
743	0.127449	0.0677732
743.5	0.127449	0.0678132
744	0	0.0678132
744.5	0	0.0678132
745	0	0.0678132
745.5	0	0.0678132
746	0	0.0678132
746.5	0	0.0678132
747	0	0.0678132
747.5	0	0.0678132
748	0	0.0678132
748.5	0	0.0678132
749	0	0.0678132
749.5	0	0.0678132
750	0	0.0678132
750.5	0	0.0678132
751	0	0.0678132
751.5	0	0.0678132
752	0	0.0678132
752.5	0	0.0678132
753	0	0.0678132
753.5	0	0.0678132
754	0.00148823	0.0668758
754.5	0.127449	0.0669158
755	0.127449	0.0669257
755.5	0	0.0669257
756	0.0231615	0.0668465
756.5	0.126648	0.0668861
757	0.127501	0.0669259
757.5	0.127284	0.0669656
758	0.128688	0.0669957
758.5	0	0.0669957
759	0	0.0669957
759.5	0	0.0669957
760	0	0.0669957
760.5	0	0.0669957
761	0	0.0669957
761.5	0	0.0669957
762	0	0.0669957
762.5	0	0.0669957
763	0	0.0669957
763.5	0	0.0669957
764	0	0.0669957
764.5	0	0.0669957
765	0	0.0669957
765.5	0	0.0669957
766	0	0.0669957
766.5	0	0.0669957
767	0	0.0669957
767.5	0.00485848	0.066203
768	0.12739	0.066213
768.5	0	0.066213
769	0	0.066213
769.5	0.0210607	0.0661025
770	0.127449	0.0661422
770.5	0.127449	0.066157
771	0	0.066157
771.5	0	0.066157
772	0	0.066157
772.5	0	0.066157
773	0.0140232	0.0659664
773.5	0.12596	0.0660054
774	0.12734	0.0660449
774.5	0.128901	0.0660898
775	0.127449	0.0661292
775.5	0.127449	0.0661686
776	0.127449	0.0662079
776.5	0.127449	0.0662471
777	0.127449	0.0662618
777.5	0	0.0662618
778	0	0.0662618
778.5	0.00872796	0.0661276
779	0.127449	0.0661716
779.5	0.127449	0.0662107
780	0.127449	0.0662498
780.5	0.127449	0.0662888
781	0.127449	0.0663278
781.5	0.127449	0.0663667
782	0.127449	0.0664056
782.5	0.127449	0.0664444
783	0.127449	0.066488
783.5	0.127449	0.0665267
784	0.127449	0.0665654
784.5	0.127449	0.066604
785	0.127449	0.0666425
785.5	0.127449	0.0666811
786	0.127449	0.0667051
786.5	0	0.0667051
787	0	0.0667051
787.5	0	0.0667051
788	0	0.0667051
788.5	0	0.0667051
789	0	0.0667051
789.5	0	0.0667051
790	0	0.0667051
790.5	0	0.0667051
791	0	0.0667051
791.5	0	0.0667051
792	0	0.0667051
792.5	0	0.0667051
793	0.00650315	0.06615
793.5	0.13133	0.0661897
794	0.127449	0.066228
794.5	0.127449	0.0662664
795	0.125788	0.0663041
795.5	0.12846	0.0663427
796	0.127527	0.0663809
796.5	0.127394	0.0664238
797	0.127579	0.0664571
797.5	0	0.0664571
798	0	0.0664571
798.5	0.0305838	0.0663873
799	0.127418	0.0664253
799.5	0.127457	0.066449
800	0.0640072	0.0664468
800.5	0.127449	0.0664847
801	0.127449	0.0665225
801.5	0.127449	0.0665604
802	0.127449	0.0665651
802.5	0	0.0665651
803	0	0.0665651
803.5	0	0.0665651
804	0	0.0665651
804.5	0	0.0665651
805	0	0.0665651
805.5	0	0.0665651
806	0	0.0665651
806.5	0	0.0665651
807	0	0.0665651
807.5	0	0.0665651
808	0.00974355	0.0661076
808.5	0.124309	0.0661351
809	0	0.0661351
809.5	0	0.0661351
810	0	0.0661351
810.5	0	0.0661351
811	0	0.0661351
811.5	0	0.0661351
812	0	0.0661351
812.5	0	0.0661351
813	0	0.0661351
813.5	0	0.0661351
814	0.00695333	0.0657209
814.5	0.114343	0.0657498
815	0.131878	0.0657888
815.5	0.070992	0.0657895
816	0	0.0657895
816.5	0	0.0657895
817	0.0123712	0.0656639
817.5	0.127408	0.0656733
818	0.00902167	0.0656125
818.5	0	0.0656125
819	0	0.0656125
819.5	0	0.0656125
820	0	0.0656125
820.5	0	0.0656125
821	0	0.0656125
821.5	0	0.0656125
822	0	0.0656125
822.5	0	0.0656125
823	0	0.0656125
823.5	0	0.0656125
824	0	0.0656125
824.5	0	0.0656125
825	0.00112164	0.0650603
825.5	0.125664	0.0650974
826	0.122815	0.0651334
826.5	0.133618	0.0651776
827	0.127449	0.0652151
827.5	0.127449	0.0652525
828	0.127449	0.0652898
828.5	0.127449	0.0653178
829	0	0.0653178
829.5	0	0.0653178
830	0.0380707	0.0652632
830.5	0.127439	0.0653004
831	0.12749	0.0653376
831.5	0.127413	0.0653747
832	0.127563	0.0654119
832.5	0.127418	0.0654489
833	0.127385	0.0654905
833.5	0.127459	0.0655275
834	0.127522	0.0655644
834.5	0.127418	0.0656013
835	0.127418	0.0656381
835.5	0.12748	0.0656749
836	0.127516	0.0657117
836.5	0.124994	0.0657476
837	0.129594	0.0657896
837.5	0.125124	0.0658254
838	0.129959	0.0658628
838.5	0.125044	0.0658985
839	0.132514	0.0659175
839.5	0	0.0659175
840	0	0.0659175
840.5	0	0.0659175
841	0	0.0659175
841.5	0	0.0659175
842	0	0.0659175
842.5	0	0.0659175
843	0	0.0659175
843.5	0	0.0659175
844	0	0.0659175
844.5	0	0.0659175
845	0	0.0659175
845.5	0	0.0659175
846	0	0.0659175
846.5	0	0.0659175
847	0	0.0659175
847.5	0	0.0659175
848	0	0.0659175
848.5	0	0.0659175
849	0.00458681	0.0651691
849.5	0.125199	0.0652049
850	0	0.0652049
850.5	0	0.0652049
851	0.015835	0.0651178
851.5	0.127449	0.0651542
852	0.127449	0.0651906
852.5	0.127449	0.0652269
853	0.127449	0.0652677
853.5	0.127449	0.0653039
854	0.127449	0.065331
854.5	0	0.065331
855	0.0213	0.0652736
855.5	0.127511	0.0653097
856	0.12733	0.0653458
856.5	0.12749	0.0653818
857	0.127523	0.0654224
857.5	0.127459	0.0654583
858	0.127413	0.0654942
858.5	0.127475	0.0655301
859	0.127454	0.0655659
859.5	0.125049	0.065601
860	0.129937	0.0656375
860.5	0.127444	0.0656732
861	0.127412	0.0657133
861.5	0.127501	0.0657489
862	0.127335	0.0657845
862.5	0.127485	0.06582
863	0.127516	0.0658555
863.5	0.127397	0.065891
864	0.127439	0.0659264
864.5	0.127304	0.0659352
865	0	0.0659352
865.5	0	0.0659352
866	0	0.0659352
866.5	0	0.0659352
867	0.0165301	0.0657714
867.5	0.127569	0.0658112
868	0.128523	0.0658468
868.5	0.127449	0.0658821
869	0.127449	0.0659173
869.5	0.126639	0.0659566
870	0.127361	0.0659917
870.5	0.127315	0.0660268
871	0.127662	0.0660619
871.5	0.127378	0.0660925
872	0	0.0660925
872.5	0	0.0660925
873	0	0.0660925
873.5	0	0.0660925
874	0	0.0660925
874.5	0	0.0660925
875	0	0.0660925
875.5	0	0.0660925
876	0	0.0660925
876.5	0	0.0660925
877	0	0.0660925
877.5	0	0.0660925
878	0	0.0660925
878.5	0	0.0660925
879	0	0.0660925
879.5	0	0.0660925
880	0	0.0660925
880.5	0	0.0660925
881	0.00409871	0.0654129
881.5	0.12729	0.0654478
882	0.107143	0.0654722
882.5	0.149729	0.0655177
883	0.125054	0.0655518
883.5	0.129623	0.0655917
884	0.127242	0.0656264
884.5	0.127501	0.0656612
885	0.127504	0.0656742
885.5	0.0392248	0.0656501
886	0.127449	0.0656847
886.5	0.127449	0.0657193
887	0.127449	0.0657539
887.5	0.127449	0.0657928
888	0.127449	0.0658144
888.5	0	0.0658144
889	0	0.0658144
889.5	0	0.0658144
890	0	0.0658144
890.5	0	0.0658144
891	0	0.0658144
891.5	0	0.0658144
892	0	0.0658144
892.5	0	0.0658144
893	0	0.0658144
893.5	0	0.0658144
894	0	0.0658144
894.5	0	0.0658144
895	0	0.0658144
895.5	0	0.0658144
896	0.000959759	0.0652174
896.5	0.127449	0.0652519
897	0.127449	0.0652863
897.5	0.127449	0.0653207
898	0.127449	0.0653551
898.5	0.127449	0.0653894
899	0.127449	0.065428
899.5	0.127449	0.0654623
900	0.127449	0.0654965
900.5	0.127449	0.0655307
901	0.127449	0.0655648
901.5	0.127254	0.0655989
902	0.127392	0.0656329
902.5	0.127485	0.065667
903	0.127472	0.0657052
903.5	0.127434	0.0657392
904	0.127655	0.0657732
904.5	0.0659408	0.0657732
905	0.126111	0.0658067
905.5	0.127232	0.0658405
906	0.11108	0.065844
906.5	0	0.065844
907	0	0.065844
907.5	0	0.065844
908	0.0192822	0.0657178
908.5	0.127449	0.0657515
909	0.127449	0.0657852
909.5	0.127363	0.0658231
910	0.127546	0.0658568
910.5	0.127449	0.065882
911	0	0.065882
911.5	0	0.065882
912	0	0.065882
912.5	0.0187916	0.0657733
913	0.127449	0.0657817
913.5	0	0.0657817
914	0	0.0657817
914.5	0	0.0657817
915	0	0.0657817
915.5	0	0.0657817
916	0	0.0657817
916.5	0	0.0657817
917	0	0.0657817
917.5	0	0.0657817
918	0	0.0657817
918.5	0	0.0657817
919	0	0.0657817
919.5	0	0.0657817
920	0	0.0657817
920.5	0	0.0657817
921	0	0.0657817
921.5	0	0.0657817
922	0	0.0657817
922.5	0	0.0657817
923	0	0.0657817
923.5	0	0.0657817
924	0	0.0657817
924.5	0	0.0657817
925	0	0.0657817
925.5	0	0.0657817
926	0.00469044	0.0648912
926.5	0.127449	0.0649289
927	0.127449	0.0649624
927.5	0.127449	0.0649959
928	0.127449	0.0650293
928.5	0.127449	0.0650627
929	0.127449	0.0650794
929.5	0	0.0650794
930	0	0.0650794
930.5	0	0.0650794
931	0	0.0650794
931.5	0.00846208	0.0649089
932	0.127749	0.0649423
932.5	0.129916	0.0649763
933	0.127351	0.0650095
933.5	0.127511	0.0650427
934	0.127982	0.0650761
934.5	0.127391	0.0651133
935	0.125064	0.0651458
935.5	0.128168	0.0651749
936	0	0.0651749
936.5	0	0.0651749
937	0	0.0651749
937.5	0	0.0651749
938	0	0.0651749
938.5	0	0.0651749
939	0	0.0651749
939.5	0	0.0651749
940	0.0121406	0.0649175
940.5	0.127315	0.0649505
941	0.1275	0.0649876
941.5	0.12747	0.0650206
942	0.127506	0.0650535
942.5	0.12734	0.0650864
943	0.127413	0.0651192
943.5	0.127599	0.065152
944	0.127294	0.0651848
944.5	0.127501	0.0652175
945	0.129562	0.065255
945.5	0.127449	0.0652876
946	0.127449	0.0653203
946.5	0.127449	0.0653529
947	0.127449	0.0653814
947.5	0.0536057	0.065374
948	0.12946	0.0654071
948.5	0.127449	0.0654396
949	0.127449	0.065472
949.5	0.125672	0.0655039
950	0.129071	0.0655408
950.5	0.127449	0.0655732
951	0.127449	0.0656055
951.5	0.127449	0.0656378
952	0.127449	0.06567
952.5	0.127449	0.0656861
953	0	0.0656861
953.5	0	0.0656861
954	0	0.0656861
954.5	0	0.0656861
955	0	0.0656861
955.5	0	0.0656861
956	0	0.0656861
956.5	0	0.0656861
957	0	0.0656861
957.5	0	0.0656861
958	0	0.0656861
958.5	0	0.0656861
959	0	0.0656861
959.5	0	0.0656861
960	0	0.0656861
960.5	0	0.0656861
961	0	0.0656861
961.5	0	0.0656861
962	0	0.0656861
962.5	0	0.0656861
963	0	0.0656861
963.5	0	0.0656861
964	0.00200081	0.0649025
964.5	0.127449	0.0649347
965	0.127449	0.0649669
965.5	0.127449	0.064999
966	0.127449	0.0650352
966.5	0.127449	0.0650672
967	0.127449	0.0650993
967.5	0.127449	0.0651312
968	0.127449	0.0651632
968.5	0.127449	0.0651951
969	0.127449	0.0651991
969.5	0	0.0651991
970	0	0.0651991
970.5	0	0.0651991
971	0.0064665	0.0650512
971.5	0.12997	0.0650837
972	0.125528	0.065119
972.5	0.12749	0.0651309
973	0	0.0651309
973.5	0.0123426	0.0650614
974	0.127449	0.0650892
974.5	0	0.0650892
975	0	0.0650892
975.5	0	0.0650892
976	0	0.0650892
976.5	0.00900536	0.0649379
977	0.127724	0.0649697
977.5	0.127242	0.0650014
978	0.128934	0.0650335
978.5	0.127449	0.0650414
979	0	0.0650414
979.5	0	0.0650414
980	0	0.0650414
980.5	0	0.0650414
981	0	0.0650414
981.5	0.00233488	0.064825
982	0.127449	0.0648606
982.5	0.127449	0.0648922
983	0.127449	0.0649238
983.5	0.127449	0.0649554
984	0.127449	0.0649672
984.5	0	0.0649672
985	0	0.0649672
985.5	0	0.0649672
986	0	0.0649672
986.5	0	0.0649672
987	0	0.0649672
987.5	0	0.0649672
988	0	0.0649672
988.5	0	0.0649672
989	0	0.0649672
989.5	0	0.0649672
990	0	0.0649672
990.5	0	0.0649672
991	0	0.0649672
991.5	0	0.0649672
992	0	0.0649672
992.5	0.00446216	0.0644269
993	0.127449	0.0644585
993.5	0.127449	0.0644939
994	0.127449	0.0645253
994.5	0.127449	0.0645567
995	0.127449	0.0645881
995.5	0.127449	0.0646194
996	0.127449	0.0646508
996.5	0.127449	0.064682
997	0.127449	0.0647133
997.5	0.127449	0.0647484
998	0.113973	0.0647518
998.5	0	0.0647518
999	0.0445885	0.0647232
999.5	0.128019	0.0647545
1000	0.127459	0.0647856
1000.5	0.127397	0.0648167
1001	0.125214	0.0648472
1001.5	0.12958	0.0648827
1002	0.12384	0.0649015
1002.5	0	0.0649015
1003	0	0.0649015
1003.5	0	0.0649015
1004	0	0.0649015
1004.5	0	0.0649015
1005	0	0.0649015
1005.5	0	0.0649015
1006	0	0.0649015
1006.5	0	0.0649015
1007	0	0.0649015
1007.5	0	0.0649015
1008	0	0.0649015
1008.5	0	0.0649015
1009	0.0054606	0.0644749
1009.5	0.127465	0.0645059
1010	0.127428	0.0645368
1010.5	0.127361	0.0645677
1011	0.127449	0.0645754
1011.5	0	0.0645754
1012	0	0.0645754
1012.5	0	0.0645754
1013	0.00661782	0.0644387
1013.5	0.127449	0.0644696
1014	0.127449	0.0645004
1014.5	0.127449	0.0645273
1015	0	0.0645273
1015.5	0.0437895	0.0645052
1016	0.127563	0.064536
1016.5	0.127525	0.0645591
1017	0	0.0645591
1017.5	0	0.0645591
1018	0	0.0645591
1018.5	0	0.0645591
1019	0	0.0645591
1019.5	0	0.0645591
1020	0	0.0645591
1020.5	0	0.0645591
1021	0	0.0645591
1021.5	0.00624803	0.0642701
1022	0	0.0642701
1022.5	0.00676039	0.0642043
1023	0.127315	0.0642349
1023.5	0	0.0642349
1024	0	0.0642349
1024.5	0	0.0642349
1025	0	0.0642349
1025.5	0	0.0642349
1026	0	0.0642349
1026.5	0.00892868	0.0640441
1027	0.127449	0.0640747
1027.5	0.127449	0.0641053
1028	0.127449	0.0641359
1028.5	0.127449	0.0641665
1029	0.127449	0.064197
1029.5	0.127449	0.0642275
1030	0.127449	0.0642579
1030.5	0.127449	0.0642922
1031	0.126188	0.0643223
1031.5	0.127256	0.0643412
1032	0	0.0643412
1032.5	0.0472431	0.0643218
1033	0.131812	0.0643532
1033.5	0.127449	0.0643873
1034	0.127449	0.0644175
1034.5	0.127449	0.0644478
1035	0.125683	0.0644775
1035.5	0.127605	0.0645078
1036	0.127351	0.0645379
1036.5	0.127532	0.064568
1037	0.127597	0.0645944
1037.5	0	0.0645944
1038	0	0.0645944
1038.5	0	0.0645944
1039	0	0.0645944
1039.5	0	0.0645944
1040	0.0100941	0.0644302
1040.5	0.127449	0.0644603
1041	0.127449	0.0644903
1041.5	0.127449	0.0645203
1042	0.127449	0.0645503
1042.5	0.127449	0.0645802
1043	0.127449	0.0646101
1043.5	0.127449	0.06464
1044	0.126422	0.0646696
1044.5	0.127311	0.0647031
1045	0.128651	0.0647332
1045.5	0.127449	0.064763
1046	0.127449	0.0647927
1046.5	0.127449	0.0648224
1047	0.126136	0.0648518
1047.5	0.127656	0.0648666
1048	0	0.0648666
1048.5	0	0.0648666
1049	0	0.0648666
1049.5	0	0.0648666
1050	0.00570576	0.0647105
1050.5	0.120766	0.0647385
1051	0.127522	0.0647681
1051.5	0.132492	0.0647988
1052	0.125227	0.0648315
1052.5	0.127434	0.064861
1053	0.111206	0.0648641
1053.5	0.0515158	0.0648524
1054	0.127263	0.0648819
1054.5	0.121669	0.0649098
1055	0.135989	0.0649412
1055.5	0.127449	0.0649742
1056	0.127449	0.0649852
1056.5	0	0.0649852
1057	0	0.0649852
1057.5	0	0.0649852
1058	0	0.0649852
1058.5	0	0.0649852
1059	0	0.0649852
1059.5	0	0.0649852
1060	0	0.0649852
1060.5	0	0.0649852
1061	0	0.0649852
1061.5	0	0.0649852
1062	0	0.0649852
1062.5	0	0.0649852
1063	0.00755929	0.0645898
1063.5	0.127449	0.0646191
1064	0	0.0646191
1064.5	0	0.0646191
1065	0	0.0646191
1065.5	0	0.0646191
1066	0	0.0646191
1066.5	0	0.0646191
1067	0	0.0646191
1067.5	0	0.0646191
1068	0	0.0646191
1068.5	0	0.0646191
1069	0	0.0646191
1069.5	0	0.0646191
1070	0	0.0646191
1070.5	0	0.0646191
1071	0	0.0646191
1071.5	0	0.0646191
1072	0	0.0646191
1072.5	0	0.0646191
1073	0	0.0646191
1073.5	0	0.0646191
1074	0	0.0646191
1074.5	0	0.0646191
1075	0	0.0646191
1075.5	0	0.0646191
1076	0	0.0646191
1076.5	0	0.0646191
1077	0	0.0646191
1077.5	0	0.0646191
1078	0	0.0646191
1078.5	0	0.0646191
1079	0.00151376	0.0637031
1079.5	0.127449	0.0637324
1080	0.127449	0.0637617
1080.5	0.127449	0.0637909
1081	0.127449	0.0638201
1081.5	0.125222	0.0638488
1082	0.127402	0.0638779
1082.5	0.129539	0.0639112
1083	0.127449	0.0639403
1083.5	0.127449	0.0639694
1084	0.127449	0.0639985
1084.5	0.127449	0.0640275
1085	0.127449	0.0640565
1085.5	0.127449	0.0640855
1086	0.127449	0.064118
1086.5	0.127449	0.0641469
1087	0.127449	0.0641758
1087.5	0.127449	0.0642047
1088	0.127449	0.0642335
1088.5	0.127449	0.0642623
1089	0.127449	0.0642911
1089.5	0.127449	0.0643199
1090	0.127449	0.0643486
1090.5	0.123527	0.0643625
1091	0.0683311	0.0643654
1091.5	0.127449	0.0643941
1092	0.127449	0.0644228
1092.5	0.127449	0.0644514
1093	0.127449	0.06448
1093.5	0.127449	0.0645085
1094	0.127449	0.0645371
1094.5	0.127449	0.0645656
1095	0.127449	0.0645976
1095.5	0.127449	0.0646261
1096	0.127449	0.0646332
1096.5	0	0.0646332
1097	0	0.0646332
1097.5	0	0.0646332
1098	0	0.0646332
1098.5	0	0.0646332
1099	0	0.0646332
1099.5	0	0.0646332
1100	0	0.0646332
1100.5	0	0.0646332
1101	0	0.0646332
1101.5	0	0.0646332
1102	0	0.0646332
1102.5	0.00814417	0.0642852
1103	0.11663	0.0643141
1103.5	0.143478	0.0643497
1104	0.127449	0.064378
1104.5	0.127449	0.0644099
1105	0.127449	0.0644382
1105.5	0.127449	0.0644664
1106	0.125409	0.0644942
1106.5	0.129556	0.0645229
1107	0.127449	0.0645511
1107.5	0.127449	0.0645793
1108	0.127449	0.0646074
1108.5	0.127449	0.064639
1109	0.127449	0.0646671
1109.5	0.127449	0.0646952
1110	0.127449	0.0647232
1110.5	0.127449	0.0647513
1111	0.127449	0.0647793
1111.5	0.127449	0.0648072
1112	0.127449	0.0648352
1112.5	0.127449	0.0648386
1113	0	0.0648386
1113.5	0	0.0648386
1114	0	0.0648386
1114.5	0	0.0648386
1115	0	0.0648386
1115.5	0.0136731	0.0646796
1116	0.127449	0.064711
1116.5	0.127449	0.0647389
1117	0.127449	0.0647667
1117.5	0.125895	0.0647942
1118	0.127677	0.0648011
1118.5	0	0.0648011
1119	0.015583	0.0647565
1119.5	0	0.0647565
1120	0.0296351	0.0647147
1120.5	0.127527	0.064746
1121	0.127485	0.0647737
1121.5	0.127284	0.0648014
1122	0.127522	0.0648291
1122.5	0.127325	0.0648567
1123	0.127672	0.0648844
1123.5	0.128289	0.0649157
1124	0.127449	0.0649433
1124.5	0.127449	0.0649709
1125	0.127449	0.0649984
1125.5	0	0.0649984
1126	0	0.0649984
1126.5	0	0.0649984
1127	0	0.0649984
1127.5	0.00942184	0.0648744
1128	0.129792	0.0649024
1128.5	0.130476	0.0649341
1129	0.126472	0.0649579
1129.5	0.127537	0.0649888
1130	0.123671	0.0650121
1130.5	0.128017	0.065043
1131	0.105316	0.0650617
1131.5	0.128002	0.0650857
1132	0.11846	0.0651109
1132.5	0.150968	0.0651466
1133	0.029554	0.0651298
1133.5	0.361643	0.0651756
1134	0	0.0651756
1134.5	0	0.0651756
1135	0.0295519	0.0651168
1135.5	0.129224	0.0651444
1136	0.127449	0.0651716
1136.5	0.127449	0.0651988
1137	0.127449	0.065226
1137.5	0.127449	0.0652531
1138	0.127449	0.0652836
1138.5	0.099177	0.0652978
1139	0.127449	0.0653181
1139.5	0	0.0653181
1140	0	0.0653181
1140.5	0	0.0653181
1141	0	0.0653181
1141.5	0	0.0653181
1142	0	0.0653181
1142.5	0	0.0653181
1143	0	0.0653181
1143.5	0.0135617	0.0651072
1144	0.12253	0.0651331
1144.5	0.130419	0.0651572
1145	0.117842	0.0651696
1145.5	0	0.0651696
1146	0	0.0651696
1146.5	0	0.0651696
1147	0	0.0651696
1147.5	0	0.0651696
1148	0	0.0651696
1148.5	0	0.0651696
1149	0	0.0651696
1149.5	0	0.0651696
1150	0.0103594	0.0649152
1150.5	0.126906	0.064942
1151	0.129943	0.0649695
1151.5	0.12747	0.0649964
1152	0.127435	0.0650266
1152.5	0.129796	0.065054
1153	0.124444	0.0650801
1153.5	0.130603	0.0651076
1154	0.127449	0.0651344
1154.5	0.127449	0.0651612
1155	0.127449	0.0651679
1155.5	0.0088855	0.0651246
1156	0.127449	0.0651513
1156.5	0.126873	0.0651812
1157	0.127382	0.0652079
1157.5	0.127454	0.0652345
1158	0.127667	0.0652479
1158.5	0	0.0652479
1159	0.0383834	0.0652193
1159.5	0.127434	0.0652459
1160	0.131218	0.065263
1160.5	0	0.065263
1161	0	0.065263
1161.5	0.0135541	0.0651852
1162	0.127449	0.0652117
1162.5	0.127449	0.0652383
1163	0.127449	0.0652648
1163.5	0.127449	0.0652913
1164	0.127449	0.0653078
1164.5	0	0.0653078
1165	0	0.0653078
1165.5	0	0.0653078
1166	0	0.0653078
1166.5	0.00866614	0.0651751
1167	0.127449	0.0652015
1167.5	0.127449	0.065228
1168	0.127449	0.0652544
1168.5	0.127449	0.0652808
1169	0.127449	0.0653104
1169.5	0.127449	0.0653368
1170	0.127449	0.0653631
1170.5	0.127449	0.0653894
1171	0.127449	0.0654157
1171.5	0.127449	0.0654419
1172	0.127449	0.0654682
1172.5	0.127449	0.0654944
1173	0.127449	0.0655238
1173.5	0.127449	0.06555
1174	0.127449	0.0655761
1174.5	0.127449	0.0656022
1175	0.127449	0.0656283
1175.5	0.127449	0.0656544
1176	0.127449	0.0656805
1176.5	0.12449	0.0657058
1177	0.129685	0.0657356
1177.5	0.127434	0.0657616
1178	0.125252	0.0657871
1178.5	0.128523	0.0658133
1179	0.107355	0.0658288
1179.5	0.136242	0.0658634
1180	0.0468095	0.0658553
1180.5	0.140434	0.0658872
1181	0.178398	0.0659336
1181.5	0.0991634	0.0659403
1182	0.0605879	0.0659368
1182.5	0.0875282	0.065945
1183	0.12931	0.0659712
1183.5	0	0.0659712
1184	0	0.0659712
1184.5	0	0.0659712
1185	0.0192998	0.0658906
1185.5	0.127284	0.0658971
1186	0	0.0658971
1186.5	0	0.0658971
1187	0	0.0658971
1187.5	0	0.0658971
1188	0	0.0658971
1188.5	0	0.0658971
1189	0	0.0658971
1189.5	0	0.0658971
1190	0	0.0658971
1190.5	0	0.0658971
1191	0.0013355	0.0655765
1191.5	0.127449	0.0656022
1192	0.127449	0.0656183
1192.5	0	0.0656183
1193	0	0.0656183
1193.5	0	0.0656183
1194	0	0.0656183
1194.5	0	0.0656183
1195	0	0.0656183
1195.5	0	0.0656183
1196	0	0.0656183
1196.5	0	0.0656183
1197	0	0.0656183
1197.5	0	0.0656183
1198	0	0.0656183
1198.5	0	0.0656183
1199	0	0.0656183
1199.5	0	0.0656183
1200	0	0.0656183
1200.5	0	0.0656183
1201	0	0.0656183
1201.5	0	0.0656183
1202	0	0.0656183
1202.5	0	0.0656183
1203	0	0.0656183
1203.5	0	0.0656183
1204	0	0.0656183
1204.5	0	0.0656183
1205	0	0.0656183
1205.5	0	0.0656183
1206	0	0.0656183
1206.5	0	0.0656183
1207	0.00412005	0.064837
1207.5	0.127449	0.0648627
1208	0.127449	0.0648884
1208.5	0.127449	0.0649141
1209	0.127449	0.0649397
1209.5	0.126926	0.0649652
1210	0.127584	0.0649909
1210.5	0.127841	0.0650165
1211	0.125938	0.0650449
1211.5	0.127563	0.0650705
1212	0.127392	0.065096
1212.5	0.127485	0.0651215
1213	0.127454	0.0651469
1213.5	0.127413	0.0651724
1214	0.127361	0.0651978
1214.5	0.127925	0.0652265
1215	0.125059	0.0652514
1215.5	0.129905	0.0652772
1216	0.127454	0.0653026
1216.5	0.127439	0.0653279
1217	0.104812	0.065345
1217.5	0.151218	0.0653781
1218	0.121284	0.065402
1218.5	0.135075	0.0654321
1219	0.127449	0.0654573
1219.5	0.125019	0.065482
1220	0.119492	0.0655025
1220.5	0.129183	0.065528
1221	0.134449	0.0655579
1221.5	0.127568	0.065583
1222	0.12747	0.0656081
1222.5	0.131078	0.065621
1223	0	0.065621
1223.5	0	0.065621
1224	0	0.065621
1224.5	0	0.065621
1225	0	0.065621
1225.5	0.0118683	0.0654751
1226	0.127449	0.0655001
1226.5	0.127449	0.0655252
1227	0.127449	0.0655439
1227.5	0	0.0655439
1228	0	0.0655439
1228.5	0	0.0655439
1229	0	0.0655439
1229.5	0	0.0655439
1230	0	0.0655439
1230.5	0	0.0655439
1231	0	0.0655439
1231.5	0	0.0655439
1232	0.010649	0.0653127
1232.5	0.127516	0.0653377
1233	0.12738	0.065347
1233.5	0	0.065347
1234	0	0.065347
1234.5	0	0.065347
1235	0.0102495	0.0652439
1235.5	0.12496	0.0652684
1236	0.131904	0.0652942
1236.5	0.127449	0.0653004
1237	0.0521058	0.0652907
1237.5	0.127449	0.0653063
1238	0	0.0653063
1238.5	0	0.0653063
1239	0	0.0653063
1239.5	0	0.0653063
1240	0	0.0653063
1240.5	0	0.0653063
1241	0	0.0653063
1241.5	0	0.0653063
1242	0	0.0653063
1242.5	0	0.0653063
1243	0	0.0653063
1243.5	0	0.0653063
1244	0.00820253	0.064997
1244.5	0.127449	0.0650219
1245	0.127449	0.0650343
1245.5	0	0.0650343
1246	0	0.0650343
1246.5	0	0.0650343
1247	0	0.0650343
1247.5	0.00564173	0.064901
1248	0.127449	0.0649259
1248.5	0.127449	0.0649507
1249	0.127449	0.0649755
1249.5	0.126891	0.0650002
1250	0.127402	0.0650249
1250.5	0.12374	0.0650489
1251	0.1299	0.0650741
1251.5	0.127397	0.0650864
1252	0	0.0650864
1252.5	0	0.0650864
1253	0	0.0650864
1253.5	0	0.0650864
1254	0	0.0650864
1254.5	0	0.0650864
1255	0	0.0650864
1255.5	0	0.0650864
1256	0.011574	0.064883
1256.5	0.127426	0.0649107
1257	0.127413	0.0649354
1257.5	0.12749	0.06496
1258	0.127511	0.0649847
1258.5	0.127449	0.0650093
1259	0.125134	0.0650334
1259.5	0.12976	0.0650584
1260	0.127058	0.0650828
1260.5	0.128149	0.0651106
1261	0.127449	0.0651351
1261.5	0.127449	0.0651596
1262	0.127449	0.065184
1262.5	0.126867	0.0652083
1263	0.126409	0.0652325
1263.5	0.129103	0.0652573
1264	0.127449	0.0652847
1264.5	0.126071	0.0653088
1265	0.127362	0.065321
1265.5	0	0.065321
1266	0	0.065321
1266.5	0.00456333	0.065238
1267	0.127449	0.0652623
1267.5	0.127449	0.0652866
1268	0.127449	0.0653109
1268.5	0.127449	0.0653382
1269	0.127449	0.0653625
1269.5	0.126554	0.0653865
1270	0.128357	0.0654109
1270.5	0.127449	0.0654351
1271	0.127449	0.0654593
1271.5	0.127449	0.0654834
1272	0.126734	0.0655074
1272.5	0.127204	0.0655345
1273	0.128597	0.0655558
1273.5	0	0.0655558
1274	0	0.0655558
1274.5	0	0.0655558
1275	0	0.0655558
1275.5	0	0.0655558
1276	0.0130805	0.0654317
1276.5	0.098616	0.0654463
1277	0.127449	0.0654703
1277.5	0.127449	0.0654944
1278	0.123854	0.0655177
1278.5	0.130853	0.0655423
1279	0.125114	0.0655658
1279.5	0.12976	0.0655902
1280	0.125378	0.0656167
1280.5	0.129905	0.0656411
1281	0.127242	0.0656501
1281.5	0	0.0656501
1282	0	0.0656501
1282.5	0	0.0656501
1283	0	0.0656501
1283.5	0	0.0656501
1284	0	0.0656501
1284.5	0	0.0656501
1285	0	0.0656501
1285.5	0	0.0656501
1286	0	0.0656501
1286.5	0	0.0656501
1287	0	0.0656501
1287.5	0	0.0656501
1288	0	0.0656501
1288.5	0	0.0656501
1289	0	0.0656501
1289.5	0	0.0656501
1290	0	0.0656501
1290.5	0	0.0656501
1291	0	0.0656501
1291.5	0	0.0656501
1292	0	0.0656501
1292.5	0	0.0656501
1293	0	0.0656501
1293.5	0	0.0656501
1294	0	0.0656501
1294.5	0	0.0656501
1295	0	0.0656501
1295.5	0	0.0656501
1296	0	0.0656501
1296.5	0	0.0656501
1297	0	0.0656501
1297.5	0	0.0656501
1298	0	0.0656501
1298.5	0	0.0656501
1299	0	0.0656501
1299.5	0	0.0656501
1300	0	0.0656501
1300.5	0	0.0656501
1301	0	0.0656501
1301.5	0	0.0656501
1302	0	0.0656501
1302.5	0	0.0656501
1303	0	0.0656501
1303.5	0	0.0656501
1304	0	0.0656501
1304.5	0.000329396	0.0644502
1305	0.127511	0.0644742
1305.5	0.127522	0.0644981
1306	0.127423	0.0645219
1306.5	0.127444	0.0645458
1307	0.129131	0.06457
1307.5	0.125941	0.0645964
1308	0.127527	0.0646203
1308.5	0.125837	0.0646437
1309	0.129061	0.0646678
1309.5	0.127755	0.0646916
1310	0.127325	0.0646976
1310.5	0	0.0646976
1311	0	0.0646976
1311.5	0	0.0646976
1312	0.00377485	0.0646004
1312.5	0	0.0646004
1313	0	0.0646004
1313.5	0	0.0646004
1314	0	0.0646004
1314.5	0.00278692	0.0644673
1315	0.127449	0.064491
1315.5	0.127449	0.0645147
1316	0.127449	0.0645384
1316.5	0.127449	0.0645621
1317	0.121376	0.0645845
1317.5	0.133381	0.0646123
1318	0.127449	0.0646359
1318.5	0.127328	0.0646595
1319	0.12757	0.0646831
1319.5	0.127449	0.0647067
1320	0.127449	0.0647302
1320.5	0.127449	0.0647538
1321	0.127449	0.0647802
1321.5	0.127449	0.0648037
1322	0.127449	0.0648272
1322.5	0.127449	0.0648507
1323	0.127449	0.0648624
1323.5	0	0.0648624
1324	0	0.0648624
1324.5	0.0364604	0.0648252
1325	0.12875	0.06484
1325.5	0	0.06484
1326	0.0315342	0.0648086
1326.5	0.127346	0.064832
1327	0.127423	0.0648553
1327.5	0.125069	0.0648782
1328	0.127501	0.0649016
1328.5	0.127567	0.0649191
1329	0	0.0649191
1329.5	0	0.0649191
1330	0.0286377	0.064874
1330.5	0.127454	0.0648973
1331	0.127434	0.0649206
1331.5	0.12747	0.0649438
1332	0.125147	0.0649666
1332.5	0.129905	0.0649903
1333	0.127417	0.0650164
1333.5	0	0.0650164
1334	0.0409875	0.0649991
1334.5	0.127449	0.065002
1335	0	0.065002
1335.5	0	0.065002
1336	0	0.065002
1336.5	0	0.065002
1337	0	0.065002
1337.5	0	0.065002
1338	0	0.065002
1338.5	0.00882201	0.0648143
1339	0.127449	0.0648374
1339.5	0.127449	0.0648606
1340	0.127449	0.0648866
1340.5	0.127449	0.0649097
1341	0.127449	0.0649328
1341.5	0.127449	0.0649559
1342	0.127449	0.064979
1342.5	0.127449	0.065002
1343	0.127449	0.0650251
1343.5	0.127449	0.0650481
1344	0.127449	0.065074
1344.5	0.127449	0.0650969
1345	0.127449	0.0651084
1345.5	0.0106862	0.0650786
1346	0.127449	0.0651015
1346.5	0.127449	0.0651044
1347	0	0.0651044
1347.5	0	0.0651044
1348	0	0.0651044
1348.5	0	0.0651044
1349	0	0.0651044
1349.5	0	0.0651044
1350	0	0.0651044
1350.5	0	0.0651044
1351	0.00159028	0.0648711
1351.5	0.127449	0.064894
1352	0.127428	0.0649169
1352.5	0.127527	0.0649427
1353	0.127309	0.0649656
1353.5	0.127547	0.0649885
1354	0.127439	0.0650113
1354.5	0.127459	0.0650341
1355	0.127485	0.065057
1355.5	0.127294	0.0650797
1356	0.127584	0.0651025
1356.5	0.12802	0.0651283
1357	0.127449	0.065151
1357.5	0.127449	0.0651738
1358	0.127449	0.0651965
1358.5	0.127449	0.0652192
1359	0.127449	0.0652418
1359.5	0.127449	0.0652645
1360	0.127093	0.0652899
1360.5	0.127579	0.0653126
1361	0.127392	0.0653352
1361.5	0.12778	0.0653578
1362	0.127449	0.0653804
1362.5	0.127449	0.065403
1363	0.127449	0.0654255
1363.5	0.127096	0.065448
1364	0.127477	0.0654733
1364.5	0.127016	0.0654789
1365	0.0364208	0.0654605
1365.5	0.127527	0.065483
1366	0.128499	0.0655056
1366.5	0.127449	0.0655084
1367	0	0.0655084
1367.5	0	0.0655084
1368	0	0.0655084
1368.5	0.0137761	0.0654218
1369	0.0903652	0.0654346
1369.5	0.127449	0.065457
1370	0.127449	0.0654794
1370.5	0.127449	0.0655018
1371	0.127449	0.0655242
1371.5	0.127449	0.0655465
1372	0.127449	0.0655689
1372.5	0.127449	0.0655912
1373	0.127449	0.0656163
1373.5	0.127449	0.0656386
1374	0.127449	0.0656609
1374.5	0.127449	0.0656832
1375	0.127449	0.0657054
1375.5	0.127449	0.0657276
1376	0.0736017	0.0657307
1376.5	0.127449	0.0657363
1377	0	0.0657363
1377.5	0	0.0657363
1378	0	0.0657363
1378.5	0	0.0657363
1379	0.0110522	0.065623
1379.5	0.127449	0.0656452
1380	0.127449	0.0656674
1380.5	0.127449	0.0656923
1381	0.127449	0.0657145
1381.5	0.127449	0.0657255
1382	0	0.0657255
1382.5	0	0.0657255
1383	0	0.0657255
1383.5	0.006997	0.0656298
1384	0.127449	0.0656519
1384.5	0.127449	0.065674
1385	0.127449	0.0656878
1385.5	0	0.0656878
1386	0	0.0656878
1386.5	0.037225	0.065653
1387	0.127449	0.0656751
1387.5	0.127449	0.0656999
1388	0.127449	0.0657219
1388.5	0.125446	0.0657436
1389	0.127454	0.0657656
1389.5	0.122911	0.0657867
1390	0.125124	0.0658082
1390.5	0.132424	0.0658311
1391	0.127439	0.065853
1391.5	0.12282	0.065874
1392	0.143679	0.0658863
1392.5	0	0.0658863
1393	0	0.0658863
1393.5	0	0.0658863
1394	0	0.0658863
1394.5	0	0.0658863
1395	0	0.0658863
1395.5	0	0.0658863
1396	0	0.0658863
1396.5	0	0.0658863
1397	0	0.0658863
1397.5	0	0.0658863
1398	0	0.0658863
1398.5	0	0.0658863
1399	0	0.0658863
1399.5	0	0.0658863
1400	0	0.0658863
1400.5	0	0.0658863
1401	0	0.0658863
1401.5	0	0.0658863
1402	0	0.0658863
1402.5	0	0.0658863
1403	0	0.0658863
1403.5	0	0.0658863
1404	0	0.0658863
1404.5	0	0.0658863
1405	0	0.0658863
1405.5	0	0.0658863
1406	0	0.0658863
1406.5	0	0.0658863
1407	0	0.0658863
1407.5	0	0.0658863
1408	0	0.0658863
1408.5	0	0.0658863
1409	0	0.0658863
1409.5	0	0.0658863
1410	0.00257055	0.0650594
1410.5	0.127656	0.0650814
1411	0.124945	0.0651028
1411.5	0.129782	0.0651251
1412	0.129137	0.0651473
1412.5	0.127449	0.0651691
1413	0.126952	0.0651908
1413.5	0.127352	0.0652154
1414	0.127444	0.0652371
1414.5	0.127558	0.0652589
1415	0.127542	0.0652807
1415.5	0.127139	0.0652916
1416	0.0735699	0.065296
1416.5	0.127102	0.0653176
1417	0.127335	0.0653393
1417.5	0.127913	0.0653611
1418	0.127449	0.0653855
1418.5	0.127449	0.0654072
1419	0.127449	0.0654288
1419.5	0.127449	0.0654504
1420	0.127449	0.0654613
1420.5	0.0538176	0.0654553
1421	0.127501	0.0654769
1421.5	0.127371	0.0655011
1422	0.127485	0.0655227
1422.5	0.127077	0.0655254
1423	0	0.0655254
1423.5	0	0.0655254
1424	0.0120918	0.065452
1424.5	0.127449	0.0654735
1425	0.127449	0.065495
1425.5	0.127449	0.0655166
1426	0.118379	0.0655339
1426.5	0.126391	0.0655578
1427	0.214684	0.0655617
1427.5	0	0.0655617
1428	0	0.0655617
1428.5	0	0.0655617
1429	0	0.0655617
1429.5	0	0.0655617
1430	0	0.0655617
1430.5	0	0.0655617
1431	0	0.0655617
1431.5	0	0.0655617
1432	0	0.0655617
1432.5	0.0092488	0.065327
1433	0.128011	0.0653324
1433.5	0	0.0653324
1434	0.0390656	0.0653065
1434.5	0.132374	0.0653288
1435	0.127366	0.0653502
1435.5	0.127652	0.0653716
1436	0.127251	0.065393
1436.5	0.127387	0.0654144
1437	0.12744	0.0654384
1437.5	0.127532	0.0654598
1438	0.127496	0.0654812
1438.5	0.127377	0.0655025
1439	0.128321	0.0655239
1439.5	0.127449	0.0655452
1440	0.127449	0.0655665
1440.5	0.127449	0.0655905
1441	0.125737	0.0656114
1441.5	0.117692	0.0656211
1442	0	0.0656211
1442.5	0	0.0656211
1443	0	0.0656211
1443.5	0	0.0656211
1444	0	0.0656211
1444.5	0	0.0656211
1445	0	0.0656211
1445.5	0	0.0656211
1446	0	0.0656211
1446.5	0.0120745	0.0654276
1447	0.127542	0.0654489
1447.5	0.127392	0.0654701
1448	0.0150817	0.0654519
1448.5	0.127537	0.0654731
1449	0.128026	0.0654943
1449.5	0.127375	0.0655076
1450	0.0337301	0.0654922
1450.5	0.127449	0.0655133
1451	0.126081	0.0655342
1451.5	0.110481	0.0655497
1452	0.145612	0.0655766
1452.5	0.105203	0.0655807
1453	0	0.0655807
1453.5	0	0.0655807
1454	0	0.0655807
1454.5	0	0.0655807
1455	0.0135019	0.0654761
1455.5	0.127418	0.0654972
1456	0.127418	0.0655183
1456.5	0.127511	0.0655393
1457	0.127361	0.0655604
1457.5	0	0.0655604
1458	0	0.0655604
1458.5	0	0.0655604
1459	0.0308694	0.0655118
1459.5	0.127449	0.0655328
1460	0.127449	0.0655538
1460.5	0.127449	0.0655747
1461	0.125814	0.0655851
1461.5	0	0.0655851
1462	0.0443728	0.065567
1462.5	0.127486	0.0655906
1463	0.127378	0.0656089
1463.5	0	0.0656089
1464	0	0.0656089
1464.5	0	0.0656089
1465	0	0.0656089
1465.5	0	0.0656089
1466	0	0.0656089
1466.5	0	0.0656089
1467	0	0.0656089
1467.5	0	0.0656089
1468	0	0.0656089
1468.5	0	0.0656089
1469	0	0.0656089
1469.5	0.00120068	0.065321
1470	0.127506	0.0653419
1470.5	0.129494	0.0653658
1471	0	0.0653658
1471.5	0	0.0653658
1472	0	0.0653658
1472.5	0	0.0653658
1473	0.0158904	0.0652825
1473.5	0.127449	0.0653034
1474	0.127449	0.0653242
1474.5	0.127449	0.0653451
1475	0.127449	0.0653685
1475.5	0.127449	0.0653868
1476	0	0.0653868
1476.5	0	0.0653868
1477	0	0.0653868
1477.5	0	0.0653868
1478	0.0124295	0.0652958
1478.5	0.127449	0.0653166
1479	0.127449	0.06534
1479.5	0.127449	0.0653608
1480	0.127449	0.0653816
1480.5	0.127449	0.0654023
1481	0.127449	0.0654231
1481.5	0.127449	0.0654438
1482	0.127449	0.0654645
1482.5	0.125535	0.0654849
1483	0.1292	0.0655085
1483.5	0.127449	0.0655292
1484	0.127449	0.0655498
1484.5	0.127449	0.0655705
1485	0.127449	0.0655911
1485.5	0.127449	0.0656117
1486	0.127449	0.0656323
1486.5	0.127449	0.0656529
1487	0.127449	0.065676
1487.5	0.127449	0.0656966
1488	0.127449	0.0657171
1488.5	0	0.0657171
1489	0	0.0657171
1489.5	0	0.0657171
1490	0	0.0657171
1490.5	0	0.0657171
1491	0	0.0657171
1491.5	0	0.0657171
1492	0	0.0657171
1492.5	0	0.0657171
1493	0	0.0657171
1493.5	0	0.0657171
1494	0	0.0657171
1494.5	0	0.0657171
1495	0	0.0657171
1495.5	0.00630251	0.0654189
1496	0.127449	0.0654394
1496.5	0.127449	0.0654625
1497	0.127449	0.065483
1497.5	0.127449	0.0655034
1498	0.127449	0.0655214
1498.5	0	0.0655214
1499	0	0.0655214
1499.5	0	0.0655214
1500	0	0.0655214
1500.5	0	0.0655214
1501	0	0.0655214
1501.5	0	0.0655214
1502	0	0.0655214
1502.5	0	0.0655214
1503	0.0124366	0.0653422
1503.5	0.127449	0.0653626
1504	0.127449	0.0653831
1504.5	0.127449	0.065406
1505	0.127449	0.0654264
1505.5	0.127449	0.0654468
1506	0.127449	0.0654672
1506.5	0.127449	0.0654774
1507	0	0.0654774
1507.5	0	0.0654774
1508	0	0.0654774
1508.5	0.0207028	0.0654096
1509	0.127449	0.0654299
1509.5	0.127449	0.0654503
1510	0.127449	0.0654706
1510.5	0.127449	0.0654909
1511	0.127449	0.0655112
1511.5	0.127449	0.0655315
1512	0.127449	0.0655543
1512.5	0.127449	0.0655745
1513	0.127449	0.0655948
1513.5	0.127449	0.065615
1514	0.127449	0.0656352
1514.5	0.127449	0.0656554
1515	0.127449	0.0656756
1515.5	0.127449	0.0656807
1516	0	0.0656807
1516.5	0	0.0656807
1517	0	0.0656807
1517.5	0	0.0656807
1518	0	0.0656807
1518.5	0	0.0656807
1519	0	0.0656807
1519.5	0	0.0656807
1520	0	0.0656807
1520.5	0	0.0656807
1521	0	0.0656807
1521.5	0.00491191	0.0654242
1522	0.127449	0.0654418
1522.5	0	0.0654418
1523	0	0.0654418
1523.5	0	0.0654418
1524	0	0.0654418
1524.5	0.00302913	0.0653353
1525	0.132475	0.0653562
1525.5	0.122733	0.0653756
1526	0.127518	0.0653907
1526.5	0	0.0653907
1527	0	0.0653907
1527.5	0	0.0653907
1528	0	0.0653907
1528.5	0.0119815	0.0652987
1529	0.120101	0.0653175
1529.5	0.110999	0.0653324
1530	0.136989	0.0653539
1530.5	0.130552	0.0653771
1531	0.132191	0.0653979
1531.5	0.128688	0.0654207
1532	0.120368	0.0654371
1532.5	0.131163	0.0654603
1533	0.0988815	0.0654708
1533.5	0.161374	0.0655013
1534	0.131604	0.0655246
1534.5	0.127413	0.0655445
1535	0.127325	0.0655645
1535.5	0.127605	0.0655845
1536	0.127222	0.0655944
1536.5	0	0.0655944
1537	0	0.0655944
1537.5	0	0.0655944
1538	0	0.0655944
1538.5	0	0.0655944
1539	0	0.0655944
1539.5	0	0.0655944
1540	0	0.0655944
1540.5	0	0.0655944
1541	0	0.0655944
1541.5	0	0.0655944
1542	0	0.0655944
1542.5	0.00577885	0.0653299
1543	0.127773	0.0653498
1543.5	0.127449	0.0653673
1544	0	0.0653673
1544.5	0	0.0653673
1545	0	0.0653673
1545.5	0	0.0653673
1546	0.0130957	0.0652858
1546.5	0.0470873	0.0652779
1547	0.127449	0.0652978
1547.5	0.127449	0.0653177
1548	0.127449	0.0653376
1548.5	0.127449	0.0653574
1549	0.127449	0.0653773
1549.5	0.127449	0.0653872
1550	0	0.0653872
1550.5	0	0.0653872
1551	0	0.0653872
1551.5	0	0.0653872
1552	0	0.0653872
1552.5	0.0023879	0.0652532
1553	0.127335	0.065273
1553.5	0.12761	0.0652928
1554	0.127366	0.0653077
1554.5	0	0.0653077
1555	0	0.0653077
1555.5	0	0.0653077
1556	0	0.0653077
1556.5	0.00594802	0.0652065
1557	0.127066	0.0652263
1557.5	0.124351	0.0652455
1558	0.134024	0.0652663
1558.5	0.126355	0.0652883
1559	0.122296	0.0653072
1559.5	0.135124	0.0653281
1560	0.127449	0.0653478
1560.5	0.127449	0.0653675
1561	0.127449	0.0653872
1561.5	0.127449	0.0654093
1562	0.127449	0.0654142
1562.5	0	0.0654142
1563	0	0.0654142
1563.5	0	0.0654142
1564	0.0270099	0.0653569
1564.5	0.127449	0.0653765
1565	0	0.0653765
1565.5	0	0.0653765
1566	0.0103593	0.065323
1566.5	0.125092	0.0653423
1567	0.129572	0.0653647
1567.5	0.127434	0.0653843
1568	0.127325	0.0654039
1568.5	0.127542	0.0654235
1569	0.127532	0.0654431
1569.5	0.110907	0.0654472
1570	0	0.0654472
1570.5	0	0.0654472
1571	0	0.0654472
1571.5	0.00396481	0.0653694
1572	0	0.0653694
1572.5	0.0166773	0.0653254
1573	0.127449	0.065345
1573.5	0.127449	0.0653645
1574	0.127449	0.065384
1574.5	0.127449	0.0654035
1575	0.127449	0.065423
1575.5	0.127449	0.0654425
1576	0.127449	0.065462
1576.5	0.127449	0.0654839
1577	0.127449	0.0655033
1577.5	0.127449	0.0655228
1578	0.127449	0.0655422
1578.5	0.127449	0.0655616
1579	0.127449	0.065581
1579.5	0.127449	0.0656004
1580	0.127449	0.0656198
1580.5	0.127449	0.0656343
1581	0	0.0656343
1581.5	0	0.0656343
1582	0	0.0656343
1582.5	0	0.0656343
1583	0	0.0656343
1583.5	0	0.0656343
1584	0	0.0656343
1584.5	0.00375342	0.0654702
1585	0.127449	0.0654896
1585.5	0.127449	0.0655089
1586	0.127449	0.0655234
1586.5	0	0.0655234
1587	0.0206086	0.0654909
1587.5	0.128267	0.0655104
1588	0.124997	0.0655293
1588.5	0.129999	0.065549
1589	0.127449	0.0655562
1589.5	0	0.0655562
1590	0	0.0655562
1590.5	0	0.0655562
1591	0	0.0655562
1591.5	0	0.0655562
1592	0	0.0655562
1592.5	0	0.0655562
1593	0	0.0655562
1593.5	0	0.0655562
1594	0	0.0655562
1594.5	0	0.0655562
1595	0	0.0655562
1595.5	0	0.0655562
1596	0	0.0655562
1596.5	0	0.0655562
1597	0	0.0655562
1597.5	0	0.0655562
1598	0.006707	0.0652099
1598.5	0.127387	0.0652291
1599	0.127439	0.0652484
1599.5	0.127449	0.0652676
1600	0.127506	0.0652869
