3.5	0	-0
4	0.0159116	0.139273
4.5	0.1283	0.13324
5	0.127537	0.13136
5.5	0.127516	0.130407
6	0.127358	0.129998
6.5	0	0.129998
7	0	0.129998
7.5	0	0.129998
8	0	0.129998
8.5	0	0.129998
9	0	0.129998
9.5	0	0.129998
10	0	0.129998
10.5	0	0.129998
11	0	0.129998
11.5	0	0.129998
12	0	0.129998
12.5	0	0.129998
13	0	0.129998
13.5	0	0.129998
14	0	0.129998
14.5	0	0.129998
15	0	0.129998
15.5	0	0.129998
16	0	0.129998
16.5	0	0.129998
17	0	0.129998
17.5	0	0.129998
18	0	0.129998
18.5	0	0.129998
19	0	0.129998
19.5	0	0.129998
20	0	0.129998
20.5	0	0.129998
21	0.00206848	0.0188671
21.5	0.127449	0.0218449
22	0.127449	0.0250055
22.5	0.127449	0.0276602
23	0.127449	0.0301808
23.5	0.126872	0.0325735
24	0.127511	0.0348549
24.5	0.119587	0.0369718
25	0.127449	0.038535
25.5	0	0.038535
26	0	0.038535
26.5	0	0.038535
27	0	0.038535
27.5	0	0.038535
28	0.00500235	0.0342443
28.5	0.127449	0.0360798
29	0.127449	0.0378444
29.5	0.127449	0.0395422
30	0.127449	0.0397499
30.5	0	0.0397499
31	0	0.0397499
31.5	0.0241844	0.0386678
32	0.132515	0.0402289
32.5	0.127413	0.0417116
33	0.127428	0.0431448
33.5	0.127477	0.0447012
34	0.127234	0.0460358
34.5	0.127537	0.0473298
35	0.127434	0.0485826
35.5	0.12732	0.0497962
36	0.127632	0.0505371
36.5	0	0.0505371
37	0	0.0505371
37.5	0	0.0505371
38	0.0178311	0.048451
38.5	0.127449	0.049563
39	0.127449	0.0506442
39.5	0.127449	0.0516958
40	0.127449	0.052719
40.5	0.126435	0.0538311
41	0.125959	0.0547891
41.5	0.128166	0.0551465
42	0	0.0551465
42.5	0.037077	0.0545578
43	0.133633	0.0556156
43.5	0.127449	0.0565002
44	0.127449	0.0573633
44.5	0.127449	0.0582056
45	0.127449	0.0590279
45.5	0.127449	0.0598309
46	0.127449	0.0607121
46.5	0.127449	0.0614762
47	0.127449	0.0622231
47.5	0.127449	0.0629533
48	0.127449	0.0636673
48.5	0.127449	0.0640184
49	0	0.0640184
49.5	0	0.0640184
50	0	0.0640184
50.5	0	0.0640184
51	0	0.0640184
51.5	0	0.0640184
52	0	0.0640184
52.5	0	0.0640184
53	0.00164698	0.0580155
53.5	0.127294	0.0586988
54	0.127682	0.0593706
54.5	0.127382	0.060028
55	0.129528	0.0607634
55.5	0.127449	0.0613949
56	0.127449	0.0620145
56.5	0.127449	0.0626225
57	0.125547	0.0632106
57.5	0.125039	0.0637853
58	0.130131	0.0643727
58.5	0.129234	0.0649458
59	0.127449	0.0655695
59.5	0.127449	0.0661136
60	0.127449	0.0666482
60.5	0.127449	0.0671735
61	0.127449	0.0676899
61.5	0.127449	0.0681974
62	0.127449	0.0686965
62.5	0.127449	0.0691871
63	0.127449	0.0697295
63.5	0.127449	0.0702031
64	0.127449	0.0703787
64.5	0	0.0703787
65	0	0.0703787
65.5	0	0.0703787
66	0	0.0703787
66.5	0	0.0703787
67	0	0.0703787
67.5	0	0.0703787
68	0	0.0703787
68.5	0	0.0703787
69	0.0103744	0.0655285
69.5	0.127449	0.0659907
70	0.127449	0.0663328
70.5	0	0.0663328
71	0	0.0663328
71.5	0	0.0663328
72	0	0.0663328
72.5	0	0.0663328
73	0	0.0663328
73.5	0	0.0663328
74	0	0.0663328
74.5	0	0.0663328
75	0	0.0663328
75.5	0	0.0663328
76	0	0.0663328
76.5	0.0023557	0.0604962
77	0.127408	0.0609447
77.5	0.129911	0.061395
78	0.125104	0.0618241
78.5	0.129916	0.0622629
79	0.127463	0.0627411
79.5	0.125014	0.0631523
80	0.129948	0.0635739
80.5	0.125029	0.0639745
81	0.129964	0.0643857
81.5	0.126638	0.0647813
82	0.127449	0.0651745
82.5	0.127382	0.0655626
83	0.127463	0.0659938
83.5	0.127392	0.0663718
84	0.127605	0.0667458
84.5	0.127356	0.0671146
85	0.12747	0.0674792
85.5	0.127475	0.0678395
86	0.127351	0.068195
86.5	0.127537	0.068547
87	0.127449	0.0688945
87.5	0.125858	0.0692328
88	0.111753	0.0695153
88.5	0.14742	0.0699542
89	0.127454	0.0702854
89.5	0.127537	0.070613
90	0.127133	0.0709356
90.5	0.125129	0.0712481
91	0.127428	0.0715644
91.5	0.132402	0.0717288
92	0	0.0717288
92.5	0.0249297	0.0710667
93	0.127449	0.0714156
93.5	0.127449	0.0717221
94	0.127449	0.0720253
94.5	0.127449	0.0723252
95	0.127449	0.0726219
95.5	0.127449	0.0729154
96	0.127449	0.0730972
96.5	0	0.0730972
97	0	0.0730972
97.5	0.0187598	0.07213
98	0.126764	0.0724519
98.5	0.127144	0.072736
99	0.129355	0.0730236
99.5	0.127414	0.0733027
100	0.126468	0.0735421
100.5	0.0841312	0.0736032
101	0.127449	0.0738752
101.5	0.127449	0.0741444
102	0.127449	0.0741779
102.5	0	0.0741779
103	0	0.0741779
103.5	0	0.0741779
104	0	0.0741779
104.5	0	0.0741779
105	0	0.0741779
105.5	0	0.0741779
106	0	0.0741779
106.5	0	0.0741779
107	0.0114863	0.0708684
107.5	0.127449	0.0711363
108	0.127449	0.0713687
108.5	0	0.0713687
109	0	0.0713687
109.5	0.0345318	0.0708161
110	0.132357	0.0709535
110.5	0	0.0709535
111	0	0.0709535
111.5	0	0.0709535
112	0	0.0709535
112.5	0	0.0709535
113	0.014568	0.0692894
113.5	0.127553	0.0695501
114	0.127439	0.0698082
114.5	0.125278	0.0700897
115	0.129048	0.0703148
115.5	0.117809	0.0705407
116	0.131936	0.0708004
116.5	0.134603	0.0710966
117	0.127449	0.0713411
117.5	0.127449	0.0715836
118	0.127449	0.0718538
118.5	0.127449	0.0720918
119	0.123286	0.0723174
119.5	0.127414	0.0725221
120	0	0.0725221
120.5	0	0.0725221
121	0	0.0725221
121.5	0	0.0725221
122	0.0215495	0.0714261
122.5	0.127449	0.0716579
123	0.127276	0.0718874
123.5	0.126752	0.0721138
124	0.0780015	0.0721384
124.5	0.146522	0.0724674
125	0.157329	0.0728156
125.5	0.0794441	0.0728425
126	0.127449	0.0730619
126.5	0.125027	0.073274
127	0.128757	0.073493
127.5	0.127563	0.0737075
128	0.126165	0.0739171
128.5	0.12958	0.0741597
129	0	0.0741597
129.5	0	0.0741597
130	0	0.0741597
130.5	0	0.0741597
131	0	0.0741597
131.5	0	0.0741597
132	0	0.0741597
132.5	0	0.0741597
133	0	0.0741597
133.5	0	0.0741597
134	0.00999893	0.0714601
134.5	0.12748	0.0716706
135	0.12747	0.0718795
135.5	0.126015	0.0720837
136	0.128868	0.0722924
136.5	0.128568	0.072499
137	0.127449	0.0727017
137.5	0.127449	0.072928
138	0.127449	0.0731276
138.5	0.127449	0.0733257
139	0.127449	0.0735224
139.5	0.11928	0.0736552
140	0	0.0736552
140.5	0	0.0736552
141	0	0.0736552
141.5	0	0.0736552
142	0	0.0736552
142.5	0	0.0736552
143	0	0.0736552
143.5	0	0.0736552
144	0	0.0736552
144.5	0.00168758	0.071275
145	0	0.071275
145.5	0	0.071275
146	0	0.071275
146.5	0	0.071275
147	0	0.071275
147.5	0	0.071275
148	0	0.071275
148.5	0	0.071275
149	0	0.071275
149.5	0	0.071275
150	0	0.071275
150.5	0	0.071275
151	0	0.071275
151.5	0.00210845	0.0677972
152	0.127449	0.067995
152.5	0.127449	0.068216
153	0.127449	0.0684111
153.5	0.127449	0.0686048
154	0.127449	0.0687974
154.5	0.127449	0.0689886
155	0.127449	0.0691786
155.5	0.127449	0.0693674
156	0.127449	0.069555
156.5	0.127449	0.0697645
157	0.127449	0.0698803
157.5	0	0.0698803
158	0	0.0698803
158.5	0	0.0698803
159	0	0.0698803
159.5	0	0.0698803
160	0	0.0698803
160.5	0	0.0698803
161	0	0.0698803
161.5	0	0.0698803
162	0	0.0698803
162.5	0	0.0698803
163	0	0.0698803
163.5	0.00591049	0.0672268
164	0.125979	0.0674091
164.5	0.127458	0.0676157
165	0.127553	0.0677983
165.5	0.127663	0.0679799
166	0.127542	0.0680702
166.5	0	0.0680702
167	0	0.0680702
167.5	0	0.0680702
168	0	0.0680702
168.5	0	0.0680702
169	0	0.0680702
169.5	0	0.0680702
170	0	0.0680702
170.5	0	0.0680702
171	0	0.0680702
171.5	0	0.0680702
172	0	0.0680702
172.5	0	0.0680702
173	0.00107963	0.065199
173.5	0.143429	0.0652998
174	0.0696912	0.0653201
174.5	0.127449	0.065499
175	0.127449	0.0655212
175.5	0	0.0655212
176	0	0.0655212
176.5	0	0.0655212
177	0	0.0655212
177.5	0	0.0655212
178	0	0.0655212
178.5	0	0.0655212
179	0	0.0655212
179.5	0	0.0655212
180	0	0.0655212
180.5	0	0.0655212
181	0	0.0655212
181.5	0.00451357	0.0631391
182	0.127449	0.0633164
182.5	0.127449	0.0634928
183	0.127449	0.0636683
183.5	0.127449	0.0638427
184	0.127449	0.0640162
184.5	0.127449	0.0641242
185	0.0885403	0.0642195
185.5	0.127449	0.0643906
186	0.127449	0.0644545
186.5	0	0.0644545
187	0	0.0644545
187.5	0	0.0644545
188	0	0.0644545
188.5	0	0.0644545
189	0	0.0644545
189.5	0	0.0644545
190	0	0.0644545
190.5	0	0.0644545
191	0	0.0644545
191.5	0	0.0644545
192	0	0.0644545
192.5	0	0.0644545
193	0	0.0644545
193.5	0	0.0644545
194	0	0.0644545
194.5	0	0.0644545
195	0	0.0644545
195.5	0	0.0644545
196	0	0.0644545
196.5	0	0.0644545
197	0	0.0644545
197.5	0	0.0644545
198	0	0.0644545
198.5	0	0.0644545
199	0	0.0644545
199.5	0	0.0644545
200	0	0.0644545
200.5	0	0.0644545
201	0	0.0644545
201.5	0	0.0644545
202	0	0.0644545
202.5	0.000475541	0.0591428
203	0	0.0591428
203.5	0	0.0591428
204	0	0.0591428
204.5	0	0.0591428
205	0	0.0591428
205.5	0	0.0591428
206	0	0.0591428
206.5	0	0.0591428
207	0	0.0591428
207.5	0	0.0591428
208	0.00806574	0.0576854
208.5	0.127397	0.0578529
209	0.12294	0.0580146
209.5	0.131272	0.0581846
210	0.127315	0.0582672
210.5	0	0.0582672
211	0	0.0582672
211.5	0	0.0582672
212	0	0.0582672
212.5	0	0.0582672
213	0	0.0582672
213.5	0	0.0582672
214	0	0.0582672
214.5	0	0.0582672
215	0	0.0582672
215.5	0	0.0582672
216	0.00502128	0.0567014
216.5	0.122935	0.0568601
217	0.122385	0.0570175
217.5	0.100837	0.0570813
218	0	0.0570813
218.5	0	0.0570813
219	0.00969191	0.0567252
219.5	0.0996554	0.0568347
220	0.117759	0.056966
220.5	0.154491	0.0572169
221	0.109569	0.0573204
221.5	0.11572	0.0574475
222	0.0603674	0.0574545
222.5	0.0914466	0.0575211
223	0.108836	0.0576727
223.5	0.148072	0.0577816
224	0.0231342	0.0577283
224.5	0	0.0577283
225	0	0.0577283
225.5	0	0.0577283
226	0	0.0577283
226.5	0	0.0577283
227	0.013986	0.0570696
227.5	0.127459	0.0571471
228	0	0.0571471
228.5	0	0.0571471
229	0	0.0571471
229.5	0	0.0571471
230	0	0.0571471
230.5	0	0.0571471
231	0	0.0571471
231.5	0	0.0571471
232	0	0.0571471
232.5	0	0.0571471
233	0	0.0571471
233.5	0	0.0571471
234	0	0.0571471
234.5	0	0.0571471
235	0.00605627	0.0554321
235.5	0.127449	0.0555849
236	0.125097	0.0557349
236.5	0.129892	0.0558887
237	0.127449	0.0560584
237.5	0.127449	0.0562086
238	0.125057	0.0563559
238.5	0.129935	0.0565071
239	0.127449	0.0566554
239.5	0.127449	0.0568031
240	0.127449	0.0569502
240.5	0.0971125	0.0569639
241	0	0.0569639
241.5	0.0328383	0.0568186
242	0.133977	0.0569891
242.5	0.127304	0.0570617
243	0	0.0570617
243.5	0	0.0570617
244	0	0.0570617
244.5	0	0.0570617
245	0.00588328	0.0564964
245.5	0	0.0564964
246	0	0.0564964
246.5	0	0.0564964
247	0.0307811	0.0562811
247.5	0.127449	0.0564427
248	0.127449	0.0565856
248.5	0.127449	0.056728
249	0.127449	0.0568699
249.5	0.127449	0.0568876
250	0	0.0568876
250.5	0	0.0568876
251	0	0.0568876
251.5	0	0.0568876
252	0	0.0568876
252.5	0	0.0568876
253	0	0.0568876
253.5	0	0.0568876
254	0	0.0568876
254.5	0	0.0568876
255	0	0.0568876
255.5	0	0.0568876
256	0	0.0568876
256.5	0	0.0568876
257	0	0.0568876
257.5	0	0.0568876
258	0.00615863	0.0551104
258.5	0.129724	0.0552696
259	0.128277	0.0554093
259.5	0.127449	0.0555479
260	0.127449	0.0556859
260.5	0.12597	0.0558221
261	0.127449	0.0559591
261.5	0.126125	0.0560944
262	0.127475	0.0562303
262.5	0.127402	0.0563657
263	0.129575	0.0565194
263.5	0.127547	0.0566538
264	0.127387	0.0567875
264.5	0.127506	0.0569209
265	0.127366	0.0570536
265.5	0.127568	0.057186
266	0.127439	0.0573178
266.5	0.127394	0.0574654
267	0.127485	0.0575962
267.5	0.127434	0.0577265
268	0.127377	0.0578562
268.5	0.127542	0.0579856
269	0.127356	0.0581143
269.5	0.127573	0.0582428
270	0.127356	0.0583706
270.5	0.127408	0.0585138
271	0.127865	0.0585616
271.5	0	0.0585616
272	0	0.0585616
272.5	0	0.0585616
273	0	0.0585616
273.5	0	0.0585616
274	0	0.0585616
274.5	0	0.0585616
275	0	0.0585616
275.5	0	0.0585616
276	0	0.0585616
276.5	0.0040753	0.0574091
277	0.127454	0.0575352
277.5	0.125139	0.0576589
278	0.128366	0.0577849
278.5	0.125289	0.0579232
279	0.129997	0.0580494
279.5	0.125098	0.0581713
280	0.125822	0.0582933
280.5	0.132452	0.0584201
281	0.127444	0.0585426
281.5	0.110268	0.0585559
282	0	0.0585559
282.5	0	0.0585559
283	0	0.0585559
283.5	0	0.0585559
284	0	0.0585559
284.5	0.0136269	0.0580037
285	0.142854	0.058103
285.5	0	0.058103
286	0.0178463	0.0579777
286.5	0.0502788	0.0579564
287	0.127449	0.0580017
287.5	0	0.0580017
288	0	0.0580017
288.5	0.0348351	0.0578553
289	0.126333	0.0579
289.5	0	0.0579
290	0	0.0579
290.5	0	0.0579
291	0	0.0579
291.5	0	0.0579
292	0	0.0579
292.5	0	0.0579
293	0	0.0579
293.5	0.00807544	0.0570657
294	0.127449	0.057185
294.5	0.127449	0.0573039
295	0.127449	0.0574223
295.5	0.127449	0.0575404
296	0.127449	0.0576581
296.5	0.127449	0.0577754
297	0.127449	0.0579069
297.5	0.127449	0.0580233
298	0.127449	0.0581394
298.5	0.127449	0.0582551
299	0.127449	0.0583703
299.5	0.127449	0.0584852
300	0.127449	0.0585998
300.5	0.127449	0.0587139
301	0.127449	0.0588419
301.5	0.127449	0.0589552
302	0.127383	0.0590681
302.5	0.127428	0.0591807
303	0.127366	0.0592929
303.5	0.127418	0.0594047
304	0.12765	0.0595164
304.5	0.127409	0.0596275
305	0.127484	0.0597521
305.5	0.127213	0.0598623
306	0.127682	0.0599724
306.5	0.125629	0.0600807
307	0.127511	0.06019
307.5	0.127459	0.0602989
308	0.125154	0.0604057
308.5	0.129835	0.0605157
309	0.125049	0.0606218
309.5	0.127444	0.0607293
310	0.127667	0.06085
310.5	0.129911	0.0609587
311	0.127485	0.0610652
311.5	0.127241	0.0611711
312	0.127423	0.0612769
312.5	0.126997	0.061382
313	0.127842	0.0614874
313.5	0.127532	0.0616053
314	0.127351	0.0617096
314.5	0.124898	0.0618117
315	0.128162	0.061916
315.5	0.12748	0.0620194
316	0.127402	0.0621225
316.5	0.129932	0.0622271
317	0	0.0622271
317.5	0	0.0622271
318	0	0.0622271
318.5	0.019519	0.0619547
319	0.127449	0.0620569
319.5	0.127449	0.0621588
320	0.126885	0.0622726
320.5	0.127532	0.0623738
321	0.128005	0.0624752
321.5	0.127449	0.0625758
322	0.127449	0.062676
322.5	0.127449	0.062776
323	0.127449	0.0628757
323.5	0.127449	0.062975
324	0.127449	0.0630865
324.5	0.127449	0.0631729
325	0	0.0631729
325.5	0	0.0631729
326	0	0.0631729
326.5	0.0190752	0.0628922
327	0.0834297	0.062922
327.5	0.126477	0.0630193
328	0.128326	0.06313
328.5	0.127449	0.0631788
329	0	0.0631788
329.5	0	0.0631788
330	0	0.0631788
330.5	0	0.0631788
331	0	0.0631788
331.5	0	0.0631788
332	0.00848569	0.0625632
332.5	0.127449	0.0626724
333	0.127449	0.0627692
333.5	0.127449	0.0628657
334	0.127449	0.0629619
334.5	0.127449	0.0630578
335	0.127449	0.0631057
335.5	0.0815959	0.0631485
336	0.127449	0.0632437
336.5	0.127449	0.0633386
337	0.127449	0.0634215
337.5	0	0.0634215
338	0.0498384	0.0633767
338.5	0.127506	0.0634709
339	0.12748	0.0635648
339.5	0.125874	0.0636573
340	0.12749	0.0637506
340.5	0.127594	0.0638438
341	0.124989	0.0639348
341.5	0.127677	0.063958
342	0.0096641	0.0638278
342.5	0	0.0638278
343	0	0.0638278
343.5	0	0.0638278
344	0	0.0638278
344.5	0.0244245	0.0635309
345	0.127449	0.063623
345.5	0.127449	0.0637149
346	0.122434	0.0638028
346.5	0.129435	0.0638956
347	0.109275	0.063962
347.5	0.13531	0.0640702
348	0.140677	0.0641817
348.5	0.116864	0.0642535
349	0.13033	0.0643571
349.5	0.133627	0.0644511
350	0.128497	0.0645414
350.5	0.127449	0.0646418
351	0.127449	0.0647307
351.5	0.127449	0.0648195
352	0.127449	0.0649079
352.5	0.127449	0.0649962
353	0.127449	0.0650402
353.5	0	0.0650402
354	0.0383485	0.0649467
354.5	0.127449	0.0650454
355	0.127449	0.0651328
355.5	0.127449	0.0652199
356	0.127449	0.0653068
356.5	0.127449	0.0653935
357	0.127449	0.0654799
357.5	0.127449	0.0655661
358	0.127449	0.0656521
358.5	0.127449	0.0657485
359	0.127449	0.0658339
359.5	0.127449	0.0659191
360	0.127449	0.0660041
360.5	0.127449	0.0660889
361	0.105056	0.0661458
361.5	0.129868	0.0662318
362	0.125049	0.0663142
362.5	0.127542	0.0663981
363	0.129771	0.0664833
363.5	0.125119	0.066565
364	0.12749	0.0665754
364.5	0	0.0665754
365	0	0.0665754
365.5	0	0.0665754
366	0	0.0665754
366.5	0	0.0665754
367	0	0.0665754
367.5	0	0.0665754
368	0	0.0665754
368.5	0	0.0665754
369	0.00735182	0.0657107
369.5	0	0.0657107
370	0	0.0657107
370.5	0	0.0657107
371	0	0.0657107
371.5	0	0.0657107
372	0	0.0657107
372.5	0	0.0657107
373	0	0.0657107
373.5	0	0.0657107
374	0	0.0657107
374.5	0	0.0657107
375	0	0.0657107
375.5	0.00483742	0.064649
376	0	0.064649
376.5	0	0.064649
377	0	0.064649
377.5	0	0.064649
378	0	0.064649
378.5	0	0.064649
379	0	0.064649
379.5	0	0.064649
380	0	0.064649
380.5	0.0106276	0.0639088
381	0.12747	0.0639917
381.5	0.127516	0.0640744
382	0.127294	0.0641567
382.5	0.127781	0.0642186
383	0	0.0642186
383.5	0.0428282	0.0641567
384	0.127761	0.0642388
384.5	0.127873	0.064331
385	0.12774	0.0644127
385.5	0.126562	0.0644832
386	0	0.0644832
386.5	0	0.0644832
387	0	0.0644832
387.5	0	0.0644832
388	0	0.0644832
388.5	0	0.0644832
389	0	0.0644832
389.5	0	0.0644832
390	0	0.0644832
390.5	0	0.0644832
391	0	0.0644832
391.5	0	0.0644832
392	0	0.0644832
392.5	0	0.0644832
393	0	0.0644832
393.5	0	0.0644832
394	0	0.0644832
394.5	0	0.0644832
395	0	0.0644832
395.5	0	0.0644832
396	0	0.0644832
396.5	0	0.0644832
397	0	0.0644832
397.5	0	0.0644832
398	0	0.0644832
398.5	0	0.0644832
399	0.00231132	0.0623495
399.5	0.12373	0.0624281
400	0.127349	0.0624987
400.5	0	0.0624987
401	0	0.0624987
401.5	0	0.0624987
402	0	0.0624987
402.5	0	0.0624987
403	0	0.0624987
403.5	0	0.0624987
404	0	0.0624987
404.5	0	0.0624987
405	0	0.0624987
405.5	0	0.0624987
406	0	0.0624987
406.5	0	0.0624987
407	0.00333083	0.0614628
407.5	0.127658	0.0615434
408	0.127408	0.0616236
408.5	0.127413	0.0617036
409	0.127759	0.0617836
409.5	0.127449	0.0618632
410	0.127449	0.0618831
410.5	0	0.0618831
411	0	0.0618831
411.5	0	0.0618831
412	0	0.0618831
412.5	0.00537654	0.06148
413	0.127408	0.0615593
413.5	0.127444	0.0616384
414	0.128172	0.0617178
414.5	0.122726	0.0617936
415	0.13255	0.0618751
415.5	0.127449	0.0619632
416	0.12726	0.0620412
416.5	0.127522	0.0621193
417	0.127527	0.0621971
417.5	0.127488	0.0622747
418	0.127449	0.0623521
418.5	0.125041	0.0624279
419	0.125269	0.0625037
419.5	0.131742	0.0625929
420	0.0869202	0.0626192
420.5	0.127506	0.0626958
421	0.127401	0.0627531
421.5	0	0.0627531
422	0	0.0627531
422.5	0	0.0627531
423	0.0072109	0.0624651
423.5	0.121907	0.0625379
424	0.132408	0.0626166
424.5	0.12977	0.0626938
425	0.127449	0.0627694
425.5	0.127449	0.0628449
426	0.127449	0.0629296
426.5	0.125229	0.0630034
427	0.127315	0.0630782
427.5	0.122665	0.0631501
428	0.128644	0.0632253
428.5	0.134436	0.0632742
429	0	0.0632742
429.5	0	0.0632742
430	0	0.0632742
430.5	0	0.0632742
431	0	0.0632742
431.5	0	0.0632742
432	0	0.0632742
432.5	0	0.0632742
433	0	0.0632742
433.5	0	0.0632742
434	0	0.0632742
434.5	0	0.0632742
435	0	0.0632742
435.5	0	0.0632742
436	0	0.0632742
436.5	0	0.0632742
437	0	0.0632742
437.5	0	0.0632742
438	0	0.0632742
438.5	0	0.0632742
439	0	0.0632742
439.5	0	0.0632742
440	0	0.0632742
440.5	0	0.0632742
441	0	0.0632742
441.5	0	0.0632742
442	0	0.0632742
442.5	0	0.0632742
443	0	0.0632742
443.5	0	0.0632742
444	0	0.0632742
444.5	0	0.0632742
445	0	0.0632742
445.5	0	0.0632742
446	0	0.0632742
446.5	0	0.0632742
447	0.000840181	0.0606457
447.5	0.127449	0.0607198
448	0.127449	0.0608029
448.5	0.127449	0.0608767
449	0.127449	0.060941
449.5	0	0.060941
450	0	0.060941
450.5	0	0.060941
451	0	0.060941
451.5	0	0.060941
452	0	0.060941
452.5	0	0.060941
453	0	0.060941
453.5	0	0.060941
454	0	0.060941
454.5	0	0.060941
455	0	0.060941
455.5	0	0.060941
456	0	0.060941
456.5	0	0.060941
457	0	0.060941
457.5	0	0.060941
458	0.00259344	0.0597763
458.5	0.109945	0.0598314
459	0.142813	0.0599214
459.5	0.130587	0.0599866
460	0.113077	0.0600511
460.5	0.127346	0.0601237
461	0.127961	0.060151
461.5	0	0.060151
462	0	0.060151
462.5	0	0.060151
463	0	0.060151
463.5	0	0.060151
464	0	0.060151
464.5	0	0.060151
465	0	0.060151
465.5	0	0.060151
466	0	0.060151
466.5	0	0.060151
467	0	0.060151
467.5	0	0.060151
468	0	0.060151
468.5	0	0.060151
469	0	0.060151
469.5	0	0.060151
470	0	0.060151
470.5	0	0.060151
471	0	0.060151
471.5	0	0.060151
472	0	0.060151
472.5	0.000663399	0.0586513
473	0.127449	0.0587235
473.5	0.127449	0.0587955
474	0.127449	0.0588763
474.5	0.127449	0.058948
475	0.127449	0.0590195
475.5	0.127449	0.0590909
476	0.127449	0.0591621
476.5	0.127449	0.0592332
477	0.127449	0.0592952
477.5	0	0.0592952
478	0	0.0592952
478.5	0	0.0592952
479	0	0.0592952
479.5	0	0.0592952
480	0.0151916	0.0590085
480.5	0.127449	0.0590792
481	0.127449	0.0591497
481.5	0.127449	0.05922
482	0.127449	0.0592902
482.5	0.127449	0.0593603
483	0.127449	0.0594302
483.5	0.127449	0.0595087
484	0.127449	0.0595783
484.5	0.127449	0.0596477
485	0.127449	0.0596911
485.5	0	0.0596911
486	0.033524	0.0596276
486.5	0.127449	0.0596968
487	0.127449	0.0597658
487.5	0.127449	0.0598432
488	0.127449	0.0599119
488.5	0.127449	0.0599805
489	0.127449	0.0600489
489.5	0.125594	0.0601163
490	0.127439	0.0601844
490.5	0.12937	0.0602533
491	0.127449	0.0603212
491.5	0.127449	0.0603974
492	0.127449	0.0604649
492.5	0.127449	0.0605324
493	0.127449	0.0605997
493.5	0.126752	0.0606665
494	0.127573	0.0607336
494.5	0.125618	0.0607996
495	0.12747	0.0608664
495.5	0.12761	0.0609331
496	0.127472	0.0610079
496.5	0.127361	0.0610742
497	0.126913	0.0610825
497.5	0	0.0610825
498	0	0.0610825
498.5	0	0.0610825
499	0	0.0610825
499.5	0	0.0610825
500	0	0.0610825
500.5	0	0.0610825
501	0	0.0610825
501.5	0.00479902	0.0605283
502	0.127449	0.0605944
502.5	0.127449	0.0606686
503	0.127449	0.0607344
503.5	0.127449	0.0608001
504	0.127449	0.0608657
504.5	0.127449	0.0609311
505	0.127449	0.0609964
505.5	0.127449	0.0610616
506	0.127449	0.0611266
506.5	0.127449	0.0611997
507	0.127449	0.0612644
507.5	0.127449	0.0613291
508	0.126934	0.0613934
508.5	0.127968	0.061458
509	0.126607	0.0615219
509.5	0.128302	0.0615864
510	0.127449	0.0616504
510.5	0.127449	0.0617223
511	0.127449	0.0617861
511.5	0.127449	0.0618497
512	0.12636	0.0619127
512.5	0.127366	0.0619761
513	0.127902	0.0620395
513.5	0.127413	0.0621027
514	0.127434	0.0621657
514.5	0	0.0621657
515	0	0.0621657
515.5	0.0261363	0.0620601
516	0.127449	0.0621229
516.5	0.127449	0.0621934
517	0.127449	0.062256
517.5	0.127449	0.0623185
518	0.127449	0.0623808
518.5	0.127449	0.062443
519	0.127449	0.0624507
519.5	0	0.0624507
520	0	0.0624507
520.5	0	0.0624507
521	0	0.0624507
521.5	0.0186156	0.0622012
522	0.127712	0.0622245
522.5	0	0.0622245
523	0	0.0622245
523.5	0	0.0622245
524	0	0.0622245
524.5	0	0.0622245
525	0	0.0622245
525.5	0	0.0622245
526	0	0.0622245
526.5	0.0032678	0.0616833
527	0.12747	0.0617452
527.5	0.127465	0.0618069
528	0.128548	0.061869
528.5	0.127412	0.0619382
529	0.123767	0.0619978
529.5	0.129093	0.0620598
530	0.122508	0.0621113
530.5	0.132686	0.0621825
531	0.120664	0.0622402
531.5	0.129889	0.0623021
532	0.133764	0.0623734
532.5	0.127449	0.0623886
533	0	0.0623886
533.5	0	0.0623886
534	0	0.0623886
534.5	0	0.0623886
535	0	0.0623886
535.5	0	0.0623886
536	0	0.0623886
536.5	0	0.0623886
537	0	0.0623886
537.5	0	0.0623886
538	0.00133376	0.0617169
538.5	0.127449	0.0617698
539	0	0.0617698
539.5	0	0.0617698
540	0	0.0617698
540.5	0	0.0617698
541	0	0.0617698
541.5	0	0.0617698
542	0	0.0617698
542.5	0	0.0617698
543	0	0.0617698
543.5	0	0.0617698
544	0	0.0617698
544.5	0	0.0617698
545	0	0.0617698
545.5	0.00334503	0.0610115
546	0.129562	0.0610727
546.5	0.127449	0.0611404
547	0.127449	0.0612005
547.5	0.127449	0.0612605
548	0.127449	0.0613203
548.5	0.127449	0.0613801
549	0.126414	0.0614392
549.5	0.12734	0.0614987
550	0.127594	0.0615582
550.5	0.127439	0.0616175
551	0.127343	0.061684
551.5	0.127579	0.0617432
552	0.128464	0.0618026
552.5	0.127449	0.0618615
553	0.127449	0.0619202
553.5	0.126962	0.0619787
554	0.127522	0.0620372
554.5	0.127352	0.062103
555	0.125401	0.0621604
555.5	0.130002	0.0622197
556	0.125119	0.0622768
556.5	0.126041	0.0623342
557	0.131015	0.0623936
557.5	0.127882	0.0624516
558	0.127449	0.0625093
558.5	0.127449	0.0625741
559	0.127449	0.0626316
559.5	0.127449	0.062689
560	0.127449	0.0627463
560.5	0.127309	0.0628034
561	0.12733	0.0628605
561.5	0.127708	0.0629176
562	0.127449	0.0629745
562.5	0.127449	0.0630384
563	0.127449	0.063095
563.5	0.127449	0.0631516
564	0.127449	0.0632081
564.5	0.127449	0.0632645
565	0.127449	0.0633207
565.5	0.127449	0.0633769
566	0.127449	0.063433
566.5	0.127449	0.063496
567	0.127449	0.0635519
567.5	0.127449	0.0636076
568	0.127449	0.0636633
568.5	0.127449	0.0637189
569	0.127449	0.0637744
569.5	0.127449	0.0638298
570	0.126259	0.0638845
570.5	0.127496	0.0639397
571	0.127375	0.0640017
571.5	0.127423	0.0640567
572	0.128725	0.0641121
572.5	0.127449	0.0641669
573	0.127449	0.0642216
573.5	0.124314	0.0642748
574	0.129765	0.0643304
574.5	0.128289	0.064392
575	0.126686	0.064446
575.5	0.127736	0.0645003
576	0.127933	0.0645547
576.5	0.125892	0.064608
577	0.127485	0.064662
577.5	0.127335	0.0647158
578	0.127589	0.0647696
578.5	0.12732	0.0648232
579	0.127546	0.0648835
579.5	0.125094	0.064936
580	0.129894	0.0649904
580.5	0.127449	0.0650437
581	0.127377	0.0650969
581.5	0.127656	0.0651235
582	0.0311885	0.0650792
582.5	0.127449	0.0651323
583	0.127449	0.0651852
583.5	0.127449	0.0652381
584	0.127449	0.0652974
584.5	0.127449	0.0653501
585	0.127449	0.0654026
585.5	0.127074	0.065455
586	0.127434	0.0655074
586.5	0.127356	0.0655596
587	0.127547	0.0656119
587.5	0.127625	0.0656641
588	0.127009	0.0656836
588.5	0	0.0656836
589	0	0.0656836
589.5	0	0.0656836
590	0	0.0656836
590.5	0	0.0656836
591	0	0.0656836
591.5	0	0.0656836
592	0	0.0656836
592.5	0.00973983	0.0652246
593	0.127449	0.0652766
593.5	0.127449	0.0653285
594	0.127449	0.0653867
594.5	0.126903	0.0654382
595	0.127352	0.0654769
595.5	0	0.0654769
596	0.0432162	0.065436
596.5	0.127805	0.0654876
597	0.127449	0.0655454
597.5	0.127449	0.0655967
598	0.127449	0.065648
598.5	0.127449	0.0656991
599	0.127449	0.0657055
599.5	0	0.0657055
600	0	0.0657055
600.5	0.0160529	0.0655429
601	0.125044	0.0655929
601.5	0.127485	0.0656439
602	0.127423	0.0656947
602.5	0.129663	0.0657464
603	0.127454	0.065797
603.5	0.127465	0.0658476
604	0.127431	0.0659044
604.5	0.128696	0.0659554
605	0.127449	0.0660057
605.5	0.127449	0.066056
606	0.127449	0.0661061
606.5	0.125804	0.0661555
607	0.129138	0.0662062
607.5	0.127449	0.0662624
608	0.126398	0.0663118
608.5	0.127258	0.0663614
609	0.127439	0.0664111
609.5	0.12774	0.0664608
610	0.127268	0.0665102
610.5	0.125144	0.0665587
611	0.127445	0.066608
611.5	0.128941	0.0666517
612	0.123603	0.0667051
612.5	0.127907	0.0667483
613	0.127753	0.0668036
613.5	0.114335	0.0668463
614	0.115202	0.0668841
614.5	0.129948	0.0669339
615	0.12747	0.0669827
615.5	0	0.0669827
616	0	0.0669827
616.5	0	0.0669827
617	0	0.0669827
617.5	0	0.0669827
618	0	0.0669827
618.5	0	0.0669827
619	0	0.0669827
619.5	0	0.0669827
620	0	0.0669827
620.5	0	0.0669827
621	0	0.0669827
621.5	0	0.0669827
622	0	0.0669827
622.5	0	0.0669827
623	0	0.0669827
623.5	0	0.0669827
624	0	0.0669827
624.5	0	0.0669827
625	0	0.0669827
625.5	0	0.0669827
626	0	0.0669827
626.5	0	0.0669827
627	0	0.0669827
627.5	0	0.0669827
628	0	0.0669827
628.5	0	0.0669827
629	0	0.0669827
629.5	0	0.0669827
630	0	0.0669827
630.5	0	0.0669827
631	0	0.0669827
631.5	0	0.0669827
632	0	0.0669827
632.5	0	0.0669827
633	0.00173941	0.0651133
633.5	0.127449	0.065162
634	0	0.065162
634.5	0	0.065162
635	0	0.065162
635.5	0	0.065162
636	0	0.065162
636.5	0	0.065162
637	0	0.065162
637.5	0	0.065162
638	0	0.065162
638.5	0	0.065162
639	0	0.065162
639.5	0	0.065162
640	0	0.065162
640.5	0	0.065162
641	0	0.065162
641.5	0	0.065162
642	0	0.065162
642.5	0	0.065162
643	0	0.065162
643.5	0	0.065162
644	0	0.065162
644.5	0	0.065162
645	0	0.065162
645.5	0	0.065162
646	0	0.065162
646.5	0	0.065162
647	0	0.065162
647.5	0	0.065162
648	0	0.065162
648.5	0	0.065162
649	0	0.065162
649.5	0.00147232	0.0635863
650	0.127449	0.063635
650.5	0.126937	0.0636894
651	0.109454	0.0637147
651.5	0.0617186	0.0637127
652	0.129798	0.063762
652.5	0.127547	0.0638104
653	0.12755	0.0638586
653.5	0.123472	0.0639052
654	0.13336	0.0639618
654.5	0.127449	0.0640098
655	0.127449	0.0640577
655.5	0.127449	0.0640936
656	0	0.0640936
656.5	0	0.0640936
657	0	0.0640936
657.5	0	0.0640936
658	0	0.0640936
658.5	0	0.0640936
659	0	0.0640936
659.5	0	0.0640936
660	0	0.0640936
660.5	0	0.0640936
661	0	0.0640936
661.5	0.00895942	0.0635801
662	0.12749	0.0636279
662.5	0.12716	0.0636577
663	0	0.0636577
663.5	0	0.0636577
664	0	0.0636577
664.5	0	0.0636577
665	0	0.0636577
665.5	0	0.0636577
666	0	0.0636577
666.5	0	0.0636577
667	0	0.0636577
667.5	0	0.0636577
668	0	0.0636577
668.5	0	0.0636577
669	0	0.0636577
669.5	0	0.0636577
670	0	0.0636577
670.5	0	0.0636577
671	0	0.0636577
671.5	0	0.0636577
672	0	0.0636577
672.5	0.000768549	0.0626983
673	0.127449	0.0627459
673.5	0.125961	0.0627929
674	0.127454	0.0628404
674.5	0.127423	0.0628878
675	0.127444	0.0629351
675.5	0.127563	0.0629825
676	0.127362	0.0630355
676.5	0.127506	0.0630827
677	0.127449	0.0631297
677.5	0.128925	0.0631772
678	0.127449	0.0632241
678.5	0.127449	0.063271
679	0.127449	0.0633119
679.5	0	0.0633119
680	0	0.0633119
680.5	0	0.0633119
681	0	0.0633119
681.5	0	0.0633119
682	0	0.0633119
682.5	0	0.0633119
683	0	0.0633119
683.5	0	0.0633119
684	0	0.0633119
684.5	0	0.0633119
685	0	0.0633119
685.5	0	0.0633119
686	0.00774598	0.0627348
686.5	0.127383	0.062764
687	0	0.062764
687.5	0	0.062764
688	0	0.062764
688.5	0	0.062764
689	0	0.062764
689.5	0	0.062764
690	0	0.062764
690.5	0	0.062764
691	0	0.062764
691.5	0	0.062764
692	0	0.062764
692.5	0.00762336	0.0622699
693	0.127795	0.0623166
693.5	0.128436	0.0623693
694	0.127449	0.0623983
694.5	0	0.0623983
695	0	0.0623983
695.5	0	0.0623983
696	0.0178585	0.062257
696.5	0.127449	0.0623034
697	0.127449	0.0623496
697.5	0.127449	0.0623612
698	0	0.0623612
698.5	0	0.0623612
699	0	0.0623612
699.5	0	0.0623612
700	0	0.0623612
700.5	0	0.0623612
701	0	0.0623612
701.5	0	0.0623612
702	0	0.0623612
702.5	0	0.0623612
703	0	0.0623612
703.5	0	0.0623612
704	0	0.0623612
704.5	0	0.0623612
705	0.00695115	0.0617373
705.5	0.127434	0.0617834
706	0.127615	0.0618064
706.5	0	0.0618064
707	0	0.0618064
707.5	0	0.0618064
708	0	0.0618064
708.5	0	0.0618064
709	0	0.0618064
709.5	0	0.0618064
710	0	0.0618064
710.5	0	0.0618064
711	0	0.0618064
711.5	0	0.0618064
712	0	0.0618064
712.5	0	0.0618064
713	0	0.0618064
713.5	0	0.0618064
714	0	0.0618064
714.5	0	0.0618064
715	0	0.0618064
715.5	0	0.0618064
716	0	0.0618064
716.5	0	0.0618064
717	0	0.0618064
717.5	0	0.0618064
718	0	0.0618064
718.5	0	0.0618064
719	0	0.0618064
719.5	0	0.0618064
720	0	0.0618064
720.5	0.00265759	0.0605891
721	0.127449	0.060635
721.5	0.12586	0.0606803
722	0.122964	0.060719
722.5	0.128308	0.0607707
723	0.127137	0.0608106
723.5	0.110805	0.0608499
724	0.153243	0.060909
724.5	0.127449	0.0609601
725	0.127449	0.0610054
725.5	0.127449	0.0610507
726	0.127449	0.061096
726.5	0.127449	0.0611412
727	0.127449	0.0611863
727.5	0.127449	0.0612314
728	0.127449	0.0612764
728.5	0.127449	0.0612932
729	0	0.0612932
729.5	0	0.0612932
730	0	0.0612932
730.5	0	0.0612932
731	0	0.0612932
731.5	0	0.0612932
732	0	0.0612932
732.5	0	0.0612932
733	0	0.0612932
733.5	0.0117047	0.0609291
734	0.127449	0.0609739
734.5	0.127449	0.0610187
735	0.127449	0.0610634
735.5	0.126153	0.0611076
736	0.127295	0.0611521
736.5	0.127577	0.0611967
737	0.127894	0.0612413
737.5	0.127454	0.0612913
738	0.124994	0.0613348
738.5	0.130002	0.0613799
739	0.127366	0.0614241
739.5	0.127392	0.0614683
740	0.127449	0.0615124
740.5	0.127475	0.0615564
741	0.127431	0.0616059
741.5	0.127532	0.0616499
742	0.127501	0.0616937
742.5	0.127377	0.0617375
743	0.127459	0.0617813
743.5	0.127459	0.061825
744	0.128395	0.0618689
744.5	0.127449	0.0619125
745	0.127449	0.0619614
745.5	0.127449	0.0620049
746	0.127449	0.0620483
746.5	0.120875	0.0620894
747	0.127444	0.0621326
747.5	0.127325	0.062138
748	0	0.062138
748.5	0	0.062138
749	0	0.062138
749.5	0.00326798	0.0619486
750	0.128965	0.0619978
750.5	0	0.0619978
751	0	0.0619978
751.5	0.0423546	0.0619589
752	0.127449	0.062002
752.5	0.127449	0.062045
753	0.126725	0.0620877
753.5	0.127553	0.0621092
754	0	0.0621092
754.5	0	0.0621092
755	0	0.0621092
755.5	0	0.0621092
756	0	0.0621092
756.5	0	0.0621092
757	0	0.0621092
757.5	0	0.0621092
758	0.00327165	0.0617353
758.5	0.127402	0.0617781
759	0.128608	0.0618213
759.5	0.126607	0.0618638
760	0.12293	0.0618844
760.5	0	0.0618844
761	0	0.0618844
761.5	0	0.0618844
762	0	0.0618844
762.5	0	0.0618844
763	0	0.0618844
763.5	0	0.0618844
764	0	0.0618844
764.5	0	0.0618844
765	0	0.0618844
765.5	0	0.0618844
766	0	0.0618844
766.5	0	0.0618844
767	0	0.0618844
767.5	0	0.0618844
768	0	0.0618844
768.5	0	0.0618844
769	0	0.0618844
769.5	0	0.0618844
770	0	0.0618844
770.5	0	0.0618844
771	0.00417606	0.0610371
771.5	0.129004	0.0610748
772	0	0.0610748
772.5	0	0.0610748
773	0	0.0610748
773.5	0	0.0610748
774	0	0.0610748
774.5	0	0.0610748
775	0	0.0610748
775.5	0	0.0610748
776	0	0.0610748
776.5	0	0.0610748
777	0	0.0610748
777.5	0.00258503	0.0606162
778	0.127449	0.0606321
778.5	0	0.0606321
779	0	0.0606321
779.5	0	0.0606321
780	0	0.0606321
780.5	0	0.0606321
781	0	0.0606321
781.5	0	0.0606321
782	0	0.0606321
782.5	0	0.0606321
783	0	0.0606321
783.5	0	0.0606321
784	0	0.0606321
784.5	0	0.0606321
785	0	0.0606321
785.5	0	0.0606321
786	0	0.0606321
786.5	0	0.0606321
787	0.00337889	0.0599536
787.5	0.127449	0.059996
788	0.127449	0.0600384
788.5	0.127449	0.0600806
789	0.12617	0.0601277
789.5	0.126446	0.0601643
790	0	0.0601643
790.5	0	0.0601643
791	0	0.0601643
791.5	0.0115601	0.0600388
792	0.127449	0.0600809
792.5	0.127449	0.0601229
793	0.127313	0.0601649
793.5	0.126181	0.0602064
794	0.127417	0.0602535
794.5	0.127573	0.0602954
795	0.128232	0.0603374
795.5	0.128002	0.0603793
796	0.127449	0.0604209
796.5	0.127449	0.0604625
797	0.127449	0.0605041
797.5	0.127449	0.0605301
798	0	0.0605301
798.5	0	0.0605301
799	0	0.0605301
799.5	0	0.0605301
800	0	0.0605301
800.5	0	0.0605301
801	0	0.0605301
801.5	0	0.0605301
802	0	0.0605301
802.5	0	0.0605301
803	0	0.0605301
803.5	0	0.0605301
804	0	0.0605301
804.5	0.00435881	0.0600253
805	0.127449	0.0600667
805.5	0.127449	0.0601133
806	0.127449	0.0601546
806.5	0.127449	0.0601958
807	0.127449	0.060237
807.5	0.127449	0.0602782
808	0.127449	0.0603193
808.5	0.127449	0.0603604
809	0.127449	0.0604014
809.5	0.127449	0.0604474
810	0.127449	0.0604883
810.5	0.127449	0.0605292
811	0.127449	0.06057
811.5	0.127449	0.0606107
812	0.127449	0.0606514
812.5	0.127449	0.0606921
813	0.125619	0.0607321
813.5	0.128456	0.0607781
814	0.126465	0.0608133
814.5	0.126139	0.0608583
815	0.130485	0.0608945
815.5	0.127293	0.0609398
816	0.127384	0.060975
816.5	0	0.060975
817	0	0.060975
817.5	0	0.060975
818	0	0.060975
818.5	0	0.060975
819	0	0.060975
819.5	0	0.060975
820	0	0.060975
820.5	0	0.060975
821	0	0.060975
821.5	0	0.060975
822	0	0.060975
822.5	0	0.060975
823	0	0.060975
823.5	0	0.060975
824	0	0.060975
824.5	0	0.060975
825	0	0.060975
825.5	0.00326779	0.0603011
826	0.127485	0.0603413
826.5	0	0.0603413
827	0	0.0603413
827.5	0	0.0603413
828	0	0.0603413
828.5	0	0.0603413
829	0	0.0603413
829.5	0	0.0603413
830	0	0.0603413
830.5	0	0.0603413
831	0	0.0603413
831.5	0	0.0603413
832	0	0.0603413
832.5	0.00363738	0.0598988
833	0.127449	0.0599389
833.5	0.127449	0.0599789
834	0.127449	0.0600239
834.5	0.127449	0.0600639
835	0.127449	0.0601038
835.5	0.127449	0.0601436
836	0.127449	0.0601834
836.5	0.127449	0.0602232
837	0.127449	0.0602629
837.5	0.127449	0.0603025
838	0.125178	0.0603415
838.5	0.129804	0.0603817
839	0.127439	0.0604262
839.5	0.12746	0.0604657
840	0.127449	0.0605051
840.5	0.127449	0.0605445
841	0.127449	0.0605838
841.5	0.127449	0.0606231
842	0.127449	0.0606672
842.5	0.127449	0.0607064
843	0	0.0607064
843.5	0	0.0607064
844	0	0.0607064
844.5	0	0.0607064
845	0	0.0607064
845.5	0	0.0607064
846	0	0.0607064
846.5	0	0.0607064
847	0	0.0607064
847.5	0	0.0607064
848	0.00715057	0.0603586
848.5	0.126808	0.0603975
849	0.125844	0.0604361
849.5	0.127501	0.0604751
850	0.127356	0.060514
850.5	0.129991	0.0605536
851	0.128867	0.0605978
851.5	0.12747	0.0606366
852	0.127382	0.0606754
852.5	0.12747	0.0607141
853	0.127532	0.0607528
853.5	0.127449	0.0607914
854	0.127791	0.0608349
854.5	0.127449	0.0608735
855	0.127449	0.060912
855.5	0.127449	0.0609504
856	0.127449	0.0609888
856.5	0.123044	0.0610259
857	0.127298	0.0610642
857.5	0.131578	0.0611036
858	0.127583	0.0611466
858.5	0.12733	0.0611847
859	0.127459	0.0612229
859.5	0.115587	0.0612401
860	0	0.0612401
860.5	0	0.0612401
861	0	0.0612401
861.5	0	0.0612401
862	0	0.0612401
862.5	0	0.0612401
863	0.0147242	0.0610383
863.5	0.127413	0.0610763
864	0.127454	0.0611143
864.5	0.127444	0.0611522
865	0.127594	0.0611902
865.5	0.127465	0.061228
866	0.127377	0.0612658
866.5	0.125699	0.0613031
867	0.121636	0.0613391
867.5	0.133387	0.0613783
868	0.1256	0.0614201
868.5	0.150077	0.0614308
869	0	0.0614308
869.5	0	0.0614308
870	0.00847858	0.0613177
870.5	0.127242	0.0613599
871	0.12775	0.0613975
871.5	0.127129	0.0614162
872	0	0.0614162
872.5	0.0385989	0.0613842
873	0.127532	0.0614216
873.5	0.127417	0.0614636
874	0.128743	0.0615013
874.5	0.127449	0.0615386
875	0.127449	0.0615758
875.5	0.127449	0.0615898
876	0	0.0615898
876.5	0	0.0615898
877	0	0.0615898
877.5	0	0.0615898
878	0	0.0615898
878.5	0.00532453	0.0614003
879	0	0.0614003
879.5	0	0.0614003
880	0	0.0614003
880.5	0	0.0614003
881	0	0.0614003
881.5	0	0.0614003
882	0	0.0614003
882.5	0	0.0614003
883	0	0.0614003
883.5	0	0.0614003
884	0	0.0614003
884.5	0.00989577	0.0610296
885	0.12842	0.0610622
885.5	0	0.0610622
886	0	0.0610622
886.5	0	0.0610622
887	0	0.0610622
887.5	0	0.0610622
888	0	0.0610622
888.5	0	0.0610622
889	0	0.0610622
889.5	0	0.0610622
890	0	0.0610622
890.5	0.0111872	0.0607469
891	0.127449	0.0607839
891.5	0.127449	0.0608208
892	0.127449	0.0608578
892.5	0.127449	0.0608946
893	0.127449	0.0609315
893.5	0.127449	0.0609729
894	0.127449	0.0609821
894.5	0	0.0609821
895	0	0.0609821
895.5	0.00846558	0.060873
896	0.130755	0.0609105
896.5	0.127449	0.0609243
897	0	0.0609243
897.5	0	0.0609243
898	0	0.0609243
898.5	0	0.0609243
899	0	0.0609243
899.5	0	0.0609243
900	0	0.0609243
900.5	0	0.0609243
901	0	0.0609243
901.5	0	0.0609243
902	0	0.0609243
902.5	0	0.0609243
903	0	0.0609243
903.5	0	0.0609243
904	0	0.0609243
904.5	0.00563924	0.0604123
905	0.127449	0.0604489
905.5	0.127167	0.0604854
906	0.127733	0.060522
906.5	0.127449	0.0605585
907	0.127449	0.0605949
907.5	0.127449	0.0606359
908	0.127449	0.0606631
908.5	0	0.0606631
909	0	0.0606631
909.5	0	0.0606631
910	0	0.0606631
910.5	0	0.0606631
911	0	0.0606631
911.5	0	0.0606631
912	0	0.0606631
912.5	0	0.0606631
913	0	0.0606631
913.5	0	0.0606631
914	0	0.0606631
914.5	0	0.0606631
915	0	0.0606631
915.5	0	0.0606631
916	0	0.0606631
916.5	0	0.0606631
917	0	0.0606631
917.5	0	0.0606631
918	0	0.0606631
918.5	0	0.0606631
919	0	0.0606631
919.5	0.00135143	0.0599116
920	0.12749	0.0599479
920.5	0.127434	0.0599841
921	0.129399	0.0600254
921.5	0.127309	0.0600615
922	0.127594	0.0600886
922.5	0	0.0600886
923	0	0.0600886
923.5	0	0.0600886
924	0	0.0600886
924.5	0	0.0600886
925	0.00751103	0.0599099
925.5	0.127449	0.0599459
926	0.127449	0.059982
926.5	0.127449	0.0600179
927	0.127449	0.0600539
927.5	0.127449	0.0600898
928	0.127449	0.0601257
928.5	0.127449	0.0601615
929	0.127449	0.0602018
929.5	0.127449	0.0602375
930	0.127449	0.0602732
930.5	0.127449	0.0603089
931	0.127449	0.0603446
931.5	0.127449	0.0603802
932	0	0.0603802
932.5	0	0.0603802
933	0.0153783	0.0603061
933.5	0.127449	0.0603416
934	0.127449	0.0603771
934.5	0.127449	0.0604126
935	0.127449	0.060448
935.5	0.127449	0.0604834
936	0.127449	0.0605188
936.5	0.127449	0.0605585
937	0.127449	0.0605938
937.5	0.127449	0.060629
938	0.127449	0.0606642
938.5	0.127449	0.0606994
939	0.127449	0.0607345
939.5	0.127449	0.0607696
940	0.127449	0.0608047
940.5	0.127449	0.0608441
941	0.127449	0.060879
941.5	0.127449	0.060914
942	0.127449	0.0609489
942.5	0.127449	0.0609837
943	0.127449	0.0610186
943.5	0.127449	0.0610534
944	0.127449	0.0610881
944.5	0.127449	0.0611272
945	0.127449	0.0611489
945.5	0	0.0611489
946	0	0.0611489
946.5	0.0326631	0.0610981
947	0.128958	0.0611331
947.5	0.127449	0.0611677
948	0.127449	0.0612022
948.5	0.127327	0.0612367
949	0.127558	0.0612755
949.5	0.125142	0.0613051
950	0	0.0613051
950.5	0	0.0613051
951	0	0.0613051
951.5	0	0.0613051
952	0	0.0613051
952.5	0	0.0613051
953	0	0.0613051
953.5	0	0.0613051
954	0	0.0613051
954.5	0	0.0613051
955	0	0.0613051
955.5	0	0.0613051
956	0	0.0613051
956.5	0	0.0613051
957	0.00727233	0.0608773
957.5	0.127547	0.0609117
958	0.126381	0.0609458
958.5	0.129916	0.0609806
959	0.124979	0.0610143
959.5	0.127568	0.0610485
960	0.129556	0.0610875
960.5	0.11061	0.0610912
961	0	0.0610912
961.5	0	0.0610912
962	0	0.0610912
962.5	0	0.0610912
963	0	0.0610912
963.5	0	0.0610912
964	0.00999082	0.0608824
964.5	0.127469	0.0609037
965	0	0.0609037
965.5	0	0.0609037
966	0	0.0609037
966.5	0	0.0609037
967	0	0.0609037
967.5	0	0.0609037
968	0	0.0609037
968.5	0	0.0609037
969	0	0.0609037
969.5	0	0.0609037
970	0	0.0609037
970.5	0	0.0609037
971	0	0.0609037
971.5	0	0.0609037
972	0.00306579	0.0604454
972.5	0.127449	0.0604794
973	0.127449	0.0605134
973.5	0.123526	0.0605464
974	0.131629	0.0605813
974.5	0.127449	0.0605856
975	0	0.0605856
975.5	0	0.0605856
976	0	0.0605856
976.5	0	0.0605856
977	0	0.0605856
977.5	0	0.0605856
978	0	0.0605856
978.5	0	0.0605856
979	0.00945285	0.0603246
979.5	0.12976	0.060359
980	0.127579	0.0603929
980.5	0.127352	0.0604056
981	0	0.0604056
981.5	0	0.0604056
982	0	0.0604056
982.5	0	0.0604056
983	0	0.0604056
983.5	0	0.0604056
984	0	0.0604056
984.5	0	0.0604056
985	0	0.0604056
985.5	0.0103354	0.0601347
986	0.127542	0.0601685
986.5	0.127361	0.0602021
987	0.127463	0.06024
987.5	0.127571	0.0602737
988	0.127449	0.0603073
988.5	0.127449	0.0603408
989	0.127449	0.0603743
989.5	0.127449	0.0604078
990	0.127449	0.0604413
990.5	0.127449	0.0604747
991	0.127449	0.0605123
991.5	0.127449	0.0605456
992	0.127449	0.0605789
992.5	0.127449	0.0606122
993	0.127449	0.0606455
993.5	0.127449	0.0606787
994	0.127381	0.0607119
994.5	0.127428	0.060745
995	0.127398	0.0607823
995.5	0.124392	0.0608146
996	0.128296	0.0608479
996.5	0.127382	0.0608809
997	0.125104	0.0609133
997.5	0.132503	0.0609474
998	0.127428	0.0609803
998.5	0.126973	0.0610131
999	0.122877	0.0610448
999.5	0.150508	0.0610495
1000	0	0.0610495
1000.5	0	0.0610495
1001	0	0.0610495
1001.5	0	0.0610495
1002	0	0.0610495
1002.5	0	0.0610495
1003	0	0.0610495
1003.5	0	0.0610495
1004	0	0.0610495
1004.5	0	0.0610495
1005	0	0.0610495
1005.5	0	0.0610495
1006	0	0.0610495
1006.5	0	0.0610495
1007	0	0.0610495
1007.5	0.00464223	0.0605749
1008	0.125209	0.0606071
1008.5	0.129399	0.0606403
1009	0.125728	0.0606767
1009.5	0.124821	0.0607047
1010	0.129542	0.060742
1010.5	0.127419	0.0607705
1011	0	0.0607705
1011.5	0.00735829	0.060714
1012	0.126843	0.0607465
1012.5	0.127408	0.0607546
1013	0	0.0607546
1013.5	0	0.0607546
1014	0	0.0607546
1014.5	0	0.0607546
1015	0	0.0607546
1015.5	0	0.0607546
1016	0.00609557	0.0605462
1016.5	0.127449	0.0605787
1017	0.127449	0.0606112
1017.5	0.127449	0.0606477
1018	0.127449	0.0606801
1018.5	0.127449	0.0607125
1019	0.127449	0.0607449
1019.5	0.127449	0.0607772
1020	0.126995	0.0608094
1020.5	0.127418	0.0608416
1021	0.127465	0.0608739
1021.5	0.127431	0.0609101
1022	0.127527	0.0609423
1022.5	0.127408	0.0609744
1023	0.127356	0.0610065
1023.5	0.127397	0.0610385
1024	0.127646	0.0610706
1024.5	0.127335	0.0611026
1025	0.127547	0.0611346
1025.5	0.12744	0.0611705
1026	0.125779	0.0612021
1026.5	0.129607	0.0612344
1027	0.127449	0.0612663
1027.5	0.127449	0.0612981
1028	0.127449	0.0613299
1028.5	0.127449	0.0613616
1029	0.127449	0.0613934
1029.5	0.127449	0.061429
1030	0.127449	0.0614607
1030.5	0.126439	0.0614921
1031	0.127418	0.0615237
1031.5	0.125134	0.0615547
1032	0.12923	0.0615867
1032.5	0.127366	0.0616182
1033	0.126836	0.0616495
1033.5	0.127366	0.0616652
1034	0	0.0616652
1034.5	0	0.0616652
1035	0.0134909	0.0615838
1035.5	0.127449	0.0616191
1036	0.127449	0.0616505
1036.5	0.127449	0.0616819
1037	0.127449	0.0617132
1037.5	0.127449	0.0617327
1038	0	0.0617327
1038.5	0	0.0617327
1039	0	0.0617327
1039.5	0	0.0617327
1040	0	0.0617327
1040.5	0	0.0617327
1041	0	0.0617327
1041.5	0	0.0617327
1042	0	0.0617327
1042.5	0	0.0617327
1043	0	0.0617327
1043.5	0	0.0617327
1044	0	0.0617327
1044.5	0	0.0617327
1045	0	0.0617327
1045.5	0	0.0617327
1046	0	0.0617327
1046.5	0	0.0617327
1047	0	0.0617327
1047.5	0	0.0617327
1048	0	0.0617327
1048.5	0	0.0617327
1049	0	0.0617327
1049.5	0	0.0617327
1050	0.00123733	0.0609999
1050.5	0.127703	0.0610312
1051	0.127428	0.0610624
1051.5	0.127514	0.0610897
1052	0	0.0610897
1052.5	0	0.0610897
1053	0	0.0610897
1053.5	0	0.0610897
1054	0	0.0610897
1054.5	0	0.0610897
1055	0	0.0610897
1055.5	0	0.0610897
1056	0	0.0610897
1056.5	0	0.0610897
1057	0	0.0610897
1057.5	0	0.0610897
1058	0	0.0610897
1058.5	0	0.0610897
1059	0	0.0610897
1059.5	0	0.0610897
1060	0	0.0610897
1060.5	0	0.0610897
1061	0	0.0610897
1061.5	0	0.0610897
1062	0	0.0610897
1062.5	0.00352901	0.0604857
1063	0.127475	0.0605168
1063.5	0.125104	0.0605474
1064	0.127523	0.0605668
1064.5	0	0.0605668
1065	0	0.0605668
1065.5	0	0.0605668
1066	0	0.0605668
1066.5	0	0.0605668
1067	0	0.0605668
1067.5	0	0.0605668
1068	0	0.0605668
1068.5	0	0.0605668
1069	0	0.0605668
1069.5	0	0.0605668
1070	0	0.0605668
1070.5	0	0.0605668
1071	0	0.0605668
1071.5	0.00511053	0.0601683
1072	0.127532	0.0601994
1072.5	0.129551	0.0602347
1073	0.127465	0.0602657
1073.5	0.127202	0.0602965
1074	0.127459	0.0603274
1074.5	0.127459	0.0603583
1075	0.129668	0.0603856
1075.5	0	0.0603856
1076	0	0.0603856
1076.5	0	0.0603856
1077	0	0.0603856
1077.5	0	0.0603856
1078	0	0.0603856
1078.5	0	0.0603856
1079	0.00580499	0.0601799
1079.5	0.126296	0.0602105
1080	0.127334	0.060245
1080.5	0.127589	0.0602758
1081	0.127387	0.0603065
1081.5	0	0.0603065
1082	0	0.0603065
1082.5	0	0.0603065
1083	0	0.0603065
1083.5	0	0.0603065
1084	0	0.0603065
1084.5	0	0.0603065
1085	0	0.0603065
1085.5	0	0.0603065
1086	0.0015735	0.060036
1086.5	0.127952	0.0600668
1087	0.128936	0.0600977
1087.5	0.127449	0.0601321
1088	0.127449	0.0601627
1088.5	0.127449	0.0601932
1089	0.127449	0.0602237
1089.5	0.127449	0.0602542
1090	0.12711	0.0602846
1090.5	0.12779	0.060315
1091	0.127449	0.0603454
1091.5	0.127449	0.0603796
1092	0.127449	0.0604099
1092.5	0.127449	0.0604251
1093	0	0.0604251
1093.5	0	0.0604251
1094	0	0.0604251
1094.5	0	0.0604251
1095	0	0.0604251
1095.5	0	0.0604251
1096	0	0.0604251
1096.5	0	0.0604251
1097	0	0.0604251
1097.5	0	0.0604251
1098	0.00956735	0.0601584
1098.5	0.127449	0.0601887
1099	0.127449	0.0602189
1099.5	0.127449	0.0602491
1100	0.127449	0.0602793
1100.5	0.127449	0.0603132
1101	0.127449	0.0603433
1101.5	0.127449	0.0603734
1102	0.127449	0.0604035
1102.5	0.119517	0.0604317
1103	0.134172	0.0604631
1103.5	0.127468	0.0604781
1104	0.0317819	0.0604588
1104.5	0.127449	0.0604887
1105	0.127449	0.0605224
1105.5	0.127449	0.0605523
1106	0.125809	0.0605818
1106.5	0.129133	0.060612
1107	0.123232	0.0606409
1107.5	0.110918	0.0606634
1108	0.127449	0.0606932
1108.5	0.127449	0.060723
1109	0.127449	0.0607527
1109.5	0.127449	0.0607638
1110	0	0.0607638
1110.5	0.0299059	0.0607273
1111	0.127284	0.0607384
1111.5	0	0.0607384
1112	0	0.0607384
1112.5	0	0.0607384
1113	0	0.0607384
1113.5	0.0139801	0.0606202
1114	0.127449	0.0606535
1114.5	0.127449	0.0606683
1115	0	0.0606683
1115.5	0	0.0606683
1116	0	0.0606683
1116.5	0.0105618	0.060568
1117	0.125427	0.0605972
1117.5	0.12749	0.0606267
1118	0.127392	0.0606562
1118.5	0.127475	0.0606857
1119	0.127389	0.0607189
1119.5	0.127418	0.0607483
1120	0.127563	0.0607777
1120.5	0.122805	0.0608061
1121	0.132413	0.0608365
1121.5	0.127402	0.0608658
1122	0.127465	0.0608951
1122.5	0.127387	0.0609244
1123	0.127546	0.0609573
1123.5	0.127425	0.0609829
1124	0	0.0609829
1124.5	0	0.0609829
1125	0	0.0609829
1125.5	0	0.0609829
1126	0	0.0609829
1126.5	0	0.0609829
1127	0.00886268	0.0608187
1127.5	0.127501	0.0608479
1128	0.122743	0.060876
1128.5	0.128357	0.0609053
1129	0.126665	0.0609343
1129.5	0.124953	0.0609628
1130	0.126722	0.0609917
1130.5	0.132405	0.0610255
1131	0.102873	0.0610425
1131.5	0.10937	0.061064
1132	0.160991	0.0610769
1132.5	0.0645048	0.0610795
1133	0.149002	0.0610959
1133.5	0	0.0610959
1134	0	0.0610959
1134.5	0	0.0610959
1135	0	0.0610959
1135.5	0	0.0610959
1136	0	0.0610959
1136.5	0	0.0610959
1137	0	0.0610959
1137.5	0	0.0610959
1138	0	0.0610959
1138.5	0.00537533	0.0608094
1139	0.127449	0.0608383
1139.5	0.127449	0.0608671
1140	0.127449	0.060896
1140.5	0.127449	0.0609248
1141	0.127449	0.0609536
1141.5	0.127449	0.060968
1142	0.0810114	0.0609816
1142.5	0.127449	0.0610103
1143	0.127449	0.0610391
1143.5	0.113312	0.0610613
1144	0.128679	0.0610866
1144.5	0.120494	0.0611171
1145	0.137673	0.0611515
1145.5	0.127371	0.06118
1146	0.127444	0.0612086
1146.5	0.127475	0.0612371
1147	0.127486	0.0612692
1147.5	0.12747	0.0612977
1148	0.127428	0.0613261
1148.5	0.125059	0.0613541
1149	0.127454	0.0613825
1149.5	0.129937	0.0614113
1150	0.121832	0.0614385
1150.5	0.134479	0.0614682
1151	0.127449	0.0615
1151.5	0.127449	0.0615283
1152	0.127449	0.0615566
1152.5	0.127449	0.0615813
1153	0.100323	0.0615997
1153.5	0.127449	0.0616209
1154	0	0.0616209
1154.5	0	0.0616209
1155	0	0.0616209
1155.5	0	0.0616209
1156	0	0.0616209
1156.5	0.0173762	0.0614996
1157	0.127449	0.0615278
1157.5	0.127449	0.0615559
1158	0.127449	0.0615805
1158.5	0.114251	0.0616055
1159	0.127449	0.0616336
1159.5	0.127449	0.0616651
1160	0.127449	0.0616686
1160.5	0	0.0616686
1161	0.0453847	0.0616492
1161.5	0.126653	0.0616805
1162	0.127542	0.0617084
1162.5	0.127392	0.0617363
1163	0.127573	0.0617643
1163.5	0.124964	0.0617916
1164	0.130063	0.06182
1164.5	0.127527	0.0618479
1165	0.127356	0.0618756
1165.5	0.127518	0.0619069
1166	0.127413	0.0619347
1166.5	0.12777	0.0619625
1167	0.127501	0.0619902
1167.5	0.127465	0.0620179
1168	0.127413	0.0620455
1168.5	0.127501	0.0620732
1169	0.127449	0.0621008
1169.5	0.127454	0.0621284
1170	0.12528	0.0621589
1170.5	0.129991	0.0621869
1171	0.127315	0.0622144
1171.5	0.127579	0.062242
1172	0.127402	0.0622694
1172.5	0.127423	0.0622969
1173	0.127434	0.0623243
1173.5	0.127454	0.0623551
1174	0.127532	0.0623825
1174.5	0.125104	0.0624094
1175	0.127392	0.0624367
1175.5	0.125199	0.0624635
1176	0.132374	0.0624918
1176.5	0.124465	0.0625184
1177	0.125199	0.0625452
1177.5	0.129787	0.0625729
1178	0.130856	0.0626008
1178.5	0.121636	0.0626267
1179	0.122665	0.0626528
1179.5	0.103578	0.0626713
1180	0.176723	0.0627014
1180.5	0.108882	0.062724
1181	0.0563854	0.062721
1181.5	0.143221	0.0627584
1182	0.178924	0.0628016
1182.5	0.133924	0.062837
1183	0.126866	0.0628638
1183.5	0.244773	0.0628737
1184	0.0682955	0.0628779
1184.5	0.127444	0.0629048
1185	0.125069	0.0629312
1185.5	0.127201	0.0629346
1186	0	0.0629346
1186.5	0	0.0629346
1187	0	0.0629346
1187.5	0	0.0629346
1188	0	0.0629346
1188.5	0	0.0629346
1189	0	0.0629346
1189.5	0.0123682	0.0627453
1190	0.127449	0.0627722
1190.5	0.126619	0.0627855
1191	0	0.0627855
1191.5	0	0.0627855
1192	0	0.0627855
1192.5	0	0.0627855
1193	0	0.0627855
1193.5	0	0.0627855
1194	0	0.0627855
1194.5	0	0.0627855
1195	0	0.0627855
1195.5	0	0.0627855
1196	0	0.0627855
1196.5	0	0.0627855
1197	0.00115874	0.062436
1197.5	0.127449	0.0624628
1198	0.127449	0.0624896
1198.5	0.127449	0.0624929
1199	0	0.0624929
1199.5	0	0.0624929
1200	0	0.0624929
1200.5	0	0.0624929
1201	0	0.0624929
1201.5	0	0.0624929
1202	0	0.0624929
1202.5	0	0.0624929
1203	0	0.0624929
1203.5	0	0.0624929
1204	0	0.0624929
1204.5	0	0.0624929
1205	0	0.0624929
1205.5	0	0.0624929
1206	0.00787891	0.0621313
1206.5	0.127298	0.062158
1207	0.129574	0.0621851
1207.5	0.127449	0.0622118
1208	0.127449	0.0622384
1208.5	0.127449	0.0622651
1209	0.126135	0.0622914
1209.5	0.0471227	0.0622851
1210	0.127449	0.0623151
1210.5	0.127449	0.0623283
1211	0	0.0623283
1211.5	0	0.0623283
1212	0	0.0623283
1212.5	0	0.0623283
1213	0	0.0623283
1213.5	0	0.0623283
1214	0	0.0623283
1214.5	0	0.0623283
1215	0.00331614	0.0620979
1215.5	0.127449	0.0621245
1216	0.127449	0.062151
1216.5	0.127449	0.0621775
1217	0.123498	0.0622032
1217.5	0.120329	0.0622281
1218	0.13626	0.0622597
1218.5	0.129841	0.0622866
1219	0.127449	0.062313
1219.5	0.127449	0.0623394
1220	0.126321	0.0623622
1220.5	0.118566	0.0623897
1221	0.140378	0.0624184
1221.5	0.127449	0.0624414
1222	0.0778689	0.062449
1222.5	0.132736	0.0624763
1223	0.124725	0.0624987
1223.5	0	0.0624987
1224	0	0.0624987
1224.5	0	0.0624987
1225	0	0.0624987
1225.5	0	0.0624987
1226	0	0.0624987
1226.5	0	0.0624987
1227	0	0.0624987
1227.5	0	0.0624987
1228	0	0.0624987
1228.5	0	0.0624987
1229	0	0.0624987
1229.5	0	0.0624987
1230	0	0.0624987
1230.5	0	0.0624987
1231	0	0.0624987
1231.5	0	0.0624987
1232	0.00430815	0.0620676
1232.5	0.127449	0.0620938
1233	0.127449	0.0621199
1233.5	0.127449	0.0621461
1234	0.127449	0.0621591
1234.5	0	0.0621591
1235	0	0.0621591
1235.5	0	0.0621591
1236	0	0.0621591
1236.5	0	0.0621591
1237	0	0.0621591
1237.5	0	0.0621591
1238	0	0.0621591
1238.5	0	0.0621591
1239	0	0.0621591
1239.5	0	0.0621591
1240	0	0.0621591
1240.5	0	0.0621591
1241	0	0.0621591
1241.5	0	0.0621591
1242	0.00571497	0.0617839
1242.5	0.127449	0.06181
1243	0.127449	0.0618393
1243.5	0.127449	0.0618653
1244	0.125391	0.061891
1244.5	0.127325	0.0619169
1245	0.129705	0.0619434
1245.5	0.127449	0.0619693
1246	0.127449	0.0619953
1246.5	0.127449	0.0620212
1247	0.127449	0.0620503
1247.5	0.127449	0.0620762
1248	0.127449	0.0621021
1248.5	0.127449	0.0621053
1249	0	0.0621053
1249.5	0	0.0621053
1250	0	0.0621053
1250.5	0.00685227	0.0620039
1251	0	0.0620039
1251.5	0	0.0620039
1252	0	0.0620039
1252.5	0.0184742	0.0619299
1253	0.127522	0.0619557
1253.5	0.127426	0.0619847
1254	0.127444	0.0620105
1254.5	0.126051	0.062036
1255	0.127553	0.0620617
1255.5	0.127501	0.0620875
1256	0.126527	0.062113
1256.5	0.129927	0.0621391
1257	0.127397	0.0621647
1257.5	0.127449	0.0621904
1258	0.127583	0.0622192
1258.5	0.125034	0.0622443
1259	0.127501	0.0622699
1259.5	0.127356	0.0622954
1260	0.13013	0.0623215
1260.5	0.127449	0.062347
1261	0.125942	0.0623722
1261.5	0.12749	0.0623849
1262	0	0.0623849
1262.5	0	0.0623849
1263	0	0.0623849
1263.5	0	0.0623849
1264	0	0.0623849
1264.5	0	0.0623849
1265	0	0.0623849
1265.5	0.00554126	0.0621937
1266	0.127495	0.0622223
1266.5	0.127423	0.0622477
1267	0.127418	0.0622731
1267.5	0.129728	0.0622989
1268	0.127449	0.0623243
1268.5	0.127449	0.0623496
1269	0.127449	0.062375
1269.5	0.127449	0.0624034
1270	0.126474	0.0624285
1270.5	0.127434	0.0624538
1271	0.127454	0.062479
1271.5	0.12748	0.0625043
1272	0.126744	0.0625293
1272.5	0.123471	0.0625537
1273	0.129923	0.0625794
1273.5	0.128623	0.0626047
1274	0.129424	0.0626334
1274.5	0.125511	0.0626582
1275	0.127496	0.0626832
1275.5	0.12747	0.0627083
1276	0.127465	0.0627334
1276.5	0.127511	0.0627584
1277	0.129299	0.0627838
1277.5	0.127449	0.0628119
1278	0.127449	0.0628368
1278.5	0.127449	0.0628618
1279	0.127449	0.0628867
1279.5	0.127449	0.0629116
1280	0.127449	0.0629365
1280.5	0.127449	0.0629614
1281	0.127449	0.0629862
1281.5	0.127449	0.0630018
1282	0	0.0630018
1282.5	0	0.0630018
1283	0.00462026	0.0629243
1283.5	0.127449	0.0629522
1284	0.127449	0.062977
1284.5	0.127449	0.0630018
1285	0.127449	0.0630266
1285.5	0.127449	0.063042
1286	0	0.063042
1286.5	0	0.063042
1287	0	0.063042
1287.5	0	0.063042
1288	0	0.063042
1288.5	0	0.063042
1289	0	0.063042
1289.5	0	0.063042
1290	0	0.063042
1290.5	0	0.063042
1291	0	0.063042
1291.5	0.00379379	0.0627567
1292	0.12748	0.0627815
1292.5	0.127387	0.0628061
1293	0.127496	0.0628308
1293.5	0.127465	0.0628555
1294	0.127375	0.0628709
1294.5	0	0.0628709
1295	0	0.0628709
1295.5	0	0.0628709
1296	0.0251779	0.0628073
1296.5	0.127449	0.062835
1297	0.127449	0.0628596
1297.5	0.127449	0.0628842
1298	0.127449	0.0629087
1298.5	0.127449	0.0629332
1299	0.127449	0.0629578
1299.5	0.127449	0.0629823
1300	0.127449	0.0630067
1300.5	0.127449	0.0630343
1301	0.127449	0.0630587
1301.5	0.127449	0.0630831
1302	0.127449	0.0631075
1302.5	0.127449	0.0631319
1303	0.127449	0.0631563
1303.5	0.127449	0.0631806
1304	0.127449	0.063205
1304.5	0.127449	0.0632323
1305	0.127449	0.0632566
1305.5	0.127449	0.0632809
1306	0.127449	0.0633051
1306.5	0.127449	0.0633172
1307	0.0859349	0.0633299
1307.5	0	0.0633299
1308	0	0.0633299
1308.5	0	0.0633299
1309	0	0.0633299
1309.5	0	0.0633299
1310	0	0.0633299
1310.5	0	0.0633299
1311	0	0.0633299
1311.5	0.00519753	0.0631287
1312	0	0.0631287
1312.5	0	0.0631287
1313	0	0.0631287
1313.5	0	0.0631287
1314	0	0.0631287
1314.5	0	0.0631287
1315	0	0.0631287
1315.5	0	0.0631287
1316	0	0.0631287
1316.5	0	0.0631287
1317	0.00853835	0.0628997
1317.5	0.136781	0.0629255
1318	0.127495	0.0629526
1318.5	0.127344	0.0629768
1319	0.125953	0.0630006
1319.5	0.12423	0.0630182
1320	0	0.0630182
1320.5	0	0.0630182
1321	0	0.0630182
1321.5	0	0.0630182
1322	0.015224	0.0629249
1322.5	0.127449	0.0629369
1323	0	0.0629369
1323.5	0	0.0629369
1324	0	0.0629369
1324.5	0	0.0629369
1325	0.00279377	0.0628092
1325.5	0.127449	0.0628332
1326	0.12367	0.0628566
1326.5	0.127439	0.0628806
1327	0.127423	0.0629046
1327.5	0.129921	0.0629291
1328	0.120446	0.0629517
1328.5	0.135317	0.062977
1329	0.127397	0.0630009
1329.5	0.127795	0.0630099
1330	0	0.0630099
1330.5	0	0.0630099
1331	0	0.0630099
1331.5	0	0.0630099
1332	0	0.0630099
1332.5	0	0.0630099
1333	0	0.0630099
1333.5	0.0145348	0.0628526
1334	0.127449	0.0628795
1334.5	0.126141	0.0629031
1335	0.125009	0.0629265
1335.5	0.129981	0.0629508
1336	0.12879	0.0629749
1336.5	0.127449	0.0629987
1337	0.127449	0.0630225
1337.5	0.127449	0.0630433
1338	0	0.0630433
1338.5	0	0.0630433
1339	0	0.0630433
1339.5	0	0.0630433
1340	0	0.0630433
1340.5	0	0.0630433
1341	0	0.0630433
1341.5	0	0.0630433
1342	0	0.0630433
1342.5	0	0.0630433
1343	0	0.0630433
1343.5	0	0.0630433
1344	0	0.0630433
1344.5	0	0.0630433
1345	0	0.0630433
1345.5	0	0.0630433
1346	0	0.0630433
1346.5	0	0.0630433
1347	0	0.0630433
1347.5	0	0.0630433
1348	0	0.0630433
1348.5	0	0.0630433
1349	0	0.0630433
1349.5	0	0.0630433
1350	0	0.0630433
1350.5	0	0.0630433
1351	0	0.0630433
1351.5	0	0.0630433
1352	0	0.0630433
1352.5	0	0.0630433
1353	0	0.0630433
1353.5	0	0.0630433
1354	0	0.0630433
1354.5	0	0.0630433
1355	0	0.0630433
1355.5	0	0.0630433
1356	0	0.0630433
1356.5	0	0.0630433
1357	0	0.0630433
1357.5	0	0.0630433
1358	0	0.0630433
1358.5	0.00223402	0.062098
1359	0.127449	0.0621217
1359.5	0.127449	0.0621484
1360	0.127449	0.0621691
1360.5	0.119394	0.0621913
1361	0.137731	0.0621976
1361.5	0	0.0621976
1362	0	0.0621976
1362.5	0	0.0621976
1363	0	0.0621976
1363.5	0.0026726	0.0620692
1364	0	0.0620692
1364.5	0	0.0620692
1365	0	0.0620692
1365.5	0	0.0620692
1366	0	0.0620692
1366.5	0	0.0620692
1367	0	0.0620692
1367.5	0	0.0620692
1368	0	0.0620692
1368.5	0.00314118	0.0618536
1369	0.127449	0.0618773
1369.5	0.127449	0.0619009
1370	0.127449	0.0619245
1370.5	0.127449	0.0619334
1371	0	0.0619334
1371.5	0	0.0619334
1372	0.0173478	0.0618744
1372.5	0.12747	0.0618862
1373	0	0.0618862
1373.5	0	0.0618862
1374	0	0.0618862
1374.5	0	0.0618862
1375	0	0.0618862
1375.5	0	0.0618862
1376	0	0.0618862
1376.5	0	0.0618862
1377	0	0.0618862
1377.5	0.00296991	0.0616598
1378	0.127449	0.0616833
1378.5	0.125172	0.0617065
1379	0.128152	0.0617301
1379.5	0.125054	0.0617532
1380	0.127532	0.0617591
1380.5	0	0.0617591
1381	0	0.0617591
1381.5	0	0.0617591
1382	0	0.0617591
1382.5	0	0.0617591
1383	0	0.0617591
1383.5	0	0.0617591
1384	0	0.0617591
1384.5	0	0.0617591
1385	0.00145606	0.061524
1385.5	0.127449	0.0615474
1386	0.127449	0.0615709
1386.5	0.125129	0.061594
1387	0.125244	0.061617
1387.5	0.127413	0.0616404
1388	0.129878	0.0616642
1388.5	0.12783	0.0616906
1389	0.122175	0.0617102
1389.5	0.130002	0.061734
1390	0.121369	0.0617507
1390.5	0	0.0617507
1391	0	0.0617507
1391.5	0	0.0617507
1392	0	0.0617507
1392.5	0	0.0617507
1393	0	0.0617507
1393.5	0	0.0617507
1394	0.00377127	0.0615773
1394.5	0.127384	0.0616006
1395	0.127278	0.0616238
1395.5	0.127263	0.0616471
1396	0.127766	0.0616704
1396.5	0.128924	0.0616968
1397	0.127449	0.0617201
1397.5	0.127449	0.0617433
1398	0.127449	0.0617665
1398.5	0.127449	0.0617896
1399	0.125928	0.0618125
1399.5	0.124748	0.0618324
1400	0	0.0618324
1400.5	0	0.0618324
1401	0	0.0618324
1401.5	0	0.0618324
1402	0	0.0618324
1402.5	0	0.0618324
1403	0	0.0618324
1403.5	0	0.0618324
1404	0	0.0618324
1404.5	0	0.0618324
1405	0	0.0618324
1405.5	0.0103134	0.0616088
1406	0.127351	0.0616319
1406.5	0	0.0616319
1407	0	0.0616319
1407.5	0	0.0616319
1408	0.0277609	0.0615842
1408.5	0.130315	0.0616078
1409	0.127433	0.0616308
1409.5	0.127454	0.0616568
1410	0.12496	0.0616794
1410.5	0.130034	0.0617028
1411	0.127289	0.0617258
1411.5	0.111301	0.0617283
1412	0	0.0617283
1412.5	0	0.0617283
1413	0	0.0617283
1413.5	0	0.0617283
1414	0	0.0617283
1414.5	0	0.0617283
1415	0	0.0617283
1415.5	0	0.0617283
1416	0	0.0617283
1416.5	0.00868092	0.0615247
1417	0.129666	0.061551
1417.5	0.12792	0.061574
1418	0.127449	0.0615969
1418.5	0.127449	0.0616199
1419	0.127449	0.0616428
1419.5	0.127449	0.0616656
1420	0.127449	0.0616885
1420.5	0.127449	0.0617113
1421	0.127449	0.061737
1421.5	0.127449	0.0617598
1422	0.127449	0.0617826
1422.5	0.127449	0.0618054
1423	0.127449	0.0618282
1423.5	0.127449	0.0618509
1424	0.12604	0.0618734
1424.5	0.127506	0.0618962
1425	0.127444	0.0619189
1425.5	0.127467	0.0619444
1426	0.125537	0.0619667
1426.5	0.124924	0.0619862
1427	0.128085	0.0620118
1427.5	0.130294	0.0620349
1428	0.129535	0.0620578
1428.5	0.127449	0.0620804
1429	0.125526	0.0621027
1429.5	0.127421	0.062128
1430	0.12734	0.0621506
1430.5	0.12503	0.0621727
1431	0.129964	0.0621956
1431.5	0.127444	0.0622181
1432	0.122854	0.0622398
1432.5	0.132374	0.062263
1433	0.125074	0.0622851
1433.5	0.125273	0.0623071
1434	0.131867	0.0623332
1434.5	0.127423	0.0623556
1435	0.127413	0.0623779
1435.5	0.123302	0.0623969
1436	0.130887	0.0624227
1436.5	0.124998	0.0624446
1437	0.129988	0.0624673
1437.5	0.127434	0.0624896
1438	0.127481	0.0625147
1438.5	0.127351	0.062537
1439	0.128242	0.0625594
1439.5	0.127444	0.0625816
1440	0.127475	0.0626039
1440.5	0.127439	0.0626261
1441	0.117824	0.0626465
1441.5	0.137536	0.0626733
1442	0.127418	0.0626954
1442.5	0.124251	0.062717
1443	0.129653	0.0627395
1443.5	0.127496	0.0627617
1444	0.130206	0.0627701
1444.5	0	0.0627701
1445	0	0.0627701
1445.5	0	0.0627701
1446	0	0.0627701
1446.5	0.00838854	0.0626644
1447	0.122863	0.0626857
1447.5	0.125179	0.0627074
1448	0.14603	0.0627105
1448.5	0	0.0627105
1449	0	0.0627105
1449.5	0	0.0627105
1450	0	0.0627105
1450.5	0	0.0627105
1451	0	0.0627105
1451.5	0	0.0627105
1452	0	0.0627105
1452.5	0	0.0627105
1453	0	0.0627105
1453.5	0	0.0627105
1454	0	0.0627105
1454.5	0	0.0627105
1455	0	0.0627105
1455.5	0	0.0627105
1456	0.00556569	0.0623779
1456.5	0.127542	0.0623999
1457	0.127325	0.0624219
1457.5	0.126978	0.0624439
1458	0.127516	0.0624659
1458.5	0.127398	0.0624906
1459	0.125177	0.0625122
1459.5	0.127366	0.0625341
1460	0.122267	0.0625526
1460.5	0.127481	0.0625772
1461	0.132299	0.0625999
1461.5	0.127356	0.0626218
1462	0.127568	0.0626437
1462.5	0.12282	0.0626648
1463	0.131798	0.0626901
1463.5	0.12752	0.0627093
1464	0	0.0627093
1464.5	0	0.0627093
1465	0	0.0627093
1465.5	0	0.0627093
1466	0	0.0627093
1466.5	0	0.0627093
1467	0	0.0627093
1467.5	0	0.0627093
1468	0	0.0627093
1468.5	0	0.0627093
1469	0	0.0627093
1469.5	0.00911755	0.0624891
1470	0.127465	0.0625109
1470.5	0.125059	0.0625323
1471	0.134277	0.0625409
1471.5	0	0.0625409
1472	0	0.0625409
1472.5	0	0.0625409
1473	0	0.0625409
1473.5	0	0.0625409
1474	0	0.0625409
1474.5	0	0.0625409
1475	0.00191628	0.0623723
1475.5	0	0.0623723
1476	0	0.0623723
1476.5	0	0.0623723
1477	0	0.0623723
1477.5	0	0.0623723
1478	0	0.0623723
1478.5	0	0.0623723
1479	0	0.0623723
1479.5	0	0.0623723
1480	0	0.0623723
1480.5	0	0.0623723
1481	0.00377526	0.0621251
1481.5	0.127343	0.0621495
1482	0.12747	0.0621713
1482.5	0.127727	0.0621931
1483	0.127439	0.0622039
1483.5	0	0.0622039
1484	0	0.0622039
1484.5	0	0.0622039
1485	0	0.0622039
1485.5	0.00288597	0.0620951
1486	0.127377	0.0621168
1486.5	0.127535	0.0621412
1487	0.127449	0.0621629
1487.5	0.128416	0.0621847
1488	0.127449	0.0622064
1488.5	0.125709	0.0622277
1489	0.127371	0.0622493
1489.5	0.12749	0.0622709
1490	0.127392	0.0622925
1490.5	0.12553	0.0623138
1491	0.129452	0.0623384
1491.5	0.127795	0.0623465
1492	0	0.0623465
1492.5	0	0.0623465
1493	0.030201	0.0623072
1493.5	0.127449	0.0623288
1494	0.127449	0.0623503
1494.5	0.127449	0.062353
1495	0	0.062353
1495.5	0	0.062353
1496	0	0.062353
1496.5	0	0.062353
1497	0	0.062353
1497.5	0	0.062353
1498	0	0.062353
1498.5	0.00884367	0.0621942
1499	0.127449	0.0622157
1499.5	0.127449	0.0622372
1500	0.127449	0.0622586
1500.5	0.127449	0.0622801
1501	0.127449	0.0623042
1501.5	0.127449	0.0623256
1502	0.127449	0.062347
1502.5	0.127449	0.0623684
1503	0.12706	0.0623897
1503.5	0.127418	0.062411
1504	0.127434	0.0624324
1504.5	0.127465	0.0624537
1505	0.127454	0.0624777
1505.5	0.127402	0.062499
1506	0.127465	0.0625202
1506.5	0.127898	0.0625416
1507	0.127449	0.0625628
1507.5	0.127449	0.0625841
1508	0.127449	0.0626053
1508.5	0.127449	0.0626265
1509	0.125586	0.0626474
1509.5	0.127509	0.0626712
1510	0.127563	0.0626818
1510.5	0	0.0626818
1511	0	0.0626818
1511.5	0	0.0626818
1512	0	0.0626818
1512.5	0	0.0626818
1513	0	0.0626818
1513.5	0	0.0626818
1514	0	0.0626818
1514.5	0.00329848	0.0624949
1515	0.127449	0.0625161
1515.5	0.127449	0.0625372
1516	0.127449	0.0625584
1516.5	0.127449	0.0625795
1517	0.127449	0.0626006
1517.5	0.127449	0.0626217
1518	0.127449	0.0626428
1518.5	0.127449	0.0626664
1519	0.127449	0.0626875
1519.5	0.127449	0.0627085
1520	0.127449	0.0627295
1520.5	0.127449	0.0627505
1521	0.127449	0.0627715
1521.5	0.127449	0.0627925
1522	0.127449	0.0628135
1522.5	0.127449	0.0628213
1523	0	0.0628213
1523.5	0	0.0628213
1524	0	0.0628213
1524.5	0	0.0628213
1525	0	0.0628213
1525.5	0	0.0628213
1526	0.00616653	0.0626793
1526.5	0.127449	0.0627029
1527	0.127449	0.0627238
1527.5	0.125156	0.0627444
1528	0.129568	0.0627656
1528.5	0.120658	0.0627779
1529	0	0.0627779
1529.5	0	0.0627779
1530	0	0.0627779
1530.5	0	0.0627779
1531	0	0.0627779
1531.5	0	0.0627779
1532	0.0149257	0.0626628
1532.5	0.154347	0.0626841
1533	0.129172	0.0627131
1533.5	0.131587	0.0627346
1534	0.129544	0.0627557
1534.5	0.127449	0.0627765
1535	0.127449	0.0627895
1535.5	0	0.0627895
1536	0	0.0627895
1536.5	0	0.0627895
1537	0	0.0627895
1537.5	0	0.0627895
1538	0	0.0627895
1538.5	0	0.0627895
1539	0	0.0627895
1539.5	0	0.0627895
1540	0	0.0627895
1540.5	0	0.0627895
1541	0	0.0627895
1541.5	0	0.0627895
1542	0	0.0627895
1542.5	0	0.0627895
1543	0	0.0627895
1543.5	0	0.0627895
1544	0	0.0627895
1544.5	0	0.0627895
1545	0	0.0627895
1545.5	0	0.0627895
1546	0	0.0627895
1546.5	0.00467784	0.0623475
1547	0.127485	0.0623683
1547.5	0.127366	0.062389
1548	0.126278	0.0624096
1548.5	0.129463	0.0624306
1549	0.1267	0.0624512
1549.5	0.128207	0.062472
1550	0.127449	0.0624927
1550.5	0.127449	0.0624953
1551	0	0.0624953
1551.5	0	0.0624953
1552	0	0.0624953
1552.5	0	0.0624953
1553	0	0.0624953
1553.5	0	0.0624953
1554	0	0.0624953
1554.5	0.00700985	0.0623352
1555	0.125941	0.0623556
1555.5	0.128994	0.0623765
1556	0.119701	0.0623959
1556.5	0.124751	0.0624161
1557	0.127087	0.0624366
1557.5	0.131374	0.0624525
1558	0.096298	0.0624667
1558.5	0.171418	0.0625019
1559	0.126818	0.0625224
1559.5	0.142688	0.0625252
1560	0	0.0625252
1560.5	0	0.0625252
1561	0	0.0625252
1561.5	0	0.0625252
1562	0	0.0625252
1562.5	0	0.0625252
1563	0	0.0625252
1563.5	0.00880354	0.0623718
1564	0.127449	0.0623924
1564.5	0.127449	0.0624129
1565	0.127449	0.0624334
1565.5	0.127449	0.0624539
1566	0.126212	0.0624742
1566.5	0.127592	0.0624947
1567	0.128565	0.0625153
1567.5	0.127449	0.0625383
1568	0.127449	0.0625587
1568.5	0.127449	0.0625791
1569	0	0.0625791
1569.5	0	0.0625791
1570	0	0.0625791
1570.5	0	0.0625791
1571	0.0124869	0.0624988
1571.5	0.127449	0.0625192
1572	0.127449	0.0625396
1572.5	0.127449	0.06256
1573	0.127449	0.0625803
1573.5	0.127449	0.0626007
1574	0.127449	0.062621
1574.5	0.127449	0.0626413
1575	0.127449	0.0626616
1575.5	0.126044	0.0626842
1576	0.127465	0.0627045
1576.5	0.127201	0.0627121
1577	0.0381637	0.0626992
1577.5	0.127253	0.0627093
1578	0	0.0627093
1578.5	0	0.0627093
1579	0	0.0627093
1579.5	0	0.0627093
1580	0	0.0627093
1580.5	0.00242134	0.0625855
1581	0.128642	0.0626059
1581.5	0.125134	0.0626258
1582	0.129776	0.0626464
1582.5	0.125739	0.0626663
1583	0.129602	0.0626894
1583.5	0.127449	0.0627096
1584	0.127449	0.0627297
1584.5	0.127449	0.0627499
1585	0.0492793	0.0627458
1585.5	0.127449	0.062766
1586	0.127045	0.0627885
1586.5	0.127402	0.0628086
1587	0.109566	0.0628234
1587.5	0.128256	0.0628436
1588	0.129892	0.0628641
1588.5	0.125067	0.0628838
1589	0.12986	0.0629042
1589.5	0.128529	0.0629269
1590	0.127449	0.0629469
1590.5	0.127449	0.0629669
1591	0.127449	0.0629869
1591.5	0.127449	0.0630069
1592	0.127449	0.0630269
1592.5	0.127449	0.0630468
1593	0.127449	0.0630668
1593.5	0.127449	0.0630892
1594	0.127449	0.0631091
1594.5	0.127449	0.063129
1595	0.127449	0.0631489
1595.5	0.127449	0.0631688
1596	0.127449	0.0631887
1596.5	0.127449	0.0632086
1597	0.127449	0.0632284
1597.5	0.125944	0.063248
1598	0.127587	0.0632629
1598.5	0	0.0632629
1599	0	0.0632629
1599.5	0	0.0632629
1600	0	0.0632629
