8.5	0.00092663	0.413867
9	0.129884	0.140604
9.5	0.127449	0.134091
10	0.127449	0.132521
10.5	0	0.132521
11	0	0.132521
11.5	0	0.132521
12	0	0.132521
12.5	0	0.132521
13	0	0.132521
13.5	0	0.132521
14	0	0.132521
14.5	0	0.132521
15	0	0.132521
15.5	0	0.132521
16	0	0.132521
16.5	0	0.132521
17	0	0.132521
17.5	0	0.132521
18	0	0.132521
18.5	0	0.132521
19	0	0.132521
19.5	0	0.132521
20	0	0.132521
20.5	0	0.132521
21	0	0.132521
21.5	0	0.132521
22	0	0.132521
22.5	0	0.132521
23	0	0.132521
23.5	0	0.132521
24	0	0.132521
24.5	0	0.132521
25	0.00209693	0.0125388
25.5	0	0.0125388
26	0	0.0125388
26.5	0	0.0125388
27	0.0138754	0.012702
27.5	0	0.012702
28	0	0.012702
28.5	0.0320074	0.0141215
29	0.127475	0.016845
29.5	0	0.016845
30	0	0.016845
30.5	0	0.016845
31	0.015612	0.0167348
31.5	0.127449	0.0182287
32	0	0.0182287
32.5	0.00899039	0.0178883
33	0	0.0178883
33.5	0	0.0178883
34	0	0.0178883
34.5	0	0.0178883
35	0	0.0178883
35.5	0	0.0178883
36	0	0.0178883
36.5	0.00896532	0.0164969
37	0.127454	0.0184106
37.5	0.125124	0.0202531
38	0.0306993	0.0204337
38.5	0.127366	0.0221869
39	0.127589	0.0238841
39.5	0.125731	0.0255216
40	0.129172	0.0271187
40.5	0.122566	0.028644
41	0.123566	0.030125
41.5	0.131557	0.0315901
42	0.12997	0.0330077
42.5	0.129532	0.0345525
43	0.124431	0.0358642
43.5	0.129943	0.0371608
44	0.124355	0.0380925
44.5	0	0.0380925
45	0	0.0380925
45.5	0	0.0380925
46	0	0.0380925
46.5	0	0.0380925
47	0	0.0380925
47.5	0	0.0380925
48	0	0.0380925
48.5	0	0.0380925
49	0	0.0380925
49.5	0	0.0380925
50	0	0.0380925
50.5	0	0.0380925
51	0	0.0380925
51.5	0	0.0380925
52	0	0.0380925
52.5	0	0.0380925
53	0	0.0380925
53.5	0	0.0380925
54	0	0.0380925
54.5	0	0.0380925
55	0	0.0380925
55.5	0	0.0380925
56	0	0.0380925
56.5	0	0.0380925
57	0	0.0380925
57.5	0.00287872	0.02831
58	0.130088	0.0293013
58.5	0.126823	0.030266
59	0.127346	0.0312131
59.5	0.127496	0.0321422
60	0.127601	0.0328276
60.5	0	0.0328276
61	0	0.0328276
61.5	0	0.0328276
62	0	0.0328276
62.5	0	0.0328276
63	0	0.0328276
63.5	0	0.0328276
64	0	0.0328276
64.5	0.00167431	0.030224
65	0.127449	0.0310705
65.5	0.127449	0.0319024
66	0.127449	0.0327201
66.5	0.127449	0.0335239
67	0.127449	0.0343141
67.5	0.127449	0.0350912
68	0.127449	0.0355703
68.5	0	0.0355703
69	0	0.0355703
69.5	0	0.0355703
70	0	0.0355703
70.5	0	0.0355703
71	0	0.0355703
71.5	0	0.0355703
72	0	0.0355703
72.5	0	0.0355703
73	0	0.0355703
73.5	0	0.0355703
74	0	0.0355703
74.5	0	0.0355703
75	0	0.0355703
75.5	0	0.0355703
76	0	0.0355703
76.5	0	0.0355703
77	0	0.0355703
77.5	0	0.0355703
78	0	0.0355703
78.5	0	0.0355703
79	0	0.0355703
79.5	0	0.0355703
80	0	0.0355703
80.5	0	0.0355703
81	0	0.0355703
81.5	0	0.0355703
82	0	0.0355703
82.5	0	0.0355703
83	0	0.0355703
83.5	0	0.0355703
84	0	0.0355703
84.5	0	0.0355703
85	0.00318741	0.0282827
85.5	0.127449	0.0289165
86	0.127449	0.0295422
86.5	0.127449	0.03016
87	0.127449	0.0307701
87.5	0.116065	0.0313535
88	0.136411	0.0319612
88.5	0.131227	0.0326283
89	0.127449	0.0332079
89.5	0.127449	0.0337805
90	0.0449826	0.0338523
90.5	0.127449	0.034414
91	0.127449	0.0349689
91.5	0.127449	0.0353808
92	0	0.0353808
92.5	0	0.0353808
93	0	0.0353808
93.5	0	0.0353808
94	0	0.0353808
94.5	0	0.0353808
95	0	0.0353808
95.5	0	0.0353808
96	0	0.0353808
96.5	0	0.0353808
97	0	0.0353808
97.5	0	0.0353808
98	0.00593437	0.033207
98.5	0.125019	0.0337189
99	0.129975	0.0342323
99.5	0.127394	0.0347992
100	0.127496	0.0352975
100.5	0.125099	0.0357869
101	0.15045	0.0358518
101.5	0	0.0358518
102	0	0.0358518
102.5	0	0.0358518
103	0	0.0358518
103.5	0	0.0358518
104	0	0.0358518
104.5	0	0.0358518
105	0	0.0358518
105.5	0	0.0358518
106	0	0.0358518
106.5	0	0.0358518
107	0	0.0358518
107.5	0	0.0358518
108	0	0.0358518
108.5	0	0.0358518
109	0	0.0358518
109.5	0	0.0358518
110	0	0.0358518
110.5	0	0.0358518
111	0	0.0358518
111.5	0	0.0358518
112	0	0.0358518
112.5	0	0.0358518
113	0	0.0358518
113.5	0	0.0358518
114	0.00116611	0.0314314
114.5	0.127449	0.0318771
115	0.12356	0.0322597
115.5	0.130365	0.032756
116	0.124781	0.0331863
116.5	0.128503	0.0336172
117	0.127408	0.0340428
117.5	0.127522	0.0344648
118	0.127387	0.0348828
118.5	0.127504	0.0353487
119	0.127931	0.0357595
119.5	0.127496	0.0361661
120	0.12585	0.036567
120.5	0.129943	0.0369695
121	0.126722	0.037118
121.5	0	0.037118
122	0	0.037118
122.5	0.00424289	0.0365852
123	0.130504	0.0369794
123.5	0.12125	0.0373585
124	0.134312	0.0377017
124.5	0.127585	0.0381304
125	0.128117	0.0385087
125.5	0.127449	0.0389295
126	0.127449	0.0393003
126.5	0.116806	0.0396089
127	0.132382	0.0400262
127.5	0.132457	0.0403941
128	0.126242	0.0407511
128.5	0.12868	0.0411083
129	0.127449	0.0414611
129.5	0.127449	0.0418545
130	0.127449	0.042158
130.5	0	0.042158
131	0	0.042158
131.5	0	0.042158
132	0	0.042158
132.5	0	0.042158
133	0	0.042158
133.5	0	0.042158
134	0	0.042158
134.5	0	0.042158
135	0.0125408	0.0409865
135.5	0.120041	0.0413118
136	0.140235	0.0416158
136.5	0.0684153	0.0417119
137	0	0.0417119
137.5	0	0.0417119
138	0	0.0417119
138.5	0.0107322	0.0411897
139	0.129868	0.0415179
139.5	0.125695	0.0418386
140	0.130379	0.0421626
140.5	0.127449	0.0424806
141	0.127449	0.0427963
141.5	0.127449	0.0431487
142	0.127449	0.0431877
142.5	0.020668	0.04306
143	0	0.04306
143.5	0.0550547	0.0431613
144	0.127547	0.0434676
144.5	0.127796	0.0437721
145	0.127518	0.0441116
145.5	0.127382	0.0444108
146	0.127109	0.0447077
146.5	0.128425	0.045004
147	0.127449	0.045297
147.5	0.125892	0.0453694
148	0	0.0453694
148.5	0	0.0453694
149	0	0.0453694
149.5	0	0.0453694
150	0.00271595	0.0444991
150.5	0.127449	0.0447867
151	0.127449	0.044894
151.5	0	0.044894
152	0	0.044894
152.5	0	0.044894
153	0	0.044894
153.5	0	0.044894
154	0	0.044894
154.5	0.0103179	0.0439939
155	0.127439	0.0442744
155.5	0.127403	0.0445876
156	0.127421	0.0446915
156.5	0	0.0446915
157	0	0.0446915
157.5	0	0.0446915
158	0	0.0446915
158.5	0	0.0446915
159	0	0.0446915
159.5	0	0.0446915
160	0	0.0446915
160.5	0.0081968	0.043543
161	0.127455	0.0438138
161.5	0.127449	0.0440829
162	0.127449	0.0443503
162.5	0.124842	0.044613
163	0.0797626	0.0447248
163.5	0.12738	0.0450203
164	0.128363	0.0452822
164.5	0.127485	0.0455415
165	0.127496	0.0457991
165.5	0.128455	0.0460563
166	0.127449	0.0463107
166.5	0.127449	0.0465635
167	0.127449	0.0468461
167.5	0.127449	0.0470956
168	0.127449	0.0473436
168.5	0.127449	0.04759
169	0.127449	0.0478349
169.5	0.127449	0.0480784
170	0.127449	0.0483203
170.5	0.127449	0.0485608
171	0.127449	0.0485907
171.5	0.0572098	0.0486415
172	0.127408	0.0488787
172.5	0.12748	0.0491146
173	0.127986	0.049379
173.5	0.127449	0.0496118
174	0.127449	0.0496408
174.5	0	0.0496408
175	0	0.0496408
175.5	0	0.0496408
176	0	0.0496408
176.5	0	0.0496408
177	0	0.0496408
177.5	0	0.0496408
178	0	0.0496408
178.5	0	0.0496408
179	0	0.0496408
179.5	0	0.0496408
180	0	0.0496408
180.5	0	0.0496408
181	0	0.0496408
181.5	0.00494052	0.0475904
182	0.127449	0.047817
182.5	0.127449	0.0478734
183	0	0.0478734
183.5	0	0.0478734
184	0	0.0478734
184.5	0	0.0478734
185	0	0.0478734
185.5	0	0.0478734
186	0	0.0478734
186.5	0	0.0478734
187	0	0.0478734
187.5	0	0.0478734
188	0	0.0478734
188.5	0	0.0478734
189	0	0.0478734
189.5	0	0.0478734
190	0	0.0478734
190.5	0	0.0478734
191	0	0.0478734
191.5	0	0.0478734
192	0	0.0478734
192.5	0	0.0478734
193	0.00144463	0.0451412
193.5	0.127449	0.0453603
194	0.127449	0.0455781
194.5	0.127449	0.0458218
195	0.127449	0.0460373
195.5	0.127449	0.0462515
196	0.127449	0.0464647
196.5	0.127449	0.0465974
197	0	0.0465974
197.5	0	0.0465974
198	0	0.0465974
198.5	0	0.0465974
199	0	0.0465974
199.5	0	0.0465974
200	0	0.0465974
200.5	0	0.0465974
201	0	0.0465974
201.5	0	0.0465974
202	0	0.0465974
202.5	0.00764639	0.0453617
203	0.105206	0.0455222
203.5	0.153815	0.0457771
204	0.128141	0.0460092
204.5	0.127615	0.0462138
205	0.127408	0.0464173
205.5	0.127335	0.0466197
206	0.12747	0.0468212
206.5	0.127435	0.0470467
207	0.127568	0.0472462
207.5	0.127419	0.0474198
208	0.127339	0.0476418
208.5	0.127418	0.0478382
209	0.12749	0.0480337
209.5	0.128883	0.0482295
210	0.12749	0.0484473
210.5	0.127449	0.0486398
211	0.127402	0.0488313
211.5	0.127418	0.0490219
212	0.12826	0.0492124
212.5	0.127449	0.0494012
213	0.127449	0.0495891
213.5	0.127449	0.049776
214	0.127449	0.0499853
214.5	0.127449	0.0501704
215	0.127449	0.0503546
215.5	0.127449	0.050538
216	0.124566	0.0507176
216.5	0.123022	0.0508949
217	0.134328	0.0510818
217.5	0.126853	0.0512611
218	0.127333	0.0514624
218.5	0.122002	0.0516135
219	0.132832	0.0518185
219.5	0.119681	0.0519661
220	0.114307	0.0521278
220.5	0.139425	0.05229
221	0.126596	0.052485
221.5	0.0704794	0.052532
222	0.101192	0.052638
222.5	0.116554	0.0527987
223	0.105082	0.0529079
223.5	0.147983	0.0531422
224	0.159518	0.0533849
224.5	0.127434	0.0535537
225	0.127444	0.0537217
225.5	0.127594	0.0538891
226	0.127412	0.0540763
226.5	0.12749	0.054242
227	0.127428	0.0544069
227.5	0.12747	0.0545711
228	0.127402	0.0547345
228.5	0.127546	0.0547956
229	0	0.0547956
229.5	0	0.0547956
230	0	0.0547956
230.5	0	0.0547956
231	0	0.0547956
231.5	0	0.0547956
232	0	0.0547956
232.5	0	0.0547956
233	0	0.0547956
233.5	0	0.0547956
234	0	0.0547956
234.5	0	0.0547956
235	0	0.0547956
235.5	0	0.0547956
236	0	0.0547956
236.5	0	0.0547956
237	0	0.0547956
237.5	0	0.0547956
238	0	0.0547956
238.5	0	0.0547956
239	0	0.0547956
239.5	0	0.0547956
240	0	0.0547956
240.5	0	0.0547956
241	0	0.0547956
241.5	0	0.0547956
242	0	0.0547956
242.5	0	0.0547956
243	0.00211618	0.0514657
243.5	0.127449	0.0516249
244	0.127449	0.0517834
244.5	0.127449	0.0519412
245	0.127449	0.0520199
245.5	0	0.0520199
246	0	0.0520199
246.5	0	0.0520199
247	0	0.0520199
247.5	0	0.0520199
248	0	0.0520199
248.5	0	0.0520199
249	0	0.0520199
249.5	0	0.0520199
250	0	0.0520199
250.5	0	0.0520199
251	0	0.0520199
251.5	0	0.0520199
252	0	0.0520199
252.5	0	0.0520199
253	0	0.0520199
253.5	0	0.0520199
254	0	0.0520199
254.5	0	0.0520199
255	0	0.0520199
255.5	0	0.0520199
256	0	0.0520199
256.5	0	0.0520199
257	0	0.0520199
257.5	0	0.0520199
258	0	0.0520199
258.5	0	0.0520199
259	0	0.0520199
259.5	0	0.0520199
260	0.00258016	0.0490316
260.5	0	0.0490316
261	0	0.0490316
261.5	0	0.0490316
262	0	0.0490316
262.5	0	0.0490316
263	0	0.0490316
263.5	0	0.0490316
264	0	0.0490316
264.5	0	0.0490316
265	0	0.0490316
265.5	0	0.0490316
266	0	0.0490316
266.5	0	0.0490316
267	0	0.0490316
267.5	0.00104069	0.0476351
268	0.128821	0.0478065
268.5	0	0.0478065
269	0.0474697	0.0478053
269.5	0.127449	0.0479555
270	0.127449	0.0481051
270.5	0.127449	0.0482542
271	0.127449	0.0484027
271.5	0.127449	0.0485692
272	0.127449	0.0487165
272.5	0.127449	0.0488633
273	0.127449	0.0488816
273.5	0	0.0488816
274	0	0.0488816
274.5	0	0.0488816
275	0	0.0488816
275.5	0	0.0488816
276	0.00230914	0.0482903
276.5	0.127449	0.0484538
277	0.127449	0.0485986
277.5	0.127449	0.0487429
278	0.127449	0.0488508
278.5	0	0.0488508
279	0.0409082	0.048817
279.5	0.127422	0.0489598
280	0.128959	0.0490316
280.5	0	0.0490316
281	0	0.0490316
281.5	0	0.0490316
282	0.0210864	0.0488036
282.5	0.127449	0.0488743
283	0.0750885	0.0489441
283.5	0.127403	0.0491021
284	0.125139	0.0492405
284.5	0.123428	0.0493601
285	0.130294	0.0495186
285.5	0.131469	0.0496246
286	0	0.0496246
286.5	0	0.0496246
287	0.0288918	0.0495033
287.5	0.127449	0.0496408
288	0.127449	0.0497779
288.5	0.124513	0.0498788
289	0.0251373	0.0498238
289.5	0.127449	0.0499598
290	0.125989	0.0500943
290.5	0.127439	0.0502293
291	0.128785	0.0503817
291.5	0.127449	0.0505157
292	0	0.0505157
292.5	0.0231967	0.0504182
293	0.127449	0.0505515
293.5	0.127449	0.0506013
294	0	0.0506013
294.5	0	0.0506013
295	0	0.0506013
295.5	0	0.0506013
296	0	0.0506013
296.5	0	0.0506013
297	0	0.0506013
297.5	0	0.0506013
298	0	0.0506013
298.5	0	0.0506013
299	0	0.0506013
299.5	0	0.0506013
300	0	0.0506013
300.5	0	0.0506013
301	0	0.0506013
301.5	0	0.0506013
302	0.00534875	0.0492449
302.5	0.127459	0.0493759
303	0.127428	0.0495064
303.5	0.127475	0.0496365
304	0.127506	0.0497662
304.5	0.127362	0.0499114
305	0.127568	0.0500402
305.5	0.12732	0.0501684
306	0.127547	0.0502964
306.5	0.127437	0.0504079
307	0	0.0504079
307.5	0	0.0504079
308	0	0.0504079
308.5	0	0.0504079
309	0	0.0504079
309.5	0	0.0504079
310	0	0.0504079
310.5	0	0.0504079
311	0.0120791	0.049832
311.5	0.127449	0.0499581
312	0.127449	0.0500995
312.5	0.125642	0.0502236
313	0.127366	0.0502704
313.5	0	0.0502704
314	0	0.0502704
314.5	0	0.0502704
315	0.0169687	0.0500194
315.5	0.125134	0.050142
316	0.137889	0.050207
316.5	0	0.050207
317	0	0.050207
317.5	0	0.050207
318	0	0.050207
318.5	0	0.050207
319	0	0.050207
319.5	0	0.050207
320	0	0.050207
320.5	0	0.050207
321	0	0.050207
321.5	0	0.050207
322	0	0.050207
322.5	0	0.050207
323	0.00647832	0.0491971
323.5	0.126336	0.0493187
324	0.127392	0.0494406
324.5	0.127537	0.0495622
325	0.128299	0.0496839
325.5	0.127201	0.0498045
326	0.127569	0.04994
326.5	0.127516	0.05006
327	0.128308	0.0501801
327.5	0.124285	0.0502974
328	0.130849	0.0504183
328.5	0.123079	0.050534
329	0.129959	0.0506537
329.5	0.125054	0.0507699
330	0.127465	0.0508874
330.5	0.131698	0.0510219
331	0.127449	0.0511385
331.5	0.127449	0.0512548
332	0.127449	0.0513708
332.5	0.127449	0.0514864
333	0.127449	0.0516016
333.5	0.127449	0.0517165
334	0.127449	0.0518453
334.5	0.127449	0.051931
335	0	0.051931
335.5	0	0.051931
336	0	0.051931
336.5	0.0260282	0.0517644
337	0.128516	0.0518785
337.5	0.127449	0.0519351
338	0	0.0519351
338.5	0	0.0519351
339	0	0.0519351
339.5	0	0.0519351
340	0	0.0519351
340.5	0	0.0519351
341	0.0103696	0.0514624
341.5	0.127449	0.0515747
342	0.127449	0.0516867
342.5	0.127449	0.0517984
343	0.127449	0.0519097
343.5	0.127449	0.0520207
344	0.127051	0.0521312
344.5	0.127532	0.0522554
345	0.127434	0.0523653
345.5	0.127366	0.052475
346	0.125831	0.0525698
346.5	0.124433	0.0526904
347	0.122629	0.0527829
347.5	0.10001	0.0528594
348	0.170594	0.0530188
348.5	0.122588	0.0531235
349	0.131405	0.0532333
349.5	0.127124	0.0533536
350	0.12588	0.0534595
350.5	0.129835	0.0535674
351	0.127309	0.0536735
351.5	0.127558	0.0537794
352	0.12844	0.0538724
352.5	0	0.0538724
353	0	0.0538724
353.5	0	0.0538724
354	0	0.0538724
354.5	0	0.0538724
355	0	0.0538724
355.5	0	0.0538724
356	0	0.0538724
356.5	0	0.0538724
357	0.00153315	0.0531042
357.5	0.127449	0.0532091
358	0.127449	0.0532614
358.5	0	0.0532614
359	0	0.0532614
359.5	0.0104025	0.0530771
360	0	0.0530771
360.5	0	0.0530771
361	0	0.0530771
361.5	0	0.0530771
362	0	0.0530771
362.5	0	0.0530771
363	0	0.0530771
363.5	0	0.0530771
364	0	0.0530771
364.5	0	0.0530771
365	0.00818365	0.0523531
365.5	0.127449	0.0524567
366	0.127449	0.0525341
366.5	0	0.0525341
367	0	0.0525341
367.5	0	0.0525341
368	0	0.0525341
368.5	0	0.0525341
369	0	0.0525341
369.5	0	0.0525341
370	0.00381806	0.0519805
370.5	0.127558	0.0520832
371	0.127698	0.0521345
371.5	0	0.0521345
372	0	0.0521345
372.5	0	0.0521345
373	0.0207999	0.05194
373.5	0.127449	0.0520418
374	0.127449	0.0521434
374.5	0.127449	0.0522447
375	0.127449	0.0523583
375.5	0.127449	0.0524591
376	0.127449	0.0525595
376.5	0.127449	0.0526597
377	0.127449	0.0527596
377.5	0.127449	0.0528344
378	0	0.0528344
378.5	0	0.0528344
379	0	0.0528344
379.5	0	0.0528344
380	0	0.0528344
380.5	0	0.0528344
381	0	0.0528344
381.5	0	0.0528344
382	0	0.0528344
382.5	0	0.0528344
383	0	0.0528344
383.5	0	0.0528344
384	0	0.0528344
384.5	0	0.0528344
385	0	0.0528344
385.5	0	0.0528344
386	0	0.0528344
386.5	0.00602779	0.0517065
387	0.127417	0.0518173
387.5	0.129905	0.0519168
388	0.127665	0.0520149
388.5	0.127449	0.0521127
389	0.126453	0.0522096
389.5	0.125623	0.0523058
390	0.129286	0.0524038
390.5	0.127467	0.0525126
391	0.127501	0.052609
391.5	0.127993	0.0527055
392	0.126838	0.0528011
392.5	0.12748	0.0528968
393	0.127351	0.0529922
393.5	0.127527	0.0530875
394	0.127501	0.0531825
394.5	0.127366	0.053289
395	0.127542	0.0533835
395.5	0.127315	0.0534776
396	0.127496	0.0535716
396.5	0.128529	0.0536659
397	0.127449	0.0537594
397.5	0.127449	0.0538527
398	0.127449	0.0539573
398.5	0.127449	0.0540501
399	0.125883	0.0541417
399.5	0.128456	0.0542346
400	0.127309	0.0543266
400.5	0.127522	0.0544184
401	0.127465	0.05451
401.5	0.127418	0.0546014
402	0.128047	0.0547043
402.5	0.127449	0.0547951
403	0.127449	0.0548858
403.5	0.127449	0.0549762
404	0.127449	0.0550664
404.5	0.127449	0.0551002
405	0	0.0551002
405.5	0	0.0551002
406	0	0.0551002
406.5	0	0.0551002
407	0.0165749	0.0548258
407.5	0.127653	0.0549155
408	0.127594	0.0549602
408.5	0	0.0549602
409	0	0.0549602
409.5	0	0.0549602
410	0	0.0549602
410.5	0	0.0549602
411	0	0.0549602
411.5	0.00420242	0.0544901
412	0.127449	0.0545791
412.5	0.126648	0.0546675
413	0.127631	0.0547562
413.5	0.12721	0.0548555
414	0.12835	0.054944
414.5	0.0172168	0.0549017
415	0.127467	0.0550006
415.5	0.127558	0.0550882
416	0.127304	0.0551756
416.5	0.127496	0.0552628
417	0.127444	0.0553498
417.5	0.127558	0.0554366
418	0.127434	0.0555232
418.5	0.125094	0.0556083
419	0.129878	0.0556957
419.5	0.127444	0.0557924
420	0.125059	0.0558768
420.5	0.127423	0.0559623
421	0.129997	0.056049
421.5	0.125014	0.0561328
422	0.129873	0.0562189
422.5	0.12748	0.0563036
423	0.12404	0.0563863
423.5	0.13121	0.0564725
424	0.126717	0.0565667
424.5	0.127428	0.0566506
425	0.127361	0.0567342
425.5	0.127382	0.0568176
426	0.125204	0.0568997
426.5	0.127437	0.0569828
427	0.129896	0.057067
427.5	0.121013	0.0571362
428	0.13238	0.0572319
428.5	0.128107	0.0573248
429	0.125033	0.0574056
429.5	0.127408	0.0574875
430	0.122913	0.0575667
430.5	0.126917	0.057648
431	0.117107	0.0576763
431.5	0	0.0576763
432	0	0.0576763
432.5	0.00431783	0.0574477
433	0.127449	0.0575289
433.5	0.127449	0.0576099
434	0.127449	0.0576907
434.5	0.127449	0.0577713
435	0.127449	0.0578517
435.5	0.127449	0.0578718
436	0	0.0578718
436.5	0	0.0578718
437	0	0.0578718
437.5	0	0.0578718
438	0	0.0578718
438.5	0	0.0578718
439	0	0.0578718
439.5	0	0.0578718
440	0.00479351	0.0572681
440.5	0.129932	0.0573493
441	0.125089	0.0574278
441.5	0.129916	0.0575087
442	0.127371	0.0575881
442.5	0.125194	0.0576661
443	0.129528	0.0577563
443.5	0.12748	0.0578351
444	0.126852	0.0579135
444.5	0.127351	0.057992
445	0.127568	0.0580704
445.5	0.127413	0.0581485
446	0.127077	0.0581583
446.5	0	0.0581583
447	0	0.0581583
447.5	0	0.0581583
448	0	0.0581583
448.5	0.0106996	0.057842
449	0.127449	0.0579198
449.5	0.127449	0.0579877
450	0	0.0579877
450.5	0	0.0579877
451	0	0.0579877
451.5	0	0.0579877
452	0	0.0579877
452.5	0	0.0579877
453	0	0.0579877
453.5	0	0.0579877
454	0.0102233	0.0574942
454.5	0.127449	0.0575715
455	0.127449	0.0576485
455.5	0.127449	0.0577254
456	0.127449	0.0577542
456.5	0	0.0577542
457	0	0.0577542
457.5	0	0.0577542
458	0.00334249	0.0574701
458.5	0.111919	0.0575295
459	0.14283	0.0576127
459.5	0.107239	0.0576771
460	0.155372	0.0577754
460.5	0.127449	0.0578512
461	0	0.0578512
461.5	0	0.0578512
462	0	0.0578512
462.5	0	0.0578512
463	0	0.0578512
463.5	0	0.0578512
464	0	0.0578512
464.5	0	0.0578512
465	0	0.0578512
465.5	0	0.0578512
466	0.00712152	0.0572407
466.5	0.127449	0.0573161
467	0.127449	0.0574008
467.5	0.127449	0.057476
468	0.127449	0.0575509
468.5	0.127449	0.0576257
469	0.127449	0.0577004
469.5	0.127449	0.0577748
470	0.127449	0.0578492
470.5	0.124032	0.0578764
471	0.0776135	0.0579109
471.5	0.127449	0.0579848
472	0.122686	0.0580562
472.5	0.122295	0.0581184
473	0	0.0581184
473.5	0	0.0581184
474	0	0.0581184
474.5	0	0.0581184
475	0	0.0581184
475.5	0	0.0581184
476	0	0.0581184
476.5	0	0.0581184
477	0	0.0581184
477.5	0	0.0581184
478	0	0.0581184
478.5	0	0.0581184
479	0	0.0581184
479.5	0	0.0581184
480	0	0.0581184
480.5	0	0.0581184
481	0	0.0581184
481.5	0	0.0581184
482	0	0.0581184
482.5	0	0.0581184
483	0.000741076	0.0568387
483.5	0.127449	0.0568662
484	0	0.0568662
484.5	0	0.0568662
485	0	0.0568662
485.5	0	0.0568662
486	0	0.0568662
486.5	0	0.0568662
487	0	0.0568662
487.5	0	0.0568662
488	0	0.0568662
488.5	0	0.0568662
489	0	0.0568662
489.5	0	0.0568662
490	0	0.0568662
490.5	0	0.0568662
491	0	0.0568662
491.5	0	0.0568662
492	0	0.0568662
492.5	0	0.0568662
493	0	0.0568662
493.5	0	0.0568662
494	0	0.0568662
494.5	0.00346593	0.0556231
495	0.127449	0.0556957
495.5	0.127449	0.0557683
496	0.127449	0.0558407
496.5	0.127449	0.0559129
497	0.127449	0.055985
497.5	0.127449	0.0560659
498	0.127449	0.0561377
498.5	0.127449	0.0562094
499	0.127449	0.0562809
499.5	0.126374	0.0563517
500	0.127444	0.0564229
500.5	0.127428	0.056494
501	0.127439	0.0565649
501.5	0.127589	0.0566358
502	0.126836	0.0567149
502.5	0.127527	0.0567854
503	0.127387	0.0568558
503.5	0.127522	0.056926
504	0.127392	0.056996
504.5	0.127485	0.057066
505	0.127459	0.0571358
505.5	0.127454	0.0572054
506	0.127463	0.0572836
506.5	0.127366	0.0573183
507	0	0.0573183
507.5	0	0.0573183
508	0	0.0573183
508.5	0	0.0573183
509	0.00578325	0.057039
509.5	0.128553	0.0571087
510	0.127537	0.0571864
510.5	0.127465	0.0572553
511	0.128191	0.0573244
511.5	0.127516	0.0573931
512	0.127511	0.0574616
512.5	0.127377	0.0575299
513	0.127496	0.0575897
513.5	0	0.0575897
514	0	0.0575897
514.5	0	0.0575897
515	0	0.0575897
515.5	0.012192	0.0573593
516	0.127439	0.0574272
516.5	0.12747	0.0574951
517	0.127371	0.0575713
517.5	0.127485	0.0576389
518	0.127449	0.0577063
518.5	0.127413	0.0577736
519	0.128726	0.0578413
519.5	0.127449	0.0579084
520	0.127449	0.0579753
520.5	0.127449	0.0580421
521	0	0.0580421
521.5	0	0.0580421
522	0	0.0580421
522.5	0	0.0580421
523	0	0.0580421
523.5	0.0103042	0.0577599
524	0.127449	0.0578265
524.5	0.127449	0.0578929
525	0.127086	0.0579591
525.5	0.127034	0.058025
526	0.127945	0.0580913
526.5	0.127467	0.0581655
527	0.12748	0.0582313
527.5	0.127684	0.058297
528	0.127449	0.0583625
528.5	0.127449	0.0584279
529	0.12596	0.0584926
529.5	0.119366	0.0585386
530	0.111739	0.0586031
530.5	0.154788	0.0586964
531	0.127449	0.0587612
531.5	0.127449	0.0588259
532	0.127449	0.0588904
532.5	0.127449	0.0589548
533	0.127449	0.0590191
533.5	0.127449	0.0590833
534	0.127449	0.0591473
534.5	0.127449	0.0592192
535	0.127449	0.059275
535.5	0	0.059275
536	0	0.059275
536.5	0	0.059275
537	0	0.059275
537.5	0	0.059275
538	0	0.059275
538.5	0	0.059275
539	0	0.059275
539.5	0	0.059275
540	0	0.059275
540.5	0	0.059275
541	0	0.059275
541.5	0	0.059275
542	0	0.059275
542.5	0	0.059275
543	0	0.059275
543.5	0	0.059275
544	0	0.059275
544.5	0	0.059275
545	0	0.059275
545.5	0	0.059275
546	0.0028353	0.0581133
546.5	0.127449	0.058153
547	0	0.058153
547.5	0	0.058153
548	0	0.058153
548.5	0	0.058153
549	0.0236665	0.0579838
549.5	0.127449	0.058047
550	0.127449	0.058118
550.5	0.127449	0.058181
551	0.127449	0.0582438
551.5	0.127449	0.0583066
552	0.127449	0.0583379
552.5	0	0.0583379
553	0.0376025	0.0582902
553.5	0.127449	0.0583527
554	0.127449	0.0584151
554.5	0.127449	0.0584773
555	0.124148	0.058538
555.5	0.127459	0.0586001
556	0.129742	0.0586707
556.5	0.126643	0.0587245
557	0.128845	0.0587945
557.5	0.124316	0.0588548
558	0.127346	0.0589162
558.5	0.129948	0.0589785
559	0.122896	0.0590378
559.5	0.132616	0.0591089
560	0.127449	0.0591699
560.5	0.127449	0.0592308
561	0.127449	0.0592916
561.5	0.127449	0.0593522
562	0.127449	0.0594128
562.5	0.127449	0.0594733
563	0.127449	0.0595336
563.5	0.125036	0.0595928
564	0.127495	0.0596605
564.5	0.127434	0.0597205
565	0.127413	0.0597804
565.5	0.127501	0.0598403
566	0.127465	0.0599
566.5	0.127506	0.0599596
567	0.127413	0.0600191
567.5	0.129592	0.0600868
568	0.127449	0.0601461
568.5	0.127449	0.0602053
569	0.127449	0.0602643
569.5	0.127449	0.0603233
570	0.127449	0.0603821
570.5	0.127449	0.0604409
571	0.127449	0.0604995
571.5	0.127449	0.0605654
572	0.127449	0.0606238
572.5	0.127449	0.0606821
573	0.126667	0.06074
573.5	0.126573	0.0607978
574	0.127553	0.0608123
574.5	0	0.0608123
575	0	0.0608123
575.5	0	0.0608123
576	0	0.0608123
576.5	0	0.0608123
577	0	0.0608123
577.5	0	0.0608123
578	0	0.0608123
578.5	0	0.0608123
579	0	0.0608123
579.5	0	0.0608123
580	0.00123253	0.060149
580.5	0.127439	0.0602069
581	0.128407	0.0602651
581.5	0.127449	0.06033
582	0.127449	0.0603876
582.5	0.127449	0.0604451
583	0.127449	0.0605026
583.5	0.127449	0.0605527
584	0	0.0605527
584.5	0	0.0605527
585	0	0.0605527
585.5	0.00767288	0.0603654
586	0.127449	0.0604297
586.5	0.127449	0.0604868
587	0.127449	0.0605437
587.5	0.127449	0.0606006
588	0.127449	0.0606574
588.5	0.127449	0.0607141
589	0.127449	0.0607707
589.5	0.127449	0.0608272
590	0.127449	0.0608907
590.5	0.127449	0.060947
591	0.127449	0.0610032
591.5	0.127449	0.0610593
592	0.127449	0.0611153
592.5	0.125546	0.0611704
593	0.127485	0.0612262
593.5	0.127077	0.0612401
594	0	0.0612401
594.5	0	0.0612401
595	0	0.0612401
595.5	0	0.0612401
596	0	0.0612401
596.5	0	0.0612401
597	0	0.0612401
597.5	0	0.0612401
598	0	0.0612401
598.5	0	0.0612401
599	0	0.0612401
599.5	0	0.0612401
600	0	0.0612401
600.5	0	0.0612401
601	0	0.0612401
601.5	0	0.0612401
602	0	0.0612401
602.5	0	0.0612401
603	0	0.0612401
603.5	0	0.0612401
604	0	0.0612401
604.5	0	0.0612401
605	0	0.0612401
605.5	0	0.0612401
606	0.00426697	0.0600133
606.5	0.125496	0.060068
607	0.129412	0.0601312
607.5	0.125451	0.0601381
608	0	0.0601381
608.5	0	0.0601381
609	0	0.0601381
609.5	0	0.0601381
610	0	0.0601381
610.5	0.00230733	0.0598115
611	0.127471	0.0598668
611.5	0.125743	0.0599213
612	0.100981	0.0599583
612.5	0.146234	0.0600196
613	0	0.0600196
613.5	0.0438167	0.0599908
614	0.137993	0.0600275
614.5	0	0.0600275
615	0	0.0600275
615.5	0.0232277	0.0599251
616	0.127449	0.0599798
616.5	0.127449	0.0600345
617	0.127449	0.060089
617.5	0.125422	0.0601427
618	0.129307	0.0602046
618.5	0.127449	0.0602589
619	0.127261	0.060313
619.5	0.127638	0.0603671
620	0.127449	0.0604211
620.5	0.127449	0.0604751
621	0.127449	0.0605289
621.5	0.127449	0.0605894
622	0.127449	0.060643
622.5	0.127449	0.0606966
623	0.127449	0.06075
623.5	0.127449	0.0608034
624	0.127449	0.0608567
624.5	0.127036	0.0609098
625	0.127408	0.0609629
625.5	0.127855	0.0610228
626	0.127449	0.0610757
626.5	0.127449	0.0611286
627	0.127449	0.0611484
627.5	0	0.0611484
628	0	0.0611484
628.5	0.0300458	0.0610567
629	0.127449	0.0611094
629.5	0.126994	0.0611487
630	0	0.0611487
630.5	0	0.0611487
631	0	0.0611487
631.5	0	0.0611487
632	0	0.0611487
632.5	0	0.0611487
633	0	0.0611487
633.5	0	0.0611487
634	0	0.0611487
634.5	0	0.0611487
635	0	0.0611487
635.5	0	0.0611487
636	0	0.0611487
636.5	0	0.0611487
637	0	0.0611487
637.5	0	0.0611487
638	0	0.0611487
638.5	0	0.0611487
639	0	0.0611487
639.5	0	0.0611487
640	0	0.0611487
640.5	0	0.0611487
641	0	0.0611487
641.5	0	0.0611487
642	0	0.0611487
642.5	0	0.0611487
643	0	0.0611487
643.5	0	0.0611487
644	0	0.0611487
644.5	0.00259037	0.059755
645	0.126665	0.059807
645.5	0.125094	0.0598584
646	0.129964	0.0599115
646.5	0.123607	0.0599432
647	0	0.0599432
647.5	0	0.0599432
648	0	0.0599432
648.5	0.0182055	0.0598027
649	0.127449	0.0598547
649.5	0.127449	0.0598807
650	0	0.0598807
650.5	0	0.0598807
651	0.0217687	0.0597738
651.5	0.127428	0.0598257
652	0.125024	0.0598765
652.5	0.125169	0.0599273
653	0.125261	0.0599781
653.5	0.133155	0.0600315
654	0.128971	0.0600835
654.5	0.123722	0.0601147
655	0	0.0601147
655.5	0	0.0601147
656	0	0.0601147
656.5	0	0.0601147
657	0	0.0601147
657.5	0	0.0601147
658	0	0.0601147
658.5	0	0.0601147
659	0	0.0601147
659.5	0	0.0601147
660	0	0.0601147
660.5	0	0.0601147
661	0	0.0601147
661.5	0	0.0601147
662	0	0.0601147
662.5	0	0.0601147
663	0	0.0601147
663.5	0	0.0601147
664	0	0.0601147
664.5	0.00154016	0.0592053
665	0.127449	0.0592629
665.5	0.127449	0.059314
666	0.127449	0.059365
666.5	0.127449	0.059416
667	0.127449	0.0594668
667.5	0.127449	0.0595176
668	0.127449	0.0595683
668.5	0.127449	0.0596189
669	0.127449	0.0596758
669.5	0.127449	0.0597263
670	0.127449	0.0597767
670.5	0.125907	0.0598265
671	0.127463	0.0598642
671.5	0	0.0598642
672	0	0.0598642
672.5	0.0343578	0.0598028
673	0.127449	0.0598529
673.5	0.127449	0.0599092
674	0.125609	0.0599585
674.5	0.127547	0.0600084
675	0.127569	0.0600583
675.5	0.129119	0.0601086
676	0.127449	0.0601583
676.5	0.127449	0.0602078
677	0.127449	0.0602574
677.5	0.127449	0.060313
678	0.127449	0.0603624
678.5	0.127449	0.0604116
679	0.127449	0.0604609
679.5	0.127449	0.06051
680	0.127449	0.0605591
680.5	0.127449	0.0606081
681	0.127449	0.060657
681.5	0.127449	0.060712
682	0.127449	0.0607425
682.5	0	0.0607425
683	0	0.0607425
683.5	0	0.0607425
684	0	0.0607425
684.5	0	0.0607425
685	0	0.0607425
685.5	0	0.0607425
686	0	0.0607425
686.5	0	0.0607425
687	0	0.0607425
687.5	0.0111162	0.06033
688	0.127477	0.0603847
688.5	0.127325	0.0604332
689	0.127423	0.0604816
689.5	0.127547	0.0605301
690	0.127439	0.0605784
690.5	0.127501	0.0606267
691	0.127449	0.0606749
691.5	0.12734	0.060723
692	0.127523	0.0607771
692.5	0.12749	0.0608251
693	0.127292	0.060855
693.5	0	0.060855
694	0.0401057	0.0608195
694.5	0.127449	0.0608673
695	0.127449	0.0609151
695.5	0.127449	0.0609627
696	0.127449	0.0609866
696.5	0	0.0609866
697	0	0.0609866
697.5	0.0087866	0.0608513
698	0.127449	0.0608989
698.5	0.127449	0.0609463
699	0.127449	0.0609938
699.5	0.127141	0.061041
700	0.127428	0.0610883
700.5	0.127366	0.0611413
701	0.127496	0.0611826
701.5	0	0.0611826
702	0	0.0611826
702.5	0	0.0611826
703	0	0.0611826
703.5	0	0.0611826
704	0	0.0611826
704.5	0	0.0611826
705	0	0.0611826
705.5	0	0.0611826
706	0	0.0611826
706.5	0	0.0611826
707	0	0.0611826
707.5	0	0.0611826
708	0	0.0611826
708.5	0	0.0611826
709	0	0.0611826
709.5	0	0.0611826
710	0	0.0611826
710.5	0	0.0611826
711	0	0.0611826
711.5	0	0.0611826
712	0	0.0611826
712.5	0	0.0611826
713	0	0.0611826
713.5	0	0.0611826
714	0.00420311	0.0601277
714.5	0.127449	0.0601747
715	0.127449	0.0602215
715.5	0.127449	0.060245
716	0.0540446	0.0602386
716.5	0.127511	0.060262
717	0.0839076	0.0602869
717.5	0.127449	0.0603044
718	0	0.0603044
718.5	0.0355191	0.0602582
719	0.128747	0.0603052
719.5	0.127514	0.0603575
720	0.126081	0.0604035
720.5	0.127532	0.0604498
721	0.12958	0.0604968
721.5	0.125397	0.0605424
722	0.125075	0.0605877
722.5	0.110856	0.0606226
723	0.126478	0.0606683
723.5	0.11851	0.0607111
724	0	0.0607111
724.5	0	0.0607111
725	0	0.0607111
725.5	0	0.0607111
726	0.00959898	0.0605365
726.5	0.127449	0.0605881
727	0	0.0605881
727.5	0	0.0605881
728	0	0.0605881
728.5	0	0.0605881
729	0	0.0605881
729.5	0.0106303	0.0603837
730	0.127449	0.0604351
730.5	0.127449	0.0604466
731	0	0.0604466
731.5	0	0.0604466
732	0	0.0604466
732.5	0	0.0604466
733	0	0.0604466
733.5	0	0.0604466
734	0	0.0604466
734.5	0	0.0604466
735	0.00975439	0.0601099
735.5	0.127449	0.0601612
736	0.126651	0.0602065
736.5	0.128257	0.0602522
737	0.127449	0.0602976
737.5	0.127449	0.060343
738	0.127449	0.0603883
738.5	0.127449	0.0604335
739	0.127449	0.0604787
739.5	0.127449	0.0605294
740	0.127449	0.0605576
740.5	0	0.0605576
741	0	0.0605576
741.5	0	0.0605576
742	0	0.0605576
742.5	0	0.0605576
743	0	0.0605576
743.5	0	0.0605576
744	0	0.0605576
744.5	0	0.0605576
745	0	0.0605576
745.5	0.00695959	0.0601478
746	0.1275	0.0601983
746.5	0.127654	0.0602433
747	0.127413	0.060288
747.5	0.129911	0.0603335
748	0.125059	0.0603775
748.5	0.129916	0.0604228
749	0.127454	0.0604674
749.5	0.127465	0.0605119
750	0.127334	0.0605619
750.5	0.127428	0.0606062
751	0.127656	0.0606395
751.5	0	0.0606395
752	0	0.0606395
752.5	0	0.0606395
753	0	0.0606395
753.5	0	0.0606395
754	0	0.0606395
754.5	0	0.0606395
755	0	0.0606395
755.5	0	0.0606395
756	0	0.0606395
756.5	0.0124936	0.0602759
757	0.127413	0.0603201
757.5	0.127558	0.0603642
758	0.126503	0.0603697
758.5	0	0.0603697
759	0	0.0603697
759.5	0.0123598	0.060248
760	0.127449	0.06027
760.5	0	0.06027
761	0	0.06027
761.5	0	0.06027
762	0	0.06027
762.5	0	0.06027
763	0	0.06027
763.5	0	0.06027
764	0	0.06027
764.5	0	0.06027
765	0	0.06027
765.5	0	0.06027
766	0	0.06027
766.5	0.00809159	0.059803
767	0.127449	0.0598469
767.5	0.122838	0.0598893
768	0.13242	0.0599345
768.5	0.127449	0.0599783
769	0.125143	0.0600212
769.5	0.129618	0.0600655
770	0.127444	0.0601145
770.5	0.127592	0.060158
771	0.12282	0.0602
771.5	0.129656	0.0602441
772	0.129895	0.0602881
772.5	0.127762	0.0603315
773	0.127449	0.0603747
773.5	0.127449	0.0603855
774	0	0.0603855
774.5	0	0.0603855
775	0.013394	0.0602778
775.5	0	0.0602778
776	0	0.0602778
776.5	0.0285093	0.0602095
777	0.127449	0.0602526
777.5	0.127449	0.0602956
778	0.127449	0.0603386
778.5	0.122991	0.0603801
779	0.129851	0.0604237
779.5	0.127477	0.0604718
780	0.127496	0.0605146
780.5	0.127449	0.0605573
781	0.127356	0.0605999
781.5	0.12749	0.0606424
782	0.127439	0.060685
782.5	0.125187	0.0607267
783	0.129853	0.0607698
783.5	0.127377	0.0608122
784	0.127623	0.0608387
784.5	0	0.0608387
785	0	0.0608387
785.5	0	0.0608387
786	0	0.0608387
786.5	0	0.0608387
787	0	0.0608387
787.5	0	0.0608387
788	0	0.0608387
788.5	0	0.0608387
789	0	0.0608387
789.5	0.00957248	0.0604622
790	0.127522	0.0605044
790.5	0.129835	0.0605473
791	0.125955	0.0605889
791.5	0.127459	0.0606309
792	0.12749	0.0606782
792.5	0.127397	0.0607201
793	0.127547	0.060762
793.5	0.12962	0.0608045
794	0.127449	0.0608462
794.5	0.127449	0.0608879
795	0.127449	0.0609296
795.5	0.127449	0.0609452
796	0	0.0609452
796.5	0	0.0609452
797	0	0.0609452
797.5	0	0.0609452
798	0.0191098	0.060793
798.5	0.127449	0.0608345
799	0.127449	0.0608397
799.5	0	0.0608397
800	0	0.0608397
800.5	0	0.0608397
801	0	0.0608397
801.5	0	0.0608397
802	0	0.0608397
802.5	0	0.0608397
803	0	0.0608397
803.5	0	0.0608397
804	0	0.0608397
804.5	0	0.0608397
805	0	0.0608397
805.5	0.00113353	0.0603214
806	0.127439	0.0603628
806.5	0.127434	0.0604042
807	0.12706	0.0604454
807.5	0.127402	0.0604867
808	0.123988	0.0605118
808.5	0	0.0605118
809	0	0.0605118
809.5	0	0.0605118
810	0	0.0605118
810.5	0	0.0605118
811	0	0.0605118
811.5	0	0.0605118
812	0	0.0605118
812.5	0	0.0605118
813	0	0.0605118
813.5	0	0.0605118
814	0	0.0605118
814.5	0	0.0605118
815	0	0.0605118
815.5	0	0.0605118
816	0	0.0605118
816.5	0.00360477	0.0598989
817	0.127449	0.05994
817.5	0.127449	0.0599811
818	0.127449	0.0600273
818.5	0.127449	0.0600683
819	0.127449	0.0601092
819.5	0.127449	0.0601501
820	0.127449	0.0601909
820.5	0.127449	0.0602317
821	0.127449	0.0602724
821.5	0.127449	0.0603131
822	0.127449	0.0603588
822.5	0.127449	0.0603993
823	0.127449	0.0604399
823.5	0.126125	0.06048
824	0.127402	0.0605204
824.5	0.127346	0.0605607
825	0.123416	0.0605999
825.5	0.127999	0.0606403
826	0.132318	0.0606819
826.5	0.12695	0.0607269
827	0.127408	0.060767
827.5	0.0530972	0.0607629
828	0	0.0607629
828.5	0	0.0607629
829	0	0.0607629
829.5	0.0077883	0.0606329
830	0.127449	0.060678
830.5	0.127449	0.060688
831	0	0.060688
831.5	0	0.060688
832	0	0.060688
832.5	0	0.060688
833	0	0.060688
833.5	0	0.060688
834	0	0.060688
834.5	0	0.060688
835	0	0.060688
835.5	0	0.060688
836	0	0.060688
836.5	0.00370586	0.060251
837	0.127449	0.060286
837.5	0	0.060286
838	0	0.060286
838.5	0	0.060286
839	0	0.060286
839.5	0	0.060286
840	0	0.060286
840.5	0	0.060286
841	0	0.060286
841.5	0	0.060286
842	0	0.060286
842.5	0	0.060286
843	0	0.060286
843.5	0	0.060286
844	0	0.060286
844.5	0	0.060286
845	0	0.060286
845.5	0	0.060286
846	0	0.060286
846.5	0	0.060286
847	0	0.060286
847.5	0	0.060286
848	0	0.060286
848.5	0	0.060286
849	0	0.060286
849.5	0	0.060286
850	0	0.060286
850.5	0	0.060286
851	0.00223916	0.0593206
851.5	0	0.0593206
852	0	0.0593206
852.5	0.0298176	0.0592655
853	0.127449	0.0593052
853.5	0.127449	0.0593449
854	0.127449	0.0593846
854.5	0.127449	0.0594242
855	0.127449	0.0594637
855.5	0.127449	0.0595033
856	0.127449	0.0595477
856.5	0.127449	0.0595871
857	0.127449	0.0596264
857.5	0.127449	0.0596658
858	0.127449	0.0597051
858.5	0.127449	0.0597443
859	0.127449	0.0597835
859.5	0.127449	0.0598226
860	0.127449	0.0598666
860.5	0.127449	0.0599057
861	0.127449	0.0599447
861.5	0.127449	0.0599836
862	0.127449	0.0600225
862.5	0.127449	0.0600614
863	0.127449	0.0601002
863.5	0.127449	0.060139
864	0.127449	0.0601826
864.5	0.127449	0.0602213
865	0.127449	0.0602599
865.5	0.125541	0.060298
866	0.127397	0.0603365
866.5	0.0923618	0.0603555
867	0.141811	0.0604028
867.5	0.131303	0.0604422
868	0.131694	0.0604817
868.5	0	0.0604817
869	0	0.0604817
869.5	0	0.0604817
870	0	0.0604817
870.5	0.0124748	0.0603416
871	0.127428	0.0603799
871.5	0.127779	0.0604231
872	0.127449	0.0604613
872.5	0.127449	0.0604995
873	0.127007	0.0605375
873.5	0.127397	0.0605755
874	0.127434	0.0606136
874.5	0.127527	0.0606516
875	0.127325	0.0606895
875.5	0.127947	0.0607323
876	0.127449	0.0607701
876.5	0.127449	0.060808
877	0.127449	0.0608457
877.5	0.127449	0.0608835
878	0.127449	0.0609212
878.5	0.127449	0.0609588
879	0.127449	0.0609964
879.5	0.127449	0.0610387
880	0.127449	0.0610762
880.5	0.126702	0.0611134
881	0.0162671	0.0610887
881.5	0.127961	0.0611215
882	0.128578	0.0611639
882.5	0.125761	0.0612008
883	0.127523	0.0612428
883.5	0.127418	0.06128
884	0.127477	0.0613079
884.5	0	0.0613079
885	0	0.0613079
885.5	0	0.0613079
886	0	0.0613079
886.5	0	0.0613079
887	0.0176663	0.0611536
887.5	0.127449	0.0611907
888	0.127449	0.0612046
888.5	0	0.0612046
889	0	0.0612046
889.5	0	0.0612046
890	0	0.0612046
890.5	0	0.0612046
891	0	0.0612046
891.5	0	0.0612046
892	0	0.0612046
892.5	0.00971867	0.0609226
893	0.127449	0.0609596
893.5	0.127449	0.0609966
894	0.127449	0.0610336
894.5	0.127449	0.0610705
895	0.127449	0.0611073
895.5	0.127449	0.0611441
896	0.127449	0.0611855
896.5	0.127449	0.0612223
897	0.127449	0.0612589
897.5	0.122376	0.0612942
898	0.127454	0.0613308
898.5	0.131713	0.0613685
899	0.127449	0.061373
899.5	0	0.061373
900	0	0.061373
900.5	0	0.061373
901	0	0.061373
901.5	0	0.061373
902	0	0.061373
902.5	0	0.061373
903	0	0.061373
903.5	0	0.061373
904	0	0.061373
904.5	0	0.061373
905	0	0.061373
905.5	0.00565543	0.0609423
906	0.130818	0.0609703
906.5	0	0.0609703
907	0	0.0609703
907.5	0	0.0609703
908	0	0.0609703
908.5	0	0.0609703
909	0	0.0609703
909.5	0	0.0609703
910	0	0.0609703
910.5	0.00502965	0.0606802
911	0.127449	0.0607167
911.5	0.127449	0.060753
912	0.127449	0.0607894
912.5	0.127449	0.0608257
913	0.127449	0.0608619
913.5	0.127449	0.0608982
914	0.127449	0.0609389
914.5	0.127449	0.060975
915	0.127449	0.0610111
915.5	0.127449	0.0610472
916	0.127449	0.0610832
916.5	0.127449	0.0611192
917	0.127449	0.0611551
917.5	0.127449	0.061191
918	0.127449	0.0612314
918.5	0.127449	0.0612672
919	0.127449	0.061303
919.5	0.127449	0.0613164
920	0	0.0613164
920.5	0.0301471	0.0612719
921	0.127449	0.0613076
921.5	0.127449	0.0613433
922	0.127449	0.0613789
922.5	0.127449	0.0614145
923	0.127449	0.0614545
923.5	0.127449	0.06149
924	0.127449	0.0615255
924.5	0.127449	0.0615609
925	0.127449	0.0615963
925.5	0.127449	0.0616316
926	0.11619	0.0616357
926.5	0	0.0616357
927	0	0.0616357
927.5	0	0.0616357
928	0	0.0616357
928.5	0	0.0616357
929	0	0.0616357
929.5	0	0.0616357
930	0	0.0616357
930.5	0	0.0616357
931	0	0.0616357
931.5	0	0.0616357
932	0	0.0616357
932.5	0	0.0616357
933	0	0.0616357
933.5	0	0.0616357
934	0	0.0616357
934.5	0	0.0616357
935	0	0.0616357
935.5	0	0.0616357
936	0	0.0616357
936.5	0	0.0616357
937	0	0.0616357
937.5	0.00131094	0.0608587
938	0.127449	0.060894
938.5	0.127449	0.0609292
939	0.127449	0.0609644
939.5	0.127449	0.0609996
940	0.125205	0.0610341
940.5	0.127284	0.0610691
941	0.127625	0.0611042
941.5	0.127449	0.0611436
942	0.127537	0.0611786
942.5	0.126831	0.061183
943	0	0.061183
943.5	0	0.061183
944	0	0.061183
944.5	0	0.061183
945	0	0.061183
945.5	0.0136906	0.0610087
946	0.127325	0.0610436
946.5	0.127454	0.0610785
947	0.127698	0.0610828
947.5	0	0.0610828
948	0.0167069	0.0610163
948.5	0.126891	0.0610553
949	0	0.0610553
949.5	0	0.0610553
950	0	0.0610553
950.5	0.00796645	0.0609443
951	0.127402	0.060979
951.5	0.127938	0.0610139
952	0.127449	0.0610485
952.5	0.127308	0.0610874
953	0.127605	0.0611048
953.5	0.0646954	0.0611075
954	0.127594	0.0611421
954.5	0.127351	0.0611766
955	0.127862	0.0612112
955.5	0.127449	0.0612499
956	0.127527	0.0612843
956.5	0.125069	0.0613181
957	0.129458	0.0613529
957.5	0.127522	0.0613872
958	0.126361	0.0614212
958.5	0.125194	0.0614548
959	0.129835	0.0614896
959.5	0.12958	0.0615286
960	0.127439	0.0615627
960.5	0.125064	0.0615961
961	0.129975	0.0616308
961.5	0.126029	0.0616644
962	0.127485	0.0616984
962.5	0.127371	0.0617323
963	0.127439	0.0617662
963.5	0.127563	0.0618001
964	0.125019	0.0618333
964.5	0.131914	0.0618725
965	0.127449	0.0619063
965.5	0.126317	0.0619397
966	0.127558	0.0619734
966.5	0.127418	0.0620071
967	0.125104	0.0620401
967.5	0.129618	0.0620784
968	0.124989	0.0621114
968.5	0.138363	0.0621204
969	0	0.0621204
969.5	0	0.0621204
970	0	0.0621204
970.5	0	0.0621204
971	0	0.0621204
971.5	0	0.0621204
972	0	0.0621204
972.5	0	0.0621204
973	0	0.0621204
973.5	0	0.0621204
974	0	0.0621204
974.5	0	0.0621204
975	0	0.0621204
975.5	0	0.0621204
976	0.00400166	0.0616494
976.5	0.125783	0.0616825
977	0.125149	0.0617153
977.5	0.129803	0.0617493
978	0.126483	0.0617824
978.5	0.128249	0.0618201
979	0.129273	0.0618539
979.5	0.127449	0.0618871
980	0.127449	0.0619203
980.5	0.127449	0.0619535
981	0.125871	0.0619863
981.5	0.127477	0.0620236
982	0.127475	0.0620567
982.5	0.127356	0.0620897
983	0.129105	0.0621231
983.5	0.127449	0.0621561
984	0.127449	0.062189
984.5	0.127449	0.0622137
985	0	0.0622137
985.5	0	0.0622137
986	0	0.0622137
986.5	0.0109415	0.062101
987	0.127449	0.0621339
987.5	0.127449	0.0621667
988	0.127449	0.0621995
988.5	0.127449	0.0622323
989	0.127449	0.0622691
989.5	0.127449	0.0623019
990	0.127449	0.0623345
990.5	0.127449	0.0623672
991	0.127449	0.0623998
991.5	0.127449	0.0624324
992	0.127449	0.0624405
992.5	0	0.0624405
993	0	0.0624405
993.5	0	0.0624405
994	0.0199291	0.0623386
994.5	0.127449	0.0623752
995	0.127449	0.0624077
995.5	0.127449	0.0624401
996	0.127449	0.0624725
996.5	0.127449	0.0625049
997	0.127449	0.0625373
997.5	0.127449	0.0625696
998	0.127449	0.0626018
998.5	0.127449	0.062626
999	0.0719453	0.0626322
999.5	0.130519	0.0626651
1000	0.127449	0.0627013
1000.5	0.127449	0.0627334
1001	0.127449	0.0627655
1001.5	0.127449	0.0627976
1002	0.127449	0.0628296
1002.5	0.127449	0.0628616
1003	0.127449	0.0628936
1003.5	0.127449	0.0629256
1004	0.127449	0.0629615
1004.5	0.127449	0.0629933
1005	0.127449	0.0630252
1005.5	0.127449	0.063057
1006	0.127449	0.0630888
1006.5	0.127449	0.0631205
1007	0.127449	0.0631522
1007.5	0.127449	0.0631839
1008	0.127449	0.0632195
1008.5	0.126937	0.063251
1009	0.127966	0.0632827
1009.5	0.127449	0.0633143
1010	0.127449	0.0633458
1010.5	0.127449	0.0633773
1011	0.125509	0.0634083
1011.5	0.127351	0.0634397
1012	0.127579	0.0634711
1012.5	0.127371	0.0635064
1013	0	0.0635064
1013.5	0	0.0635064
1014	0	0.0635064
1014.5	0	0.0635064
1015	0	0.0635064
1015.5	0	0.0635064
1016	0	0.0635064
1016.5	0	0.0635064
1017	0	0.0635064
1017.5	0	0.0635064
1018	0	0.0635064
1018.5	0	0.0635064
1019	0	0.0635064
1019.5	0	0.0635064
1020	0.00420845	0.0630694
1020.5	0.127371	0.0631007
1021	0.127555	0.0631359
1021.5	0.127434	0.0631672
1022	0.12747	0.0631984
1022.5	0.127402	0.0632296
1023	0.127366	0.0632607
1023.5	0.127454	0.0632919
1024	0.127516	0.063323
1024.5	0.127434	0.063354
1025	0.127394	0.063389
1025.5	0.127522	0.06342
1026	0.125875	0.0634506
1026.5	0.130892	0.0634665
1027	0	0.0634665
1027.5	0	0.0634665
1028	0	0.0634665
1028.5	0	0.0634665
1029	0.00285001	0.063303
1029.5	0.129921	0.0633345
1030	0.127474	0.0633538
1030.5	0	0.0633538
1031	0	0.0633538
1031.5	0	0.0633538
1032	0	0.0633538
1032.5	0	0.0633538
1033	0	0.0633538
1033.5	0	0.0633538
1034	0	0.0633538
1034.5	0	0.0633538
1035	0	0.0633538
1035.5	0	0.0633538
1036	0	0.0633538
1036.5	0	0.0633538
1037	0.00655564	0.0629574
1037.5	0.129689	0.0629927
1038	0.125059	0.063023
1038.5	0.127501	0.0630538
1039	0.130767	0.0630774
1039.5	0	0.0630774
1040	0	0.0630774
1040.5	0	0.0630774
1041	0	0.0630774
1041.5	0	0.0630774
1042	0	0.0630774
1042.5	0	0.0630774
1043	0	0.0630774
1043.5	0	0.0630774
1044	0.0121983	0.0628247
1044.5	0.127449	0.0628554
1045	0.127449	0.0628631
1045.5	0.0716082	0.0628705
1046	0.127532	0.0629011
1046.5	0.127392	0.0629317
1047	0.118237	0.06296
1047.5	0.127449	0.0629905
1048	0.127449	0.0630211
1048.5	0.0331632	0.0630075
1049	0.127727	0.063038
1049.5	0.127449	0.0630685
1050	0.127449	0.0631027
1050.5	0.125222	0.0631326
1051	0.127449	0.063163
1051.5	0.125089	0.0631928
1052	0.127418	0.0632231
1052.5	0.129916	0.0632539
1053	0.125069	0.0632836
1053.5	0.127558	0.0633139
1054	0.129792	0.0633446
1054.5	0.127679	0.0633786
1055	0.129522	0.0634092
1055.5	0.127449	0.0634393
1056	0.127449	0.0634656
1056.5	0	0.0634656
1057	0	0.0634656
1057.5	0	0.0634656
1058	0	0.0634656
1058.5	0	0.0634656
1059	0.00762765	0.0633017
1059.5	0.127449	0.0633317
1060	0.127449	0.0633618
1060.5	0.127449	0.0633917
1061	0.127449	0.0634217
1061.5	0.127449	0.0634516
1062	0.12689	0.0634814
1062.5	0.124954	0.0635107
1063	0.127435	0.0635331
1063.5	0	0.0635331
1064	0	0.0635331
1064.5	0	0.0635331
1065	0	0.0635331
1065.5	0.00587406	0.0633874
1066	0.127449	0.0634173
1066.5	0.127449	0.063447
1067	0	0.063447
1067.5	0	0.063447
1068	0	0.063447
1068.5	0	0.063447
1069	0	0.063447
1069.5	0	0.063447
1070	0	0.063447
1070.5	0	0.063447
1071	0	0.063447
1071.5	0	0.063447
1072	0.0099921	0.0631709
1072.5	0.132494	0.0631863
1073	0	0.0631863
1073.5	0	0.0631863
1074	0	0.0631863
1074.5	0	0.0631863
1075	0	0.0631863
1075.5	0.0100416	0.0630307
1076	0	0.0630307
1076.5	0	0.0630307
1077	0	0.0630307
1077.5	0	0.0630307
1078	0	0.0630307
1078.5	0	0.0630307
1079	0	0.0630307
1079.5	0	0.0630307
1080	0	0.0630307
1080.5	0	0.0630307
1081	0	0.0630307
1081.5	0	0.0630307
1082	0	0.0630307
1082.5	0	0.0630307
1083	0	0.0630307
1083.5	0	0.0630307
1084	0	0.0630307
1084.5	0	0.0630307
1085	0.00244125	0.0624882
1085.5	0.127465	0.0625179
1086	0.127485	0.0625476
1086.5	0.127553	0.062555
1087	0	0.062555
1087.5	0	0.062555
1088	0.00956513	0.0624745
1088.5	0.021197	0.0624462
1089	0.127449	0.0624758
1089.5	0.127449	0.0625091
1090	0.127449	0.0625387
1090.5	0.127449	0.0625682
1091	0.127449	0.0625977
1091.5	0.127449	0.0626272
1092	0.127449	0.0626567
1092.5	0.127449	0.0626861
1093	0.127449	0.0627155
1093.5	0.127449	0.0627485
1094	0.127449	0.0627779
1094.5	0.127449	0.0627815
1095	0	0.0627815
1095.5	0	0.0627815
1096	0	0.0627815
1096.5	0.0195895	0.0626862
1097	0.12749	0.0626898
1097.5	0	0.0626898
1098	0	0.0626898
1098.5	0	0.0626898
1099	0	0.0626898
1099.5	0	0.0626898
1100	0	0.0626898
1100.5	0.00990452	0.0624984
1101	0.127475	0.0625277
1101.5	0.127361	0.0625569
1102	0.127501	0.0625862
1102.5	0.120509	0.0626137
1103	0.129461	0.0626322
1103.5	0	0.0626322
1104	0	0.0626322
1104.5	0	0.0626322
1105	0	0.0626322
1105.5	0	0.0626322
1106	0	0.0626322
1106.5	0	0.0626322
1107	0	0.0626322
1107.5	0	0.0626322
1108	0	0.0626322
1108.5	0	0.0626322
1109	0	0.0626322
1109.5	0	0.0626322
1110	0.00656479	0.0622674
1110.5	0.127449	0.0623001
1111	0.127449	0.0623292
1111.5	0.127449	0.0623583
1112	0.127449	0.0623873
1112.5	0.127449	0.0624127
1113	0	0.0624127
1113.5	0	0.0624127
1114	0	0.0624127
1114.5	0	0.0624127
1115	0	0.0624127
1115.5	0	0.0624127
1116	0	0.0624127
1116.5	0	0.0624127
1117	0	0.0624127
1117.5	0.0123792	0.062184
1118	0.127356	0.062213
1118.5	0.12749	0.0622419
1119	0.126995	0.0622455
1119.5	0	0.0622455
1120	0	0.0622455
1120.5	0	0.0622455
1121	0	0.0622455
1121.5	0	0.0622455
1122	0	0.0622455
1122.5	0	0.0622455
1123	0	0.0622455
1123.5	0.00158717	0.0619767
1124	0.128369	0.0620058
1124.5	0.127428	0.0620347
1125	0.12755	0.0620671
1125.5	0.127782	0.062096
1126	0.127506	0.0621248
1126.5	0.127434	0.0621536
1127	0.127397	0.0621823
1127.5	0.127506	0.062211
1128	0.127346	0.0622397
1128.5	0.126049	0.0622681
1129	0.128798	0.0623006
1129.5	0.127485	0.0623256
1130	0.126036	0.0623575
1130.5	0.121881	0.0623848
1131	0.130442	0.0624103
1131.5	0.127284	0.0624388
1132	0.126707	0.0624706
1132.5	0.124513	0.0624984
1133	0.137118	0.0625288
1133.5	0.125203	0.0625532
1134	0	0.0625532
1134.5	0	0.0625532
1135	0	0.0625532
1135.5	0	0.0625532
1136	0.0120306	0.0624364
1136.5	0.127416	0.0624541
1137	0	0.0624541
1137.5	0	0.0624541
1138	0	0.0624541
1138.5	0.0180924	0.062369
1139	0.125577	0.062397
1139.5	0.129161	0.0624292
1140	0.127449	0.0624575
1140.5	0.127449	0.0624858
1141	0.127449	0.062514
1141.5	0.127449	0.0625422
1142	0.127449	0.0625704
1142.5	0.126071	0.0625983
1143	0.127439	0.0626264
1143.5	0.124654	0.0626539
1144	0.123273	0.0626811
1144.5	0.132967	0.062714
1145	0.129297	0.0627424
1145.5	0.12733	0.0627704
1146	0.127539	0.0627914
1146.5	0	0.0627914
1147	0	0.0627914
1147.5	0.0283251	0.0627411
1148	0.127428	0.0627691
1148.5	0.129868	0.0627975
1149	0.127423	0.0628254
1149.5	0.125079	0.0628528
1150	0.128822	0.0628809
1150.5	0.126952	0.0629086
1151	0.125129	0.062936
1151.5	0.129499	0.0629677
1152	0.124799	0.0629915
1152.5	0.129631	0.0630232
1153	0.129215	0.0630513
1153.5	0.125731	0.0630786
1154	0.127335	0.0631062
1154.5	0.127527	0.0631339
1155	0.129148	0.0631654
1155.5	0.127449	0.0631792
1156	0	0.0631792
1156.5	0	0.0631792
1157	0	0.0631792
1157.5	0	0.0631792
1158	0	0.0631792
1158.5	0	0.0631792
1159	0	0.0631792
1159.5	0.0129602	0.0629943
1160	0.127449	0.0630219
1160.5	0.127449	0.0630494
1161	0.127449	0.0630769
1161.5	0.127449	0.0631044
1162	0.127449	0.0631319
1162.5	0.0463691	0.0631245
1163	0.127449	0.063152
1163.5	0.127287	0.0631827
1164	0.127632	0.0632102
1164.5	0.127449	0.0632375
1165	0.127449	0.0632649
1165.5	0.127449	0.0632922
1166	0.127449	0.0633126
1166.5	0.0190285	0.0632969
1167	0	0.0632969
1167.5	0	0.0632969
1168	0	0.0632969
1168.5	0	0.0632969
1169	0	0.0632969
1169.5	0	0.0632969
1170	0	0.0632969
1170.5	0	0.0632969
1171	0	0.0632969
1171.5	0.0134515	0.063072
1172	0.124674	0.0630953
1172.5	0.0863265	0.0631062
1173	0.129916	0.0631339
1173.5	0.111396	0.0631368
1174	0.017343	0.0631013
1174.5	0.129609	0.0631323
1175	0.127408	0.0631595
1175.5	0.127506	0.0631866
1176	0.125124	0.0632132
1176.5	0.131748	0.0632411
1177	0.125064	0.0632677
1177.5	0.127417	0.0632981
1178	0.125327	0.0633246
1178.5	0.126179	0.0633513
1179	0.13215	0.0633792
1179.5	0.127138	0.0634061
1180	0.129525	0.0634335
1180.5	0.127083	0.0634603
1181	0.126849	0.0634904
1181.5	0.122737	0.0635129
1182	0.114593	0.0635249
1182.5	0	0.0635249
1183	0	0.0635249
1183.5	0	0.0635249
1184	0	0.0635249
1184.5	0	0.0635249
1185	0	0.0635249
1185.5	0	0.0635249
1186	0	0.0635249
1186.5	0	0.0635249
1187	0	0.0635249
1187.5	0	0.0635249
1188	0	0.0635249
1188.5	0	0.0635249
1189	0	0.0635249
1189.5	0	0.0635249
1190	0.00190631	0.0630957
1190.5	0.127449	0.0631225
1191	0.126127	0.063149
1191.5	0.127435	0.0631791
1192	0.127496	0.0632059
1192.5	0.12734	0.0632326
1193	0.127361	0.0632592
1193.5	0.127636	0.0632859
1194	0.128778	0.0633129
1194.5	0.127449	0.0633395
1195	0.127449	0.0633694
1195.5	0.127449	0.0633927
1196	0	0.0633927
1196.5	0	0.0633927
1197	0	0.0633927
1197.5	0	0.0633927
1198	0	0.0633927
1198.5	0	0.0633927
1199	0	0.0633927
1199.5	0	0.0633927
1200	0	0.0633927
1200.5	0	0.0633927
1201	0	0.0633927
1201.5	0	0.0633927
1202	0	0.0633927
1202.5	0	0.0633927
1203	0.00311676	0.0630117
1203.5	0.127449	0.0630383
1204	0.127449	0.0630582
1204.5	0	0.0630582
1205	0	0.0630582
1205.5	0	0.0630582
1206	0	0.0630582
1206.5	0.0119908	0.0629466
1207	0.12748	0.0629731
1207.5	0.127463	0.062993
1208	0.0236036	0.0629712
1208.5	0.12733	0.0629976
1209	0.125137	0.0630236
1209.5	0.127025	0.0630466
1210	0	0.0630466
1210.5	0	0.0630466
1211	0	0.0630466
1211.5	0	0.0630466
1212	0	0.0630466
1212.5	0	0.0630466
1213	0	0.0630466
1213.5	0	0.0630466
1214	0	0.0630466
1214.5	0	0.0630466
1215	0	0.0630466
1215.5	0	0.0630466
1216	0	0.0630466
1216.5	0.00110779	0.0626836
1217	0.119348	0.0627052
1217.5	0.114329	0.0627286
1218	0.152778	0.062763
1218.5	0.123541	0.0627885
1219	0.127428	0.0628148
1219.5	0.127501	0.0628411
1220	0.118349	0.0628654
1220.5	0.129199	0.062892
1221	0.139297	0.0629239
1221.5	0.127449	0.0629501
1222	0.120776	0.0629748
1222.5	0.13014	0.0630015
1223	0.0482302	0.0629956
1223.5	0.127449	0.0630217
1224	0.127449	0.0630413
1224.5	0	0.0630413
1225	0.00673112	0.0629873
1225.5	0.127449	0.0630134
1226	0.127449	0.0630395
1226.5	0.127449	0.0630655
1227	0.127449	0.0630915
1227.5	0.127449	0.0631175
1228	0.127449	0.0631467
1228.5	0.127449	0.0631727
1229	0.127449	0.0631986
1229.5	0.127449	0.0632115
1230	0	0.0632115
1230.5	0	0.0632115
1231	0	0.0632115
1231.5	0	0.0632115
1232	0	0.0632115
1232.5	0	0.0632115
1233	0.0145574	0.0630617
1233.5	0.127449	0.0630876
1234	0.127449	0.0631134
1234.5	0.127449	0.0631393
1235	0.123879	0.0631643
1235.5	0.129792	0.0631906
1236	0.126828	0.0632162
1236.5	0.129477	0.0632424
1237	0.127449	0.0632456
1237.5	0	0.0632456
1238	0	0.0632456
1238.5	0	0.0632456
1239	0	0.0632456
1239.5	0.0105743	0.0631187
1240	0.127377	0.0631444
1240.5	0.129948	0.0631705
1241	0.126995	0.0631961
1241.5	0.127504	0.063225
1242	0.127294	0.0632506
1242.5	0.127579	0.0632762
1243	0.129462	0.0633022
1243.5	0.127449	0.0633278
1244	0.127449	0.0633533
1244.5	0.127449	0.0633789
1245	0.127449	0.0634076
1245.5	0.127449	0.0634331
1246	0.127449	0.0634585
1246.5	0.127449	0.063484
1247	0.127449	0.0635094
1247.5	0.127449	0.0635348
1248	0.127449	0.0635602
1248.5	0.127449	0.0635856
1249	0.127449	0.0636141
1249.5	0.125505	0.063639
1250	0.127371	0.0636643
1250.5	0.128545	0.0636898
1251	0.127439	0.063715
1251.5	0.128432	0.0637405
1252	0.127449	0.0637657
1252.5	0.127449	0.0637909
1253	0.127449	0.0638192
1253.5	0.127449	0.0638444
1254	0.127449	0.0638695
1254.5	0.126077	0.0638944
1255	0.127485	0.0639195
1255.5	0.127459	0.0639446
1256	0.126533	0.0639694
1256.5	0.125189	0.063994
1257	0.127408	0.064019
1257.5	0.129547	0.0640476
1258	0.121256	0.0640565
1258.5	0	0.0640565
1259	0	0.0640565
1259.5	0	0.0640565
1260	0	0.0640565
1260.5	0	0.0640565
1261	0	0.0640565
1261.5	0	0.0640565
1262	0	0.0640565
1262.5	0.00987879	0.0638507
1263	0.128836	0.0638759
1263.5	0.127426	0.063904
1264	0.127516	0.0639289
1264.5	0.125355	0.0639534
1265	0.129817	0.0639787
1265.5	0.12405	0.0640029
1266	0.127501	0.0640278
1266.5	0.130985	0.0640532
1267	0.126284	0.0640778
1267.5	0.128503	0.0641059
1268	0.127449	0.0641307
1268.5	0.127449	0.0641554
1269	0.127449	0.0641801
1269.5	0.125396	0.0642044
1270	0.123473	0.0642283
1270.5	0.127542	0.064253
1271	0.127402	0.0642776
1271.5	0.127465	0.0643022
1272	0.126693	0.0643267
1272.5	0.1235	0.0643505
1273	0.132955	0.0643793
1273.5	0.127449	0.0644038
1274	0.127449	0.0644253
1274.5	0.0977537	0.0644401
1275	0.127449	0.0644646
1275.5	0.127449	0.064489
1276	0.127449	0.0645135
1276.5	0.127449	0.0645379
1277	0.127449	0.0645562
1277.5	0	0.0645562
1278	0.0551421	0.0645478
1278.5	0.12156	0.064571
1279	0.127459	0.0645953
1279.5	0.13994	0.064612
1280	0	0.064612
1280.5	0	0.064612
1281	0	0.064612
1281.5	0	0.064612
1282	0	0.064612
1282.5	0	0.064612
1283	0	0.064612
1283.5	0	0.064612
1284	0	0.064612
1284.5	0	0.064612
1285	0	0.064612
1285.5	0	0.064612
1286	0	0.064612
1286.5	0	0.064612
1287	0	0.064612
1287.5	0	0.064612
1288	0	0.064612
1288.5	0	0.064612
1289	0	0.064612
1289.5	0	0.064612
1290	0	0.064612
1290.5	0.00139654	0.0640581
1291	0.131292	0.0640832
1291.5	0.127449	0.0641075
1292	0.127449	0.0641348
1292.5	0.127449	0.0641591
1293	0.127449	0.0641834
1293.5	0.127449	0.0642076
1294	0.127449	0.0642227
1294.5	0	0.0642227
1295	0	0.0642227
1295.5	0	0.0642227
1296	0	0.0642227
1296.5	0	0.0642227
1297	0	0.0642227
1297.5	0	0.0642227
1298	0.00745775	0.0640376
1298.5	0.127449	0.0640618
1299	0.127449	0.0640859
1299.5	0.127449	0.0641101
1300	0.127449	0.0641342
1300.5	0.127449	0.0641584
1301	0.127449	0.0641825
1301.5	0.127449	0.0642096
1302	0.127449	0.0642336
1302.5	0.127449	0.0642577
1303	0.127449	0.0642817
1303.5	0.123369	0.0643049
1304	0.127346	0.0643289
1304.5	0.129932	0.0643533
1305	0.125054	0.0643768
1305.5	0.129921	0.0644012
1306	0.127417	0.0644281
1306.5	0.127444	0.064452
1307	0.125905	0.0644756
1307.5	0.129068	0.0644998
1308	0.125074	0.0645232
1308.5	0.128262	0.0645472
1309	0.129066	0.0645713
1309.5	0.127449	0.0645772
1310	0	0.0645772
1310.5	0	0.0645772
1311	0	0.0645772
1311.5	0	0.0645772
1312	0	0.0645772
1312.5	0	0.0645772
1313	0	0.0645772
1313.5	0	0.0645772
1314	0	0.0645772
1314.5	0	0.0645772
1315	0	0.0645772
1315.5	0	0.0645772
1316	0	0.0645772
1316.5	0	0.0645772
1317	0.00595194	0.064223
1317.5	0.126589	0.0642466
1318	0.127211	0.0642703
1318.5	0.12836	0.0642943
1319	0.127543	0.064318
1319.5	0.128306	0.0643449
1320	0.127449	0.0643656
1320.5	0	0.0643656
1321	0	0.0643656
1321.5	0.0354569	0.0643315
1322	0.127449	0.0643551
1322.5	0.127449	0.0643788
1323	0.127449	0.0644024
1323.5	0.127449	0.064426
1324	0.127449	0.0644496
1324.5	0.127449	0.0644761
1325	0.127449	0.064482
1325.5	0.0564229	0.0644769
1326	0.126388	0.0645002
1326.5	0.127434	0.0645237
1327	0.1244	0.0645409
1327.5	0	0.0645409
1328	0.0138518	0.0644974
1328.5	0.127434	0.0645209
1329	0.12749	0.0645473
1329.5	0.12747	0.0645532
1330	0	0.0645532
1330.5	0	0.0645532
1331	0	0.0645532
1331.5	0	0.0645532
1332	0	0.0645532
1332.5	0	0.0645532
1333	0	0.0645532
1333.5	0	0.0645532
1334	0	0.0645532
1334.5	0.00736449	0.0643235
1335	0.129528	0.0643503
1335.5	0.125164	0.0643733
1336	0.128737	0.0643969
1336.5	0.127485	0.0644203
1337	0.127413	0.0644436
1337.5	0.12978	0.0644674
1338	0.127449	0.0644936
1338.5	0.127449	0.0645169
1339	0.127449	0.0645402
1339.5	0.127449	0.0645635
1340	0.127449	0.0645867
1340.5	0.127449	0.06461
1341	0.127449	0.0646332
1341.5	0.127449	0.0646564
1342	0.127449	0.0646825
1342.5	0.127449	0.0647056
1343	0.127449	0.0647288
1343.5	0.127449	0.0647519
1344	0.127449	0.064775
1344.5	0.127449	0.0647981
1345	0.127449	0.0648212
1345.5	0.126228	0.064844
1346	0.127351	0.064867
1346.5	0.127415	0.0648843
1347	0	0.0648843
1347.5	0	0.0648843
1348	0.0143257	0.0648223
1348.5	0.127449	0.0648453
1349	0.127449	0.0648683
1349.5	0.127449	0.0648942
1350	0.127449	0.0649171
1350.5	0.127449	0.06494
1351	0.127449	0.064963
1351.5	0.127449	0.0649859
1352	0.127449	0.0650088
1352.5	0.127449	0.0650316
1353	0.127449	0.0650545
1353.5	0.125351	0.0650769
1354	0.127348	0.0651026
1354.5	0.128514	0.0651256
1355	0.125174	0.0651479
1355.5	0.129851	0.0651711
1356	0.125278	0.0651935
1356.5	0.130357	0.0652168
1357	0.127967	0.0652396
1357.5	0.127449	0.0652651
1358	0.127449	0.0652878
1358.5	0.125226	0.06531
1359	0.12748	0.0653327
1359.5	0.12732	0.0653553
1360	0.128051	0.065378
1360.5	0.12374	0.0653999
1361	0.129766	0.0654229
1361.5	0.130444	0.0654461
1362	0.127472	0.0654714
1362.5	0.127397	0.065494
1363	0.127299	0.0655164
1363.5	0.127214	0.0655389
1364	0.099011	0.0655409
1364.5	0	0.0655409
1365	0	0.0655409
1365.5	0	0.0655409
1366	0.0130073	0.0654475
1366.5	0.127449	0.06547
1367	0.127449	0.0654925
1367.5	0.127449	0.0655177
1368	0.127449	0.0655401
1368.5	0.127449	0.0655625
1369	0.127127	0.0655849
1369.5	0.127351	0.0656072
1370	0.127439	0.0656296
1370.5	0.127542	0.065652
1371	0.127361	0.0656743
1371.5	0.127454	0.0656994
1372	0.127465	0.0657217
1372.5	0.127408	0.0657439
1373	0.127898	0.0657663
1373.5	0.127449	0.0657885
1374	0.127449	0.0658108
1374.5	0.127449	0.065833
1375	0.127449	0.0658552
1375.5	0.127449	0.0658801
1376	0.127449	0.0658884
1376.5	0	0.0658884
1377	0	0.0658884
1377.5	0	0.0658884
1378	0.0171947	0.0658074
1378.5	0.127449	0.0658295
1379	0.127449	0.0658516
1379.5	0.127449	0.0658627
1380	0	0.0658627
1380.5	0	0.0658627
1381	0	0.0658627
1381.5	0	0.0658627
1382	0	0.0658627
1382.5	0	0.0658627
1383	0	0.0658627
1383.5	0	0.0658627
1384	0	0.0658627
1384.5	0	0.0658627
1385	0	0.0658627
1385.5	0	0.0658627
1386	0	0.0658627
1386.5	0	0.0658627
1387	0	0.0658627
1387.5	0	0.0658627
1388	0	0.0658627
1388.5	0.00675431	0.0654648
1389	0.127449	0.0654869
1389.5	0.127449	0.065509
1390	0.127449	0.0655311
1390.5	0.127449	0.0655531
1391	0.127449	0.0655752
1391.5	0.127449	0.0656
1392	0.127449	0.0656192
1392.5	0	0.0656192
1393	0	0.0656192
1393.5	0.0310107	0.0655813
1394	0.127449	0.065606
1394.5	0.127449	0.0656198
1395	0	0.0656198
1395.5	0	0.0656198
1396	0	0.0656198
1396.5	0	0.0656198
1397	0	0.0656198
1397.5	0	0.0656198
1398	0	0.0656198
1398.5	0	0.0656198
1399	0	0.0656198
1399.5	0.00454666	0.0653926
1400	0.127449	0.0654145
1400.5	0.126181	0.0654362
1401	0.127563	0.0654582
1401.5	0.127439	0.0654801
1402	0.127346	0.0655019
1402.5	0.127558	0.0655238
1403	0.127426	0.0655484
1403.5	0.128659	0.0655705
1404	0.127449	0.0655923
1404.5	0.127449	0.0656141
1405	0.127449	0.0656359
1405.5	0.127449	0.0656577
1406	0.127449	0.0656795
1406.5	0.127449	0.065704
1407	0.127449	0.0657148
1407.5	0	0.0657148
1408	0	0.0657148
1408.5	0	0.0657148
1409	0	0.0657148
1409.5	0	0.0657148
1410	0	0.0657148
1410.5	0	0.0657148
1411	0	0.0657148
1411.5	0	0.0657148
1412	0	0.0657148
1412.5	0.00146618	0.06547
1413	0.0519149	0.0654612
1413.5	0.127392	0.0654829
1414	0.127402	0.0655046
1414.5	0.127553	0.0655263
1415	0.12749	0.065548
1415.5	0.127325	0.0655697
1416	0.127568	0.0655913
1416.5	0.12734	0.0656129
1417	0.0938355	0.065623
1417.5	0.128059	0.065642
1418	0	0.065642
1418.5	0	0.065642
1419	0	0.065642
1419.5	0.01479	0.0655655
1420	0.125024	0.0655867
1420.5	0.130313	0.065606
1421	0	0.065606
1421.5	0	0.065606
1422	0	0.065606
1422.5	0	0.065606
1423	0	0.065606
1423.5	0.0205861	0.065509
1424	0.12607	0.0655303
1424.5	0.127377	0.0655518
1425	0.127579	0.0655734
1425.5	0.127273	0.0655948
1426	0.121847	0.0656153
1426.5	0.126924	0.0656366
1427	0.134783	0.0656622
1427.5	0.125425	0.0656832
1428	0.129535	0.065705
1428.5	0.127542	0.0657264
1429	0.125526	0.0657475
1429.5	0.127227	0.0657688
1430	0.12755	0.0657929
1430.5	0.129782	0.0658146
1431	0.125209	0.0658355
1431.5	0.127408	0.0658569
1432	0.129814	0.0658786
1432.5	0.125059	0.0658994
1433	0.129932	0.0659211
1433.5	0.125268	0.065942
1434	0.122776	0.0659624
1434.5	0.132542	0.0659845
1435	0.123347	0.0660075
1435.5	0.130079	0.0660291
1436	0.129646	0.0660507
1436.5	0.124918	0.0660714
1437	0.130096	0.066093
1437.5	0.127387	0.0661141
1438	0.12734	0.0661353
1438.5	0.1254	0.0661586
1439	0.128032	0.0661612
1439.5	0	0.0661612
1440	0	0.0661612
1440.5	0	0.0661612
1441	0.0162731	0.0660773
1441.5	0.131586	0.0660828
1442	0	0.0660828
1442.5	0	0.0660828
1443	0	0.0660828
1443.5	0	0.0660828
1444	0	0.0660828
1444.5	0	0.0660828
1445	0	0.0660828
1445.5	0	0.0660828
1446	0	0.0660828
1446.5	0	0.0660828
1447	0	0.0660828
1447.5	0.00494311	0.0658131
1448	0.129431	0.0658319
1448.5	0	0.0658319
1449	0.0419771	0.0658133
1449.5	0.127496	0.0658344
1450	0.128367	0.0658556
1450.5	0.125179	0.0658762
1451	0.119469	0.0658957
1451.5	0.136366	0.0659182
1452	0.11829	0.0659374
1452.5	0.139976	0.0659604
1453	0.127481	0.065984
1453.5	0.125084	0.0660045
1454	0.127423	0.0660254
1454.5	0.129835	0.0660467
1455	0.127606	0.0660677
1455.5	0.125069	0.0660881
1456	0.125069	0.0661086
1456.5	0.129613	0.0661324
1457	0.125139	0.0661529
1457.5	0.132419	0.0661745
1458	0.122882	0.0661945
1458.5	0.131298	0.066216
1459	0.129462	0.0662371
1459.5	0.122911	0.066257
1460	0.127371	0.0662778
1460.5	0.131862	0.066302
1461	0.127374	0.0663227
1461.5	0.125004	0.0663429
1462	0.127563	0.0663637
1462.5	0.129938	0.0663848
1463	0.127466	0.0663977
1463.5	0	0.0663977
1464	0	0.0663977
1464.5	0	0.0663977
1465	0	0.0663977
1465.5	0	0.0663977
1466	0	0.0663977
1466.5	0	0.0663977
1467	0	0.0663977
1467.5	0	0.0663977
1468	0	0.0663977
1468.5	0	0.0663977
1469	0	0.0663977
1469.5	0	0.0663977
1470	0	0.0663977
1470.5	0	0.0663977
1471	0	0.0663977
1471.5	0	0.0663977
1472	0	0.0663977
1472.5	0	0.0663977
1473	0	0.0663977
1473.5	0.00073129	0.065917
1474	0.136023	0.0659197
1474.5	0	0.0659197
1475	0	0.0659197
1475.5	0	0.0659197
1476	0	0.0659197
1476.5	0	0.0659197
1477	0	0.0659197
1477.5	0	0.0659197
1478	0	0.0659197
1478.5	0	0.0659197
1479	0	0.0659197
1479.5	0	0.0659197
1480	0	0.0659197
1480.5	0	0.0659197
1481	0	0.0659197
1481.5	0	0.0659197
1482	0	0.0659197
1482.5	0.00614819	0.0655576
1483	0.127449	0.0655783
1483.5	0.127449	0.0655989
1484	0.127449	0.0656196
1484.5	0.127449	0.0656402
1485	0.127449	0.0656505
1485.5	0	0.0656505
1486	0	0.0656505
1486.5	0.0176956	0.065593
1487	0.127377	0.0656136
1487.5	0.127751	0.0656342
1488	0.127449	0.0656574
1488.5	0.127449	0.0656779
1489	0.127449	0.0656984
1489.5	0.127449	0.0657087
1490	0	0.0657087
1490.5	0.0499662	0.0656954
1491	0.127465	0.0657159
1491.5	0.127589	0.0657364
1492	0.127304	0.0657569
1492.5	0.127573	0.0657773
1493	0.127346	0.0657978
1493.5	0.127441	0.0658105
1494	0	0.0658105
1494.5	0	0.0658105
1495	0	0.0658105
1495.5	0	0.0658105
1496	0	0.0658105
1496.5	0	0.0658105
1497	0	0.0658105
1497.5	0	0.0658105
1498	0.00330718	0.0656115
1498.5	0.127449	0.065632
1499	0.127449	0.0656524
1499.5	0.127449	0.0656728
1500	0.127449	0.0656932
1500.5	0.127449	0.0657135
1501	0.127449	0.0657339
1501.5	0.0475556	0.0657279
1502	0.127449	0.0657482
1502.5	0.127449	0.0657711
1503	0.127449	0.0657736
1503.5	0	0.0657736
1504	0	0.0657736
1504.5	0	0.0657736
1505	0	0.0657736
1505.5	0	0.0657736
1506	0	0.0657736
1506.5	0	0.0657736
1507	0	0.0657736
1507.5	0	0.0657736
1508	0	0.0657736
1508.5	0	0.0657736
1509	0	0.0657736
1509.5	0	0.0657736
1510	0	0.0657736
1510.5	0	0.0657736
1511	0	0.0657736
1511.5	0.000877452	0.0653877
1512	0.127439	0.065408
1512.5	0.128092	0.0654284
1513	0.127449	0.0654487
1513.5	0.127449	0.065469
1514	0.127449	0.0654893
1514.5	0.127449	0.0655095
1515	0.127449	0.0655323
1515.5	0	0.0655323
1516	0	0.0655323
1516.5	0	0.0655323
1517	0	0.0655323
1517.5	0	0.0655323
1518	0	0.0655323
1518.5	0	0.0655323
1519	0	0.0655323
1519.5	0	0.0655323
1520	0	0.0655323
1520.5	0	0.0655323
1521	0	0.0655323
1521.5	0	0.0655323
1522	0	0.0655323
1522.5	0	0.0655323
1523	0	0.0655323
1523.5	0.000922913	0.0651699
1524	0.127382	0.0651876
1524.5	0	0.0651876
1525	0	0.0651876
1525.5	0.0132473	0.0651471
1526	0	0.0651471
1526.5	0	0.0651471
1527	0	0.0651471
1527.5	0	0.0651471
1528	0	0.0651471
1528.5	0.00933565	0.0650237
1529	0.124904	0.065041
1529.5	0.12228	0.0650627
1530	0.142737	0.0650823
1530.5	0.0936233	0.0650933
1531	0.16576	0.0651277
1531.5	0.0672873	0.0651284
1532	0.158411	0.0651496
1532.5	0.0917104	0.0651616
1533	0.0952224	0.0651697
1533.5	0.213895	0.0652233
1534	0.124527	0.0652405
1534.5	0	0.0652405
1535	0	0.0652405
1535.5	0	0.0652405
1536	0	0.0652405
1536.5	0	0.0652405
1537	0.0025361	0.0651136
1537.5	0.127449	0.0651211
1538	0	0.0651211
1538.5	0.0364328	0.0650969
1539	0.127449	0.065117
1539.5	0.127449	0.0651395
1540	0.127449	0.0651595
1540.5	0.127449	0.0651796
1541	0.127449	0.0651996
1541.5	0.12619	0.0652193
1542	0.127542	0.0652393
1542.5	0.127423	0.0652593
1543	0.127418	0.0652792
1543.5	0.127458	0.0653017
1544	0.127392	0.0653216
1544.5	0.127511	0.0653415
1545	0.127506	0.0653614
1545.5	0.127346	0.0653813
1546	0.12748	0.0654012
1546.5	0.128697	0.0654212
1547	0.127449	0.0654411
1547.5	0.127449	0.0654634
1548	0.127307	0.0654832
1548.5	0.127592	0.065503
1549	0.127449	0.0655228
1549.5	0.127449	0.0655426
1550	0.127449	0.0655624
1550.5	0.127449	0.0655821
1551	0.127449	0.0656019
1551.5	0.127449	0.0656216
1552	0.125013	0.0656361
1552.5	0	0.0656361
1553	0.0401577	0.0656168
1553.5	0.127745	0.0656365
1554	0.128139	0.0656563
1554.5	0.127449	0.065676
1555	0.107478	0.0656898
1555.5	0.124229	0.0657089
1556	0.126279	0.0657284
1556.5	0.124801	0.0657475
1557	0.11841	0.0657566
1557.5	0.0962494	0.065771
1558	0.182942	0.0658099
1558.5	0.0729913	0.0658119
1559	0.168367	0.0658489
1559.5	0.130974	0.0658665
1560	0	0.0658665
1560.5	0	0.0658665
1561	0	0.0658665
1561.5	0	0.0658665
1562	0	0.0658665
1562.5	0	0.0658665
1563	0	0.0658665
1563.5	0	0.0658665
1564	0	0.0658665
1564.5	0	0.0658665
1565	0.0112616	0.065671
1565.5	0.127389	0.0656905
1566	0.125154	0.0657097
1566.5	0.129892	0.0657296
1567	0.127449	0.0657393
1567.5	0.0716716	0.0657422
1568	0.127449	0.0657617
1568.5	0.127449	0.0657641
1569	0	0.0657641
1569.5	0	0.0657641
1570	0	0.0657641
1570.5	0.0225594	0.0656968
1571	0.128854	0.065719
1571.5	0.127392	0.0657384
1572	0.127418	0.0657578
1572.5	0.127516	0.0657773
1573	0.127465	0.0657967
1573.5	0.127444	0.0658161
1574	0	0.0658161
1574.5	0	0.0658161
1575	0	0.0658161
1575.5	0	0.0658161
1576	0	0.0658161
1576.5	0	0.0658161
1577	0.0156331	0.0657037
1577.5	0.127449	0.0657231
1578	0.127449	0.0657424
1578.5	0.127243	0.0657642
1579	0.127366	0.0657811
1579.5	0	0.0657811
1580	0	0.0657811
1580.5	0.0155102	0.0657326
1581	0.122808	0.0657511
1581.5	0.12747	0.0657704
1582	0.129623	0.0657925
1582.5	0.126708	0.0658117
1583	0.127461	0.065831
1583.5	0.134232	0.0658386
1584	0	0.0658386
1584.5	0	0.0658386
1585	0	0.0658386
1585.5	0	0.0658386
1586	0.0138979	0.0657457
1586.5	0.127449	0.0657649
1587	0.127449	0.0657842
1587.5	0.127449	0.0657938
1588	0	0.0657938
1588.5	0	0.0657938
1589	0	0.0657938
1589.5	0	0.0657938
1590	0	0.0657938
1590.5	0	0.0657938
1591	0	0.0657938
1591.5	0	0.0657938
1592	0	0.0657938
1592.5	0	0.0657938
1593	0	0.0657938
1593.5	0	0.0657938
1594	0.00927522	0.0655526
1594.5	0.127449	0.065567
1595	0	0.065567
1595.5	0	0.065567
1596	0	0.065567
1596.5	0	0.065567
1597	0	0.065567
1597.5	0	0.065567
1598	0	0.065567
1598.5	0.011445	0.0654271
1599	0.127449	0.0654463
1599.5	0.127449	0.0654655
1600	0.127449	0.0654823
