12.5	0.000629737	0.296246
13	0.130435	0.138168
13.5	0.125054	0.132015
14	0.127516	0.130598
14.5	0	0.130598
15	0	0.130598
15.5	0	0.130598
16	0	0.130598
16.5	0	0.130598
17	0	0.130598
17.5	0	0.130598
18	0	0.130598
18.5	0	0.130598
19	0	0.130598
19.5	0	0.130598
20	0	0.130598
20.5	0	0.130598
21	0	0.130598
21.5	0	0.130598
22	0	0.130598
22.5	0	0.130598
23	0.00356994	0.022735
23.5	0	0.022735
24	0	0.022735
24.5	0	0.022735
25	0	0.022735
25.5	0.0176286	0.021688
26	0.121407	0.0231507
26.5	0	0.0231507
27	0	0.0231507
27.5	0.0345409	0.0245274
28	0.127449	0.0277919
28.5	0.12338	0.0308244
29	0.127444	0.0337035
29.5	0.129332	0.0367614
30	0.124999	0.0392822
30.5	0.130002	0.0417077
31	0.127351	0.0439829
31.5	0.125286	0.0461208
32	0.122946	0.0481256
32.5	0	0.0481256
33	0.0318422	0.0473446
33.5	0.127593	0.0492207
34	0.129671	0.0510299
34.5	0.124961	0.0527157
35	0.129752	0.0545731
35.5	0.127263	0.0561275
36	0.129489	0.0576375
36.5	0.127272	0.0590659
37	0.125044	0.0604152
37.5	0.130058	0.0617581
38	0.127397	0.0623979
38.5	0	0.0623979
39	0	0.0623979
39.5	0	0.0623979
40	0	0.0623979
40.5	0.0114013	0.0573892
41	0.123502	0.0585668
41.5	0.131175	0.0599112
42	0.127449	0.0610362
42.5	0.127449	0.0621244
43	0.127449	0.0631774
43.5	0.127449	0.0641971
44	0.127449	0.0651849
44.5	0.127449	0.0661423
45	0.127449	0.0670708
45.5	0.127449	0.0680822
46	0.127449	0.0689532
46.5	0.127449	0.0697991
47	0.127449	0.0706208
47.5	0.127449	0.0714194
48	0.127449	0.0721959
48.5	0.127449	0.0729512
49	0.127449	0.0737765
49.5	0.127449	0.0740461
50	0	0.0740461
50.5	0	0.0740461
51	0	0.0740461
51.5	0	0.0740461
52	0	0.0740461
52.5	0	0.0740461
53	0	0.0740461
53.5	0	0.0740461
54	0	0.0740461
54.5	0	0.0740461
55	0	0.0740461
55.5	0	0.0740461
56	0	0.0740461
56.5	0	0.0740461
57	0.00201916	0.0614785
57.5	0.127366	0.0621996
58	0.127509	0.062993
58.5	0.127418	0.0636817
59	0.129881	0.0643688
59.5	0.127449	0.065029
60	0.127449	0.0656755
60.5	0.127449	0.0663088
61	0.127449	0.0669293
61.5	0.127449	0.0676124
62	0.127449	0.0682068
62.5	0.127449	0.0684996
63	0	0.0684996
63.5	0	0.0684996
64	0	0.0684996
64.5	0	0.0684996
65	0	0.0684996
65.5	0	0.0684996
66	0	0.0684996
66.5	0	0.0684996
67	0	0.0684996
67.5	0	0.0684996
68	0	0.0684996
68.5	0	0.0684996
69	0	0.0684996
69.5	0	0.0684996
70	0	0.0684996
70.5	0	0.0684996
71	0	0.0684996
71.5	0	0.0684996
72	0	0.0684996
72.5	0	0.0684996
73	0	0.0684996
73.5	0.00278617	0.0563828
74	0.129878	0.0569596
74.5	0.125119	0.0575105
75	0.129884	0.0580696
75.5	0.125054	0.0586027
76	0.127434	0.0591362
76.5	0.13165	0.0597431
77	0.125188	0.0602511
77.5	0.129793	0.0607679
78	0.127449	0.0612688
78.5	0.127449	0.0617622
79	0.127277	0.0622477
79.5	0.125315	0.0627188
80	0.129836	0.0631992
80.5	0.127449	0.063722
81	0.127449	0.0641228
81.5	0.126795	0.0646281
82	0.128192	0.0650755
82.5	0.127449	0.0651857
83	0	0.0651857
83.5	0.00573393	0.0640408
84	0.127351	0.0644769
84.5	0.127434	0.0649074
85	0.126939	0.0653302
85.5	0.127375	0.0658008
86	0.127418	0.0662133
86.5	0.127636	0.066621
87	0.127434	0.0670227
87.5	0.122373	0.0674008
88	0.126241	0.0677879
88.5	0.134288	0.0681967
89	0.12747	0.068578
89.5	0.127339	0.0690006
90	0.129376	0.0693782
90.5	0.126335	0.0697407
91	0.127546	0.069877
91.5	0	0.069877
92	0	0.069877
92.5	0	0.069877
93	0	0.069877
93.5	0	0.069877
94	0.00238081	0.0671496
94.5	0.127454	0.0675116
95	0.128598	0.0679177
95.5	0.127449	0.0682705
96	0.127449	0.0686192
96.5	0.127449	0.0686625
97	0	0.0686625
97.5	0.0109058	0.0676858
98	0.125905	0.0680249
98.5	0.127242	0.0683643
99	0.129244	0.0687059
99.5	0.127449	0.0690382
100	0.127449	0.0693668
100.5	0.125734	0.0696864
101	0.127348	0.0700472
101.5	0.127662	0.0703652
102	0.127346	0.0706787
102.5	0.128166	0.0709913
103	0.127077	0.0710297
103.5	0	0.0710297
104	0.0214778	0.0702392
104.5	0.127449	0.0705452
105	0.127449	0.0708479
105.5	0.127449	0.0711474
106	0.127449	0.0714437
106.5	0.127449	0.0717369
107	0.127449	0.0720271
107.5	0.127449	0.07235
108	0.127449	0.0726339
108.5	0.12596	0.0729104
109	0.127439	0.0731884
109.5	0.127465	0.0734637
110	0.127392	0.0737361
110.5	0.127532	0.0740061
111	0.12568	0.0742679
111.5	0.133895	0.074374
112	0	0.074374
112.5	0	0.074374
113	0	0.074374
113.5	0	0.074374
114	0	0.074374
114.5	0	0.074374
115	0.0101973	0.0719674
115.5	0.1088	0.0721478
116	0.145691	0.0724919
116.5	0.132617	0.0727654
117	0.127359	0.0730547
117.5	0.127529	0.0733099
118	0.127397	0.0735622
118.5	0.127573	0.0738127
119	0.127423	0.0740605
119.5	0.131313	0.0742206
120	0	0.0742206
120.5	0	0.0742206
121	0	0.0742206
121.5	0	0.0742206
122	0	0.0742206
122.5	0	0.0742206
123	0.0189197	0.0723545
123.5	0.122147	0.0725561
124	0.129648	0.0728347
124.5	0.129192	0.073079
125	0.125742	0.0733125
125.5	0.129905	0.0735543
126	0.122805	0.073776
126.5	0.132959	0.0740514
127	0.122647	0.0742414
127.5	0.128247	0.0744997
128	0.127277	0.0746687
128.5	0.0765316	0.0746786
129	0.129868	0.0749074
129.5	0.124998	0.0751223
130	0.130036	0.0753477
130.5	0.127846	0.0755932
131	0.127237	0.075808
131.5	0.127661	0.0760221
132	0.127403	0.0762337
132.5	0.125906	0.07644
133	0.128613	0.0766511
133.5	0.127428	0.0768577
134	0.127387	0.0770625
134.5	0.127414	0.0772657
135	0.12748	0.0774926
135.5	0.124015	0.07766
136	0.130217	0.0778906
136.5	0.126055	0.0780839
137	0.127714	0.0782797
137.5	0.127304	0.0784729
138	0.127444	0.078665
138.5	0.127392	0.0788554
139	0.12749	0.0790682
139.5	0.128283	0.0790919
140	0	0.0790919
140.5	0	0.0790919
141	0	0.0790919
141.5	0	0.0790919
142	0	0.0790919
142.5	0.00473582	0.0771966
143	0	0.0771966
143.5	0	0.0771966
144	0	0.0771966
144.5	0	0.0771966
145	0	0.0771966
145.5	0	0.0771966
146	0	0.0771966
146.5	0.00763744	0.0750652
147	0.127428	0.0752568
147.5	0.128385	0.0754491
148	0.12623	0.0756353
148.5	0.128691	0.0758255
149	0.127449	0.075942
149.5	0	0.075942
150	0	0.075942
150.5	0	0.075942
151	0	0.075942
151.5	0	0.075942
152	0	0.075942
152.5	0	0.075942
153	0	0.075942
153.5	0	0.075942
154	0	0.075942
154.5	0	0.075942
155	0	0.075942
155.5	0	0.075942
156	0	0.075942
156.5	0	0.075942
157	0	0.075942
157.5	0	0.075942
158	0.00595997	0.0715125
158.5	0.128578	0.0717033
159	0.127547	0.0718907
159.5	0.127316	0.0720997
160	0.127589	0.0722846
160.5	0.126602	0.0724664
161	0.127326	0.0726484
161.5	0.127594	0.0728297
162	0.129545	0.0730134
162.5	0.127449	0.0730805
163	0	0.0730805
163.5	0	0.0730805
164	0	0.0730805
164.5	0	0.0730805
165	0	0.0730805
165.5	0	0.0730805
166	0	0.0730805
166.5	0	0.0730805
167	0	0.0730805
167.5	0	0.0730805
168	0	0.0730805
168.5	0.00370432	0.0702569
169	0.127449	0.0704368
169.5	0.127504	0.070571
170	0	0.070571
170.5	0	0.070571
171	0	0.070571
171.5	0.00737812	0.0697263
172	0.127449	0.0699044
172.5	0.126549	0.0700799
173	0.127532	0.070256
173.5	0.127394	0.0703216
174	0	0.0703216
174.5	0	0.0703216
175	0	0.0703216
175.5	0	0.0703216
176	0	0.0703216
176.5	0	0.0703216
177	0	0.0703216
177.5	0	0.0703216
178	0.00973737	0.0685531
178.5	0.127496	0.0687278
179	0.127444	0.0689013
179.5	0.127418	0.0690739
180	0.127584	0.0691599
180.5	0	0.0691599
181	0	0.0691599
181.5	0	0.0691599
182	0	0.0691599
182.5	0	0.0691599
183	0	0.0691599
183.5	0	0.0691599
184	0	0.0691599
184.5	0	0.0691599
185	0	0.0691599
185.5	0	0.0691599
186	0	0.0691599
186.5	0	0.0691599
187	0	0.0691599
187.5	0	0.0691599
188	0	0.0691599
188.5	0	0.0691599
189	0	0.0691599
189.5	0	0.0691599
190	0	0.0691599
190.5	0	0.0691599
191	0	0.0691599
191.5	0	0.0691599
192	0	0.0691599
192.5	0	0.0691599
193	0	0.0691599
193.5	0	0.0691599
194	0	0.0691599
194.5	0	0.0691599
195	0	0.0691599
195.5	0	0.0691599
196	0	0.0691599
196.5	0	0.0691599
197	0	0.0691599
197.5	0	0.0691599
198	0	0.0691599
198.5	0	0.0691599
199	0	0.0691599
199.5	0	0.0691599
200	0	0.0691599
200.5	0.00264193	0.0618093
201	0.127397	0.0619806
201.5	0.125154	0.0621482
202	0.127449	0.0623178
202.5	0.121074	0.062478
203	0.12239	0.0626392
203.5	0.131345	0.0628109
204	0.139789	0.0630139
204.5	0.125294	0.0631763
205	0.127413	0.0633406
205.5	0.137033	0.0633843
206	0	0.0633843
206.5	0	0.0633843
207	0	0.0633843
207.5	0	0.0633843
208	0	0.0633843
208.5	0	0.0633843
209	0	0.0633843
209.5	0	0.0633843
210	0	0.0633843
210.5	0	0.0633843
211	0	0.0633843
211.5	0.00979795	0.0616605
212	0.127434	0.0618228
212.5	0.127449	0.0619843
213	0.125024	0.062142
213.5	0.127444	0.0623019
214	0.12747	0.0624611
214.5	0.127475	0.0626195
215	0.130366	0.0628006
215.5	0.127607	0.0629379
216	0.126903	0.0631127
216.5	0.12761	0.0632681
217	0.11576	0.0633551
217.5	0.132593	0.0635749
218	0.127151	0.0636894
218.5	0.0367615	0.0636058
219	0.123987	0.0637353
219.5	0.128133	0.0639066
220	0.127783	0.0640389
220.5	0.0755745	0.0640562
221	0.0108583	0.0638719
221.5	0.105577	0.0639756
222	0.116659	0.0641108
222.5	0.0625047	0.064107
223	0.129562	0.0642576
223.5	0.0919178	0.0643247
224	0.264414	0.0645774
224.5	0	0.0645774
225	0	0.0645774
225.5	0	0.0645774
226	0.0284551	0.0642044
226.5	0.127423	0.0643499
227	0.127558	0.0644948
227.5	0.127366	0.0646568
228	0.125134	0.0647975
228.5	0.130002	0.0649431
229	0.127356	0.0650851
229.5	0.127522	0.0652267
230	0.127893	0.0652974
230.5	0	0.0652974
231	0	0.0652974
231.5	0	0.0652974
232	0	0.0652974
232.5	0	0.0652974
233	0	0.0652974
233.5	0	0.0652974
234	0	0.0652974
234.5	0	0.0652974
235	0	0.0652974
235.5	0	0.0652974
236	0	0.0652974
236.5	0.00464561	0.0634692
237	0.127315	0.0636093
237.5	0.127703	0.0637493
238	0.127356	0.0638883
238.5	0.122892	0.0640215
239	0.129609	0.0641792
239.5	0.125104	0.0643138
240	0.127397	0.0644503
240.5	0.129693	0.0645887
241	0.12749	0.0647242
241.5	0.130061	0.0648618
242	0.125029	0.0649933
242.5	0.137417	0.0650293
243	0	0.0650293
243.5	0	0.0650293
244	0	0.0650293
244.5	0	0.0650293
245	0	0.0650293
245.5	0	0.0650293
246	0	0.0650293
246.5	0.00357128	0.0638759
247	0.124125	0.0639246
247.5	0	0.0639246
248	0	0.0639246
248.5	0	0.0639246
249	0	0.0639246
249.5	0	0.0639246
250	0.0141419	0.0632273
250.5	0.126202	0.0633588
251	0.125272	0.0634888
251.5	0.129642	0.0636228
252	0.12762	0.0637541
252.5	0.128607	0.0638859
253	0.127449	0.0640323
253.5	0.127449	0.0641618
254	0.127449	0.0642908
254.5	0.127449	0.0644193
255	0.127449	0.0645472
255.5	0.127449	0.0646746
256	0.127449	0.0648015
256.5	0.127449	0.0649437
257	0.127449	0.0650695
257.5	0.127449	0.0651948
258	0.127449	0.0653197
258.5	0.127449	0.065444
259	0.127449	0.0655678
259.5	0.127449	0.0656911
260	0.127449	0.0657526
260.5	0	0.0657526
261	0	0.0657526
261.5	0.00450293	0.0653242
262	0.127449	0.0654621
262.5	0.127449	0.0655841
263	0.127449	0.0657056
263.5	0.127449	0.0658267
264	0.127449	0.0659473
264.5	0.127449	0.0660675
265	0.127449	0.0661871
265.5	0.127449	0.0663063
266	0.127449	0.0664399
266.5	0.127449	0.0665581
267	0.127449	0.0666759
267.5	0.127449	0.0667932
268	0.127449	0.0669101
268.5	0.127449	0.0670265
269	0.127449	0.0671424
269.5	0.127449	0.0672579
270	0.127449	0.0673874
270.5	0.127449	0.067502
271	0.127449	0.0676161
271.5	0.127449	0.0677298
272	0.127449	0.0678431
272.5	0.127449	0.067956
273	0.127449	0.0680684
273.5	0.127449	0.0681804
274	0.127449	0.0683059
274.5	0.127449	0.068417
275	0.127449	0.0685277
275.5	0.127449	0.068638
276	0.127449	0.0687478
276.5	0.125574	0.0688554
277	0.127516	0.0689645
277.5	0.125054	0.0690707
278	0.130495	0.0691958
278.5	0.127423	0.0693035
279	0.125134	0.0694086
279.5	0.1299	0.069518
280	0.128182	0.0696253
280.5	0.125154	0.0697292
281	0.125044	0.0698325
281.5	0.132447	0.0699428
282	0.126795	0.0700602
282.5	0.127351	0.0701647
283	0.127553	0.0702691
283.5	0.127402	0.0703729
284	0.127444	0.0704763
284.5	0.126293	0.0705783
285	0.108726	0.070649
285.5	0.148487	0.0707845
286	0.128347	0.0709002
286.5	0.127449	0.0710018
287	0.12632	0.0711019
287.5	0.127361	0.0712026
288	0.127434	0.0713031
288.5	0.128544	0.0714043
289	0.127251	0.0715039
289.5	0.127449	0.0716034
290	0.125443	0.0717004
290.5	0.127481	0.0718115
291	0.129552	0.0719119
291.5	0.12747	0.0720099
292	0.127387	0.0721074
292.5	0.127496	0.0722048
293	0.127465	0.0723017
293.5	0.12614	0.072397
294	0.127431	0.0725053
294.5	0.127449	0.0725892
295	0	0.0725892
295.5	0.015482	0.0723848
296	0.127348	0.0724922
296.5	0.127465	0.0725875
297	0.127496	0.0726825
297.5	0.12748	0.0727771
298	0.127418	0.0728713
298.5	0.127507	0.0729301
299	0	0.0729301
299.5	0	0.0729301
300	0	0.0729301
300.5	0	0.0729301
301	0	0.0729301
301.5	0	0.0729301
302	0.00850601	0.0721094
302.5	0.127449	0.0722034
303	0.127449	0.072297
303.5	0.127449	0.0723903
304	0.127449	0.0724949
304.5	0.127449	0.0725875
305	0.127449	0.0726798
305.5	0.127449	0.0727718
306	0.127449	0.0728635
306.5	0.127449	0.0729549
307	0.127449	0.0730233
307.5	0.0594899	0.0729931
308	0.127418	0.0730837
308.5	0.127439	0.0731741
309	0.127418	0.0732642
309.5	0.127454	0.073354
310	0.125305	0.0734415
310.5	0.127781	0.0734639
311	0	0.0734639
311.5	0	0.0734639
312	0	0.0734639
312.5	0.00651461	0.0729266
313	0.127308	0.0730158
313.5	0.127346	0.0731047
314	0.127694	0.0731937
314.5	0.127449	0.0732821
315	0.127108	0.0733699
315.5	0.127722	0.0734691
316	0.127484	0.0735566
316.5	0.127449	0.0736439
317	0.127449	0.0737309
317.5	0.126542	0.0738167
318	0.127416	0.0738707
318.5	0	0.0738707
319	0	0.0738707
319.5	0.0324387	0.0736424
320	0.121692	0.0737229
320.5	0.127449	0.0738088
321	0.127449	0.0738837
321.5	0	0.0738837
322	0	0.0738837
322.5	0	0.0738837
323	0	0.0738837
323.5	0.0154444	0.0734066
324	0.127371	0.0734919
324.5	0.1282	0.0735885
325	0.127449	0.0736733
325.5	0.127449	0.0737579
326	0.127449	0.0738422
326.5	0.127449	0.0739262
327	0.125875	0.0740085
327.5	0.124212	0.074089
328	0.130914	0.0741753
328.5	0.128834	0.0742701
329	0.127449	0.0743528
329.5	0.125559	0.0744335
330	0.127547	0.0745158
330.5	0.127459	0.0745977
331	0.127226	0.0746487
331.5	0	0.0746487
332	0	0.0746487
332.5	0	0.0746487
333	0	0.0746487
333.5	0	0.0746487
334	0	0.0746487
334.5	0	0.0746487
335	0	0.0746487
335.5	0	0.0746487
336	0	0.0746487
336.5	0	0.0746487
337	0	0.0746487
337.5	0.00116776	0.0731305
338	0.127449	0.0732126
338.5	0.127449	0.0732945
339	0.127449	0.0733761
339.5	0.125884	0.0734562
340	0.127485	0.0735374
340.5	0.122964	0.0736142
341	0.129771	0.0736969
341.5	0.129642	0.0737895
342	0.127465	0.0738696
342.5	0.125124	0.0739475
343	0.131425	0.0739994
343.5	0	0.0739994
344	0	0.0739994
344.5	0	0.0739994
345	0	0.0739994
345.5	0	0.0739994
346	0	0.0739994
346.5	0	0.0739994
347	0.00188103	0.0731005
347.5	0.134471	0.073186
348	0.126787	0.073275
348.5	0.126177	0.0733532
349	0.119167	0.073407
349.5	0	0.073407
350	0.036275	0.0732881
350.5	0.127449	0.073367
351	0.127449	0.0734456
351.5	0.127449	0.073524
352	0	0.073524
352.5	0	0.073524
353	0	0.073524
353.5	0.00765298	0.0731282
354	0.126959	0.0732061
354.5	0.0942118	0.0732367
355	0.126912	0.0733142
355.5	0	0.0733142
356	0	0.0733142
356.5	0	0.0733142
357	0	0.0733142
357.5	0	0.0733142
358	0	0.0733142
358.5	0	0.0733142
359	0	0.0733142
359.5	0	0.0733142
360	0.0031301	0.0723022
360.5	0.127449	0.0723802
361	0.127449	0.072458
361.5	0.127449	0.0725356
362	0.127449	0.0726129
362.5	0.127449	0.0726901
363	0.127449	0.0727766
363.5	0.127449	0.0728532
364	0.127449	0.0729297
364.5	0.127449	0.0730059
365	0.127449	0.073082
365.5	0.127449	0.0731578
366	0.127449	0.0732334
366.5	0.127449	0.0733088
367	0.127449	0.0733933
367.5	0.127449	0.0734683
368	0.127449	0.073543
368.5	0.127449	0.0736176
369	0.127449	0.0736919
369.5	0.127449	0.073766
370	0.127288	0.0738398
370.5	0.12761	0.0739137
371	0.127449	0.0739964
371.5	0.127449	0.0740696
372	0.127449	0.0741427
372.5	0.127449	0.0742065
373	0	0.0742065
373.5	0	0.0742065
374	0	0.0742065
374.5	0.0308341	0.0739627
375	0.127413	0.0740353
375.5	0.12744	0.0741168
376	0	0.0741168
376.5	0	0.0741168
377	0	0.0741168
377.5	0	0.0741168
378	0	0.0741168
378.5	0	0.0741168
379	0	0.0741168
379.5	0	0.0741168
380	0.00526233	0.0732792
380.5	0.127449	0.0733516
381	0.126888	0.0734235
381.5	0	0.0734235
382	0	0.0734235
382.5	0	0.0734235
383	0	0.0734235
383.5	0.00943013	0.0729931
384	0.129268	0.0730758
384.5	0.124393	0.0731367
385	0.129144	0.0732189
385.5	0.12832	0.0732911
386	0.127449	0.0733625
386.5	0.127449	0.0734337
387	0.127449	0.0735047
387.5	0.127449	0.0735755
388	0.127449	0.0736461
388.5	0	0.0736461
389	0	0.0736461
389.5	0.040295	0.0735084
390	0.127449	0.073526
390.5	0	0.073526
391	0.0283435	0.0733609
391.5	0.103894	0.0733973
392	0.109909	0.0734248
392.5	0	0.0734248
393	0	0.0734248
393.5	0	0.0734248
394	0	0.0734248
394.5	0	0.0734248
395	0	0.0734248
395.5	0	0.0734248
396	0	0.0734248
396.5	0	0.0734248
397	0	0.0734248
397.5	0	0.0734248
398	0	0.0734248
398.5	0	0.0734248
399	0	0.0734248
399.5	0	0.0734248
400	0	0.0734248
400.5	0	0.0734248
401	0	0.0734248
401.5	0	0.0734248
402	0	0.0734248
402.5	0	0.0734248
403	0	0.0734248
403.5	0	0.0734248
404	0	0.0734248
404.5	0	0.0734248
405	0	0.0734248
405.5	0	0.0734248
406	0	0.0734248
406.5	0	0.0734248
407	0	0.0734248
407.5	0	0.0734248
408	0	0.0734248
408.5	0	0.0734248
409	0	0.0734248
409.5	0	0.0734248
410	0	0.0734248
410.5	0.00083633	0.0700046
411	0.127449	0.0700667
411.5	0	0.0700667
412	0	0.0700667
412.5	0.0361512	0.069938
413	0.127481	0.0700175
413.5	0.127315	0.0700879
414	0.128365	0.0701411
414.5	0	0.0701411
415	0	0.0701411
415.5	0	0.0701411
416	0	0.0701411
416.5	0	0.0701411
417	0	0.0701411
417.5	0	0.0701411
418	0	0.0701411
418.5	0	0.0701411
419	0	0.0701411
419.5	0	0.0701411
420	0	0.0701411
420.5	0	0.0701411
421	0	0.0701411
421.5	0	0.0701411
422	0	0.0701411
422.5	0	0.0701411
423	0.00258231	0.0686417
423.5	0.124044	0.0687099
424	0.132419	0.0687832
424.5	0.127449	0.0688621
425	0.127449	0.068932
425.5	0.127449	0.0690017
426	0.127449	0.0690713
426.5	0.127449	0.0691407
427	0.127449	0.06921
427.5	0.127117	0.0692788
428	0.126301	0.069347
428.5	0.128788	0.0694253
429	0.127449	0.0694939
429.5	0.127449	0.0695623
430	0.124422	0.0696286
430.5	0.111025	0.0696775
431	0.145421	0.0697654
431.5	0.129355	0.0698344
432	0.127449	0.069902
432.5	0.127449	0.0699694
433	0	0.0699694
433.5	0	0.0699694
434	0	0.0699694
434.5	0	0.0699694
435	0	0.0699694
435.5	0	0.0699694
436	0	0.0699694
436.5	0	0.0699694
437	0	0.0699694
437.5	0	0.0699694
438	0	0.0699694
438.5	0	0.0699694
439	0	0.0699694
439.5	0	0.0699694
440	0	0.0699694
440.5	0	0.0699694
441	0	0.0699694
441.5	0	0.0699694
442	0	0.0699694
442.5	0.00625763	0.0684839
443	0.127449	0.0685513
443.5	0.127449	0.0686186
444	0.127449	0.0686857
444.5	0.127449	0.068761
445	0.127449	0.0688278
445.5	0.127449	0.0688945
446	0.127449	0.068961
446.5	0.127449	0.069019
447	0	0.069019
447.5	0	0.069019
448	0	0.069019
448.5	0	0.069019
449	0	0.069019
449.5	0	0.069019
450	0	0.069019
450.5	0	0.069019
451	0	0.069019
451.5	0	0.069019
452	0	0.069019
452.5	0	0.069019
453	0	0.069019
453.5	0	0.069019
454	0	0.069019
454.5	0	0.069019
455	0	0.069019
455.5	0	0.069019
456	0	0.069019
456.5	0	0.069019
457	0	0.069019
457.5	0	0.069019
458	0.00271185	0.0672974
458.5	0.127634	0.0673639
459	0.113153	0.0674136
459.5	0.137892	0.0674943
460	0.130774	0.0675622
460.5	0.127509	0.0676362
461	0.127454	0.0677019
461.5	0.12747	0.0677674
462	0.127511	0.0677838
462.5	0	0.0677838
463	0	0.0677838
463.5	0.0339809	0.0676454
464	0.127465	0.0677106
464.5	0.127412	0.0677837
465	0.127563	0.0678487
465.5	0.127434	0.0679135
466	0.12747	0.0679781
466.5	0.127392	0.0680426
467	0.125518	0.0681058
467.5	0.127511	0.06817
468	0.129884	0.0682355
468.5	0.125104	0.068298
469	0.12958	0.0683711
469.5	0.127563	0.0684348
470	0.127253	0.0684982
470.5	0.128339	0.0685621
471	0.12562	0.0686242
471.5	0.127428	0.0686873
472	0.122758	0.0687475
472.5	0.131678	0.0688208
473	0.128451	0.0688287
473.5	0.0256498	0.0687428
474	0.127449	0.0688054
474.5	0.127449	0.0688679
475	0.125975	0.0689294
475.5	0.128958	0.0689925
476	0.127449	0.0690623
476.5	0.127449	0.0691242
477	0.127449	0.0691861
477.5	0.127449	0.0692477
478	0.123635	0.069307
478.5	0.129851	0.0693698
479	0.12748	0.0694311
479.5	0.122911	0.0694896
480	0.131849	0.069553
480.5	0.122853	0.0696112
481	0.131828	0.0696823
481.5	0.125084	0.0697415
482	0.127499	0.0697794
482.5	0	0.0697794
483	0	0.0697794
483.5	0	0.0697794
484	0	0.0697794
484.5	0	0.0697794
485	0	0.0697794
485.5	0.00851521	0.0693022
486	0.129998	0.0693641
486.5	0.12747	0.0694245
487	0.122863	0.0694532
487.5	0	0.0694532
488	0	0.0694532
488.5	0	0.0694532
489	0	0.0694532
489.5	0	0.0694532
490	0.0120303	0.0690613
490.5	0.127532	0.0690989
491	0	0.0690989
491.5	0	0.0690989
492	0	0.0690989
492.5	0	0.0690989
493	0	0.0690989
493.5	0	0.0690989
494	0	0.0690989
494.5	0	0.0690989
495	0	0.0690989
495.5	0	0.0690989
496	0	0.0690989
496.5	0	0.0690989
497	0	0.0690989
497.5	0	0.0690989
498	0	0.0690989
498.5	0	0.0690989
499	0	0.0690989
499.5	0	0.0690989
500	0	0.0690989
500.5	0	0.0690989
501	0.00366738	0.0676668
501.5	0.127449	0.0677269
502	0.127449	0.067787
502.5	0.127449	0.0677945
503	0	0.0677945
503.5	0	0.0677945
504	0	0.0677945
504.5	0	0.0677945
505	0	0.0677945
505.5	0	0.0677945
506	0	0.0677945
506.5	0	0.0677945
507	0	0.0677945
507.5	0	0.0677945
508	0	0.0677945
508.5	0	0.0677945
509	0	0.0677945
509.5	0	0.0677945
510	0	0.0677945
510.5	0	0.0677945
511	0	0.0677945
511.5	0	0.0677945
512	0	0.0677945
512.5	0	0.0677945
513	0	0.0677945
513.5	0	0.0677945
514	0	0.0677945
514.5	0	0.0677945
515	0	0.0677945
515.5	0	0.0677945
516	0	0.0677945
516.5	0	0.0677945
517	0	0.0677945
517.5	0	0.0677945
518	0	0.0677945
518.5	0	0.0677945
519	0	0.0677945
519.5	0	0.0677945
520	0	0.0677945
520.5	0.000424932	0.065347
521	0.127449	0.0654071
521.5	0.063224	0.065405
522	0.127449	0.0654649
522.5	0.127449	0.0655248
523	0.127449	0.0655845
523.5	0.127449	0.0656515
524	0.127449	0.065711
524.5	0.127449	0.0657704
525	0.127449	0.0658296
525.5	0.127449	0.0658887
526	0.127449	0.0659478
526.5	0.127449	0.0660067
527	0.127449	0.0660655
527.5	0.127449	0.0661315
528	0.126107	0.0661893
528.5	0.122284	0.0662381
529	0.13044	0.0663054
529.5	0.129072	0.0663644
530	0.126985	0.0664223
530.5	0.129113	0.0664811
531	0.127449	0.066539
531.5	0.127449	0.066604
532	0.127449	0.0666112
532.5	0	0.0666112
533	0	0.0666112
533.5	0	0.0666112
534	0	0.0666112
534.5	0	0.0666112
535	0	0.0666112
535.5	0	0.0666112
536	0	0.0666112
536.5	0	0.0666112
537	0	0.0666112
537.5	0	0.0666112
538	0	0.0666112
538.5	0	0.0666112
539	0	0.0666112
539.5	0	0.0666112
540	0	0.0666112
540.5	0	0.0666112
541	0	0.0666112
541.5	0	0.0666112
542	0	0.0666112
542.5	0	0.0666112
543	0	0.0666112
543.5	0	0.0666112
544	0	0.0666112
544.5	0	0.0666112
545	0	0.0666112
545.5	0	0.0666112
546	0	0.0666112
546.5	0	0.0666112
547	0	0.0666112
547.5	0	0.0666112
548	0	0.0666112
548.5	0	0.0666112
549	0.00314989	0.0645497
549.5	0.127449	0.0646074
550	0.127449	0.0646649
550.5	0.127449	0.0647224
551	0.127449	0.0647797
551.5	0.127449	0.0648227
552	0	0.0648227
552.5	0	0.0648227
553	0	0.0648227
553.5	0	0.0648227
554	0	0.0648227
554.5	0	0.0648227
555	0	0.0648227
555.5	0	0.0648227
556	0	0.0648227
556.5	0.013645	0.0643361
557	0.127235	0.064393
557.5	0.12657	0.0644496
558	0.127413	0.0645064
558.5	0.130023	0.0645643
559	0.127449	0.0646209
559.5	0.123633	0.0646757
560	0.127408	0.0647321
560.5	0.129609	0.0647966
561	0.127299	0.0648527
561.5	0.127537	0.0649089
562	0.129119	0.0649657
562.5	0.127449	0.0650216
563	0.127449	0.0650495
563.5	0	0.0650495
564	0	0.0650495
564.5	0	0.0650495
565	0	0.0650495
565.5	0	0.0650495
566	0	0.0650495
566.5	0	0.0650495
567	0	0.0650495
567.5	0	0.0650495
568	0.00599466	0.0644932
568.5	0.127449	0.0645559
569	0.127449	0.0646115
569.5	0.127449	0.0646671
570	0.127449	0.0647225
570.5	0.127449	0.0647778
571	0.127449	0.0648331
571.5	0.127449	0.0648882
572	0.127449	0.0649433
572.5	0.127449	0.0650051
573	0.127449	0.0650599
573.5	0.12731	0.0651146
574	0.127588	0.0651693
574.5	0.127449	0.0652034
575	0	0.0652034
575.5	0	0.0652034
576	0	0.0652034
576.5	0	0.0652034
577	0	0.0652034
577.5	0	0.0652034
578	0	0.0652034
578.5	0	0.0652034
579	0	0.0652034
579.5	0	0.0652034
580	0	0.0652034
580.5	0	0.0652034
581	0	0.0652034
581.5	0	0.0652034
582	0	0.0652034
582.5	0	0.0652034
583	0	0.0652034
583.5	0	0.0652034
584	0.00324385	0.064155
584.5	0.128076	0.0642097
585	0.127449	0.0642709
585.5	0.127449	0.0643251
586	0.127449	0.0643793
586.5	0.127449	0.0644199
587	0	0.0644199
587.5	0	0.0644199
588	0	0.0644199
588.5	0	0.0644199
589	0	0.0644199
589.5	0	0.0644199
590	0	0.0644199
590.5	0	0.0644199
591	0	0.0644199
591.5	0	0.0644199
592	0	0.0644199
592.5	0	0.0644199
593	0	0.0644199
593.5	0	0.0644199
594	0	0.0644199
594.5	0	0.0644199
595	0	0.0644199
595.5	0	0.0644199
596	0.00244228	0.0633967
596.5	0.127359	0.0634372
597	0	0.0634372
597.5	0	0.0634372
598	0	0.0634372
598.5	0.011236	0.0632506
599	0.127936	0.0633115
599.5	0.126766	0.063365
600	0.127434	0.0634187
600.5	0.127496	0.0634723
601	0.125129	0.0635248
601.5	0.127402	0.0635782
602	0.127382	0.0636315
602.5	0.129674	0.0636857
603	0.127496	0.0637389
603.5	0.12749	0.0637986
604	0.127377	0.0638515
604.5	0.130275	0.0638988
605	0	0.0638988
605.5	0.0144794	0.0638086
606	0.127454	0.0638613
606.5	0.1271	0.0639139
607	0.127946	0.0639667
607.5	0.127408	0.0640192
608	0.129622	0.0640725
608.5	0.127449	0.0641314
609	0.127449	0.0641837
609.5	0.127449	0.0642293
610	0	0.0642293
610.5	0	0.0642293
611	0	0.0642293
611.5	0	0.0642293
612	0	0.0642293
612.5	0	0.0642293
613	0.0110389	0.0639147
613.5	0	0.0639147
614	0.0838462	0.0639426
614.5	0	0.0639426
615	0	0.0639426
615.5	0	0.0639426
616	0	0.0639426
616.5	0	0.0639426
617	0	0.0639426
617.5	0	0.0639426
618	0	0.0639426
618.5	0	0.0639426
619	0	0.0639426
619.5	0	0.0639426
620	0	0.0639426
620.5	0	0.0639426
621	0	0.0639426
621.5	0	0.0639426
622	0	0.0639426
622.5	0	0.0639426
623	0	0.0639426
623.5	0	0.0639426
624	0	0.0639426
624.5	0	0.0639426
625	0	0.0639426
625.5	0	0.0639426
626	0	0.0639426
626.5	0	0.0639426
627	0.00119121	0.062598
627.5	0.127449	0.0626499
628	0.127449	0.0627017
628.5	0.127449	0.0627212
629	0.0678835	0.0627279
629.5	0.125395	0.0627787
630	0.127475	0.0628303
630.5	0.127361	0.0628817
631	0.127413	0.0629331
631.5	0.127458	0.0629909
632	0.129662	0.0630429
632.5	0.127449	0.0630941
633	0.127449	0.0631451
633.5	0.127449	0.0631579
634	0	0.0631579
634.5	0	0.0631579
635	0	0.0631579
635.5	0	0.0631579
636	0	0.0631579
636.5	0	0.0631579
637	0	0.0631579
637.5	0	0.0631579
638	0	0.0631579
638.5	0	0.0631579
639	0	0.0631579
639.5	0	0.0631579
640	0	0.0631579
640.5	0.00211833	0.0624382
641	0.127449	0.0624891
641.5	0.127449	0.0625146
642	0	0.0625146
642.5	0	0.0625146
643	0	0.0625146
643.5	0	0.0625146
644	0	0.0625146
644.5	0	0.0625146
645	0	0.0625146
645.5	0	0.0625146
646	0	0.0625146
646.5	0	0.0625146
647	0	0.0625146
647.5	0	0.0625146
648	0	0.0625146
648.5	0	0.0625146
649	0	0.0625146
649.5	0	0.0625146
650	0	0.0625146
650.5	0	0.0625146
651	0	0.0625146
651.5	0	0.0625146
652	0	0.0625146
652.5	0	0.0625146
653	0.0020078	0.0614075
653.5	0.128171	0.0614649
654	0.131388	0.0614779
654.5	0	0.0614779
655	0	0.0614779
655.5	0	0.0614779
656	0.00332301	0.0612646
656.5	0.127449	0.0613152
657	0.127449	0.0613657
657.5	0.127449	0.0614162
658	0.127449	0.0614665
658.5	0.127449	0.0615105
659	0	0.0615105
659.5	0	0.0615105
660	0	0.0615105
660.5	0	0.0615105
661	0.0181894	0.0613377
661.5	0.127449	0.0613879
662	0.127454	0.0614379
662.5	0.131641	0.0614958
663	0.127449	0.0615271
663.5	0	0.0615271
664	0	0.0615271
664.5	0	0.0615271
665	0	0.0615271
665.5	0	0.0615271
666	0	0.0615271
666.5	0.0127012	0.0612505
667	0.127568	0.0613003
667.5	0.127366	0.06135
668	0.127444	0.0613996
668.5	0.127423	0.0614492
669	0.12749	0.0614987
669.5	0.126351	0.0615477
670	0.129932	0.0615979
670.5	0.123603	0.0616458
671	0.131818	0.0617028
671.5	0.12593	0.0617514
672	0.127434	0.0618004
672.5	0.127224	0.0618493
673	0.12716	0.0618737
673.5	0	0.0618737
674	0	0.0618737
674.5	0	0.0618737
675	0	0.0618737
675.5	0	0.0618737
676	0	0.0618737
676.5	0	0.0618737
677	0	0.0618737
677.5	0	0.0618737
678	0	0.0618737
678.5	0	0.0618737
679	0	0.0618737
679.5	0	0.0618737
680	0.00754404	0.0612814
680.5	0.127449	0.0613302
681	0.127449	0.0613789
681.5	0.127449	0.0614275
682	0.127449	0.061476
682.5	0.127449	0.0615245
683	0.127449	0.0615729
683.5	0.127449	0.0616273
684	0.127449	0.0616755
684.5	0.127449	0.0617237
685	0.127449	0.0617718
685.5	0.127449	0.0618199
686	0.127449	0.0618678
686.5	0.127449	0.0619157
687	0.127449	0.0619636
687.5	0.127449	0.0620173
688	0.127449	0.062065
688.5	0.127449	0.0621126
689	0.127449	0.0621601
689.5	0.127449	0.0622076
690	0.127449	0.062255
690.5	0.127449	0.0623024
691	0.127449	0.0623496
691.5	0.127449	0.0624027
692	0.127449	0.0624498
692.5	0.127449	0.0624969
693	0.127449	0.0625439
693.5	0.127449	0.0625908
694	0.127449	0.0626376
694.5	0.127449	0.0626844
695	0.127449	0.0627311
695.5	0.127449	0.0627778
696	0	0.0627778
696.5	0	0.0627778
697	0	0.0627778
697.5	0	0.0627778
698	0	0.0627778
698.5	0	0.0627778
699	0	0.0627778
699.5	0	0.0627778
700	0	0.0627778
700.5	0	0.0627778
701	0.00141213	0.0622828
701.5	0.127584	0.0623294
702	0.127449	0.0623759
702.5	0.127449	0.0624223
703	0.127449	0.0624687
703.5	0.127449	0.062515
704	0.127449	0.0625612
704.5	0.127449	0.0626131
705	0.127449	0.0626592
705.5	0.127449	0.0627053
706	0.127449	0.0627512
706.5	0.127449	0.0627742
707	0	0.0627742
707.5	0	0.0627742
708	0	0.0627742
708.5	0.0277865	0.0626607
709	0.129814	0.0627073
709.5	0.12749	0.062753
710	0.127392	0.0627987
710.5	0.127522	0.0628443
711	0.127403	0.0628955
711.5	0.127542	0.062941
712	0.126462	0.0629748
712.5	0	0.0629748
713	0	0.0629748
713.5	0	0.0629748
714	0	0.0629748
714.5	0	0.0629748
715	0	0.0629748
715.5	0	0.0629748
716	0	0.0629748
716.5	0	0.0629748
717	0	0.0629748
717.5	0	0.0629748
718	0	0.0629748
718.5	0.00593113	0.0624406
719	0.127449	0.0624859
719.5	0.127449	0.0625311
720	0.127449	0.0625763
720.5	0.126576	0.0626211
721	0.127458	0.0626718
721.5	0.125808	0.0627162
722	0.129972	0.0627619
722.5	0.100572	0.0627869
723	0.113915	0.0628265
723.5	0.165223	0.0628948
724	0.130985	0.0629407
724.5	0.127449	0.0629853
725	0.127375	0.0630354
725.5	0.127496	0.0630799
726	0.127537	0.0631243
726.5	0.127361	0.0631686
727	0.127428	0.0632129
727.5	0.127532	0.0632571
728	0.12734	0.0633013
728.5	0.12831	0.0633512
729	0.127449	0.0633953
729.5	0.127449	0.0634392
730	0.127449	0.0634832
730.5	0.127449	0.0635051
731	0	0.0635051
731.5	0	0.0635051
732	0	0.0635051
732.5	0	0.0635051
733	0.00576177	0.0632869
733.5	0.127449	0.0633362
734	0.127449	0.0633799
734.5	0.127449	0.0634018
735	0	0.0634018
735.5	0	0.0634018
736	0.0314071	0.0633245
736.5	0.127449	0.0633626
737	0	0.0633626
737.5	0.0301478	0.063315
738	0.127449	0.0633585
738.5	0.127449	0.0634019
739	0.127449	0.0634508
739.5	0.127449	0.0634941
740	0.127449	0.0635374
740.5	0.127449	0.0635806
741	0.127449	0.0636238
741.5	0.125957	0.0636663
742	0.126079	0.0637089
742.5	0.12983	0.0637527
743	0.12656	0.0637953
743.5	0.127486	0.0638436
744	0.127346	0.0638863
744.5	0.127449	0.0639291
745	0.127589	0.0639718
745.5	0.127335	0.0640144
746	0.127511	0.064057
746.5	0.127475	0.0640995
747	0.128071	0.0641475
747.5	0.126803	0.0641897
748	0.127382	0.064232
748.5	0	0.064232
749	0	0.064232
749.5	0	0.064232
750	0	0.064232
750.5	0	0.064232
751	0.0182843	0.0640452
751.5	0.123147	0.064086
752	0.131275	0.0641131
752.5	0.0119727	0.0640669
753	0.125979	0.0641086
753.5	0.127382	0.0641506
754	0.126886	0.0641977
754.5	0.127459	0.0642397
755	0.129667	0.0642823
755.5	0.127449	0.0643242
756	0.125204	0.0643652
756.5	0.126632	0.0644067
757	0.127485	0.0644484
757.5	0.127237	0.0644899
758	0.130436	0.0645378
758.5	0.127449	0.0645793
759	0.127449	0.0646156
759.5	0.0851349	0.0646308
760	0.128169	0.0646724
760.5	0.127351	0.0647137
761	0.127579	0.064755
761.5	0.127316	0.0648013
762	0.125149	0.0648416
762.5	0.127454	0.0648827
763	0.129851	0.0649246
763.5	0.125249	0.0649648
764	0.127428	0.0650057
764.5	0.129846	0.0650474
765	0.127485	0.0650882
765.5	0.127362	0.065134
766	0.127459	0.0651748
766.5	0.12514	0.0652146
767	0.127454	0.0652552
767.5	0.127459	0.0652958
768	0.125115	0.0653355
768.5	0.12749	0.065376
769	0.127391	0.0654163
769.5	0.13403	0.0654641
770	0.127413	0.0655043
770.5	0.127561	0.0655446
771	0.127449	0.0655848
771.5	0.127449	0.0656099
772	0	0.0656099
772.5	0	0.0656099
773	0	0.0656099
773.5	0	0.0656099
774	0	0.0656099
774.5	0	0.0656099
775	0	0.0656099
775.5	0	0.0656099
776	0	0.0656099
776.5	0	0.0656099
777	0	0.0656099
777.5	0	0.0656099
778	0	0.0656099
778.5	0	0.0656099
779	0	0.0656099
779.5	0	0.0656099
780	0	0.0656099
780.5	0	0.0656099
781	0	0.0656099
781.5	0	0.0656099
782	0	0.0656099
782.5	0	0.0656099
783	0	0.0656099
783.5	0	0.0656099
784	0	0.0656099
784.5	0	0.0656099
785	0	0.0656099
785.5	0	0.0656099
786	0	0.0656099
786.5	0	0.0656099
787	0	0.0656099
787.5	0	0.0656099
788	0.00375674	0.0642778
788.5	0.127449	0.0643179
789	0.089521	0.064335
789.5	0.12651	0.0643746
790	0.127662	0.0644146
790.5	0.127439	0.0644545
791	0.128198	0.0644946
791.5	0.127449	0.0645344
792	0.127449	0.0645741
792.5	0.127449	0.0646039
793	0	0.0646039
793.5	0.02653	0.0645462
794	0.127439	0.0645859
794.5	0.127563	0.0646255
795	0.127421	0.0646403
795.5	0	0.0646403
796	0	0.0646403
796.5	0	0.0646403
797	0	0.0646403
797.5	0	0.0646403
798	0	0.0646403
798.5	0	0.0646403
799	0	0.0646403
799.5	0	0.0646403
800	0	0.0646403
800.5	0	0.0646403
801	0	0.0646403
801.5	0	0.0646403
802	0	0.0646403
802.5	0.00301168	0.0640309
803	0.127449	0.0640704
803.5	0.127449	0.0641098
804	0.0813569	0.0641203
804.5	0.127449	0.0641646
805	0.127449	0.0641793
805.5	0.0584031	0.0641735
806	0.127449	0.0642127
806.5	0.127449	0.0642519
807	0.127449	0.0642911
807.5	0.127449	0.0643302
808	0.127449	0.0643351
808.5	0	0.0643351
809	0	0.0643351
809.5	0	0.0643351
810	0	0.0643351
810.5	0	0.0643351
811	0	0.0643351
811.5	0	0.0643351
812	0	0.0643351
812.5	0.00474051	0.0639654
813	0.127449	0.0640044
813.5	0.127449	0.0640434
814	0.126641	0.0640821
814.5	0.126802	0.0641208
815	0.10716	0.0641483
815.5	0.148494	0.0642037
816	0.127449	0.0642425
816.5	0.127449	0.0642812
817	0.127449	0.0643198
817.5	0.127449	0.0643584
818	0.125817	0.0643965
818.5	0.129124	0.0644355
819	0.127449	0.064474
819.5	0.127449	0.0645172
820	0.127449	0.0645556
820.5	0.127449	0.0645939
821	0.127449	0.0646321
821.5	0.127449	0.0646704
822	0.127449	0.0647085
822.5	0.127449	0.0647467
823	0.127449	0.06478
823.5	0	0.06478
824	0	0.06478
824.5	0	0.06478
825	0	0.06478
825.5	0	0.06478
826	0	0.06478
826.5	0	0.06478
827	0	0.06478
827.5	0	0.06478
828	0	0.06478
828.5	0	0.06478
829	0	0.06478
829.5	0.00475537	0.0642953
830	0.127449	0.0643334
830.5	0.127449	0.0643714
831	0.127449	0.0644093
831.5	0.127449	0.0644472
832	0.127449	0.064485
832.5	0.127449	0.0645276
833	0.127449	0.0645653
833.5	0.127449	0.064603
834	0.127449	0.0646407
834.5	0.127449	0.0646783
835	0.127449	0.0647159
835.5	0.127449	0.0647534
836	0.127449	0.0647909
836.5	0.127449	0.064833
837	0.127449	0.0648704
837.5	0.127449	0.0649077
838	0.127449	0.064945
838.5	0.127449	0.0649823
839	0.127449	0.0650195
839.5	0.127449	0.0650566
840	0.127449	0.0650937
840.5	0.127449	0.0650984
841	0	0.0650984
841.5	0	0.0650984
842	0	0.0650984
842.5	0	0.0650984
843	0	0.0650984
843.5	0.00452701	0.0648458
844	0.127449	0.0648829
844.5	0.127449	0.0649199
845	0.127449	0.0649569
845.5	0.125499	0.0649932
846	0.1275	0.0650347
846.5	0.12762	0.0650716
847	0.127402	0.0651084
847.5	0.127501	0.0651452
848	0.127408	0.0651819
848.5	0.122191	0.0652169
849	0.130671	0.0652545
849.5	0.127475	0.0652911
850	0.129808	0.0653283
850.5	0.12749	0.0653694
851	0.127719	0.0653785
851.5	0	0.0653785
852	0	0.0653785
852.5	0	0.0653785
853	0	0.0653785
853.5	0	0.0653785
854	0	0.0653785
854.5	0	0.0653785
855	0	0.0653785
855.5	0	0.0653785
856	0	0.0653785
856.5	0.00134145	0.0649349
857	0.127511	0.0649714
857.5	0.128778	0.0650128
858	0.127449	0.0650491
858.5	0.127449	0.0650854
859	0.127449	0.0651217
859.5	0.123749	0.0651568
860	0.129955	0.0651937
860.5	0.128817	0.0652302
861	0.127449	0.0652663
861.5	0.127449	0.0653069
862	0.127449	0.0653429
862.5	0.127449	0.0653789
863	0.127449	0.0654148
863.5	0.127449	0.0654507
864	0.127449	0.0654865
864.5	0.127449	0.0655223
865	0.127449	0.0655581
865.5	0.127449	0.0655983
866	0.126509	0.0656337
866.5	0.125511	0.0656687
867	0.127147	0.0656998
867.5	0.123511	0.0657384
868	0.133505	0.0657756
868.5	0.127463	0.065789
869	0	0.065789
869.5	0	0.065789
870	0	0.065789
870.5	0	0.065789
871	0	0.065789
871.5	0	0.065789
872	0	0.065789
872.5	0	0.065789
873	0	0.065789
873.5	0	0.065789
874	0	0.065789
874.5	0	0.065789
875	0	0.065789
875.5	0	0.065789
876	0	0.065789
876.5	0	0.065789
877	0	0.065789
877.5	0	0.065789
878	0	0.065789
878.5	0	0.065789
879	0	0.065789
879.5	0	0.065789
880	0.00331762	0.0649378
880.5	0.127449	0.0649732
881	0.127449	0.0650086
881.5	0.124871	0.0650433
882	0.122407	0.0650771
882.5	0.134862	0.0651191
883	0.127449	0.0651543
883.5	0.127449	0.0651895
884	0.127449	0.0652247
884.5	0.127449	0.0652598
885	0.127449	0.0652949
885.5	0.127449	0.0653299
886	0.127449	0.065365
886.5	0.127449	0.0654043
887	0.127449	0.0654392
887.5	0.127449	0.0654741
888	0.127449	0.065509
888.5	0.127449	0.0655438
889	0.127449	0.0655785
889.5	0.126015	0.0656128
890	0.127423	0.0656475
890.5	0.127527	0.0656822
891	0.127316	0.0657211
891.5	0.127599	0.0657557
892	0.127387	0.0657902
892.5	0.127525	0.0658161
893	0.0130411	0.0657801
893.5	0.127475	0.0658145
894	0.128888	0.0658537
894.5	0	0.0658537
895	0	0.0658537
895.5	0	0.0658537
896	0	0.0658537
896.5	0	0.0658537
897	0.0104615	0.0656659
897.5	0.12956	0.0657009
898	0.127449	0.0657352
898.5	0.127449	0.0657609
899	0.0989025	0.0657847
899.5	0.127537	0.0658189
900	0.127351	0.0658531
900.5	0.125194	0.0658866
901	0.12983	0.0659213
901.5	0.127444	0.0659554
902	0.125334	0.065993
902.5	0.129975	0.0660277
903	0.127465	0.0660617
903.5	0.122796	0.0660942
904	0.133604	0.0661298
904.5	0.127449	0.0661594
905	0	0.0661594
905.5	0	0.0661594
906	0	0.0661594
906.5	0	0.0661594
907	0	0.0661594
907.5	0	0.0661594
908	0.00218501	0.065903
908.5	0.127449	0.0659368
909	0.127449	0.0659705
909.5	0.127449	0.0660043
910	0.127449	0.0660422
910.5	0.127449	0.0660464
911	0.0702365	0.0660506
911.5	0.127366	0.0660842
912	0.1275	0.066122
912.5	0.127284	0.0661429
913	0	0.0661429
913.5	0.0339248	0.0661016
914	0.127449	0.0661351
914.5	0.127449	0.0661685
915	0.127449	0.066202
915.5	0.127449	0.0662395
916	0.127449	0.0662729
916.5	0.127449	0.0663062
917	0.127449	0.0663395
917.5	0.127449	0.0663727
918	0.127449	0.0664059
918.5	0.127449	0.0664391
919	0.127449	0.0664722
919.5	0.127449	0.0665095
920	0.127449	0.0665425
920.5	0.12511	0.0665749
921	0.129877	0.0666085
921.5	0.127449	0.0666415
922	0.127449	0.0666744
922.5	0.127449	0.0667073
923	0.127449	0.0667401
923.5	0.127449	0.066777
924	0.127449	0.0668098
924.5	0.125101	0.0668418
925	0.127325	0.06685
925.5	0	0.06685
926	0	0.06685
926.5	0	0.06685
927	0	0.06685
927.5	0	0.06685
928	0	0.06685
928.5	0	0.06685
929	0.00543386	0.0665598
929.5	0.127475	0.0665925
930	0.125287	0.0666286
930.5	0.127485	0.0666612
931	0.129859	0.0666944
931.5	0.127408	0.066727
932	0.128203	0.0667597
932.5	0.127449	0.0667922
933	0.127449	0.0668246
933.5	0.127449	0.0668611
934	0.127449	0.0668934
934.5	0.127449	0.0669258
935	0.127449	0.0669581
935.5	0.127449	0.0669661
936	0	0.0669661
936.5	0	0.0669661
937	0	0.0669661
937.5	0	0.0669661
938	0	0.0669661
938.5	0	0.0669661
939	0	0.0669661
939.5	0	0.0669661
940	0	0.0669661
940.5	0	0.0669661
941	0	0.0669661
941.5	0	0.0669661
942	0	0.0669661
942.5	0	0.0669661
943	0	0.0669661
943.5	0	0.0669661
944	0	0.0669661
944.5	0	0.0669661
945	0	0.0669661
945.5	0	0.0669661
946	0	0.0669661
946.5	0	0.0669661
947	0	0.0669661
947.5	0	0.0669661
948	0	0.0669661
948.5	0	0.0669661
949	0	0.0669661
949.5	0	0.0669661
950	0	0.0669661
950.5	0	0.0669661
951	0	0.0669661
951.5	0	0.0669661
952	0	0.0669661
952.5	0	0.0669661
953	0	0.0669661
953.5	0	0.0669661
954	0	0.0669661
954.5	0	0.0669661
955	0.00275821	0.0656102
955.5	0.127449	0.0656425
956	0.127449	0.0656748
956.5	0.127449	0.065707
957	0.127449	0.065715
957.5	0	0.065715
958	0	0.065715
958.5	0	0.065715
959	0	0.065715
959.5	0	0.065715
960	0	0.065715
960.5	0	0.065715
961	0	0.065715
961.5	0	0.065715
962	0	0.065715
962.5	0	0.065715
963	0	0.065715
963.5	0	0.065715
964	0	0.065715
964.5	0	0.065715
965	0	0.065715
965.5	0.00177083	0.0651207
966	0.127449	0.0651529
966.5	0.127444	0.065185
967	0.127431	0.0652211
967.5	0.127506	0.0652532
968	0.127361	0.0652852
968.5	0.127547	0.0653173
969	0.127976	0.0653494
969.5	0.127449	0.0653813
970	0.127449	0.0654133
970.5	0.127449	0.0654491
971	0.127449	0.065481
971.5	0.127449	0.0655128
972	0.120034	0.0655388
972.5	0.131788	0.0655757
973	0.125074	0.0656068
973.5	0.130707	0.0656393
974	0.126727	0.0656708
974.5	0.129377	0.0657069
975	0.127449	0.0657385
975.5	0.127449	0.06577
976	0.0773427	0.0657761
976.5	0.12747	0.0658076
977	0.127573	0.0658391
977.5	0.127294	0.0658705
978	0.104843	0.0658916
978.5	0.125886	0.0659226
979	0.129363	0.0659544
979.5	0.125019	0.0659851
980	0.127553	0.0660164
980.5	0.129798	0.0660482
981	0.125926	0.066079
981.5	0	0.066079
982	0	0.066079
982.5	0	0.066079
983	0	0.066079
983.5	0	0.066079
984	0	0.066079
984.5	0	0.066079
985	0	0.066079
985.5	0	0.066079
986	0	0.066079
986.5	0	0.066079
987	0	0.066079
987.5	0	0.066079
988	0	0.066079
988.5	0	0.066079
989	0	0.066079
989.5	0	0.066079
990	0	0.066079
990.5	0	0.066079
991	0	0.066079
991.5	0	0.066079
992	0	0.066079
992.5	0	0.066079
993	0	0.066079
993.5	0	0.066079
994	0	0.066079
994.5	0	0.066079
995	0	0.066079
995.5	0.00053943	0.0651097
996	0.128265	0.0651411
996.5	0.127382	0.0651723
997	0.125114	0.0652028
997.5	0.125204	0.0652333
998	0.125084	0.0652638
998.5	0.136133	0.065301
999	0.127449	0.0653321
999.5	0.127449	0.0653514
1000	0	0.0653514
1000.5	0	0.0653514
1001	0	0.0653514
1001.5	0	0.0653514
1002	0	0.0653514
1002.5	0	0.0653514
1003	0	0.0653514
1003.5	0	0.0653514
1004	0.011746	0.0650987
1004.5	0.127408	0.0651297
1005	0.12747	0.0651606
1005.5	0.12748	0.0651915
1006	0.127431	0.0652262
1006.5	0.12747	0.065257
1007	0.127434	0.0652878
1007.5	0.126381	0.0653183
1008	0.127563	0.065349
1008.5	0.129389	0.0653802
1009	0.125451	0.0654103
1009.5	0.127496	0.065441
1010	0.129338	0.0654759
1010.5	0.125157	0.0655059
1011	0.103961	0.0655234
1011.5	0.127325	0.0655538
1012	0.127477	0.0655881
1012.5	0.127527	0.0656186
1013	0.127387	0.065649
1013.5	0.127434	0.0656794
1014	0.12749	0.0657098
1014.5	0.127444	0.0657401
1015	0.127413	0.0657704
1015.5	0.127465	0.0658007
1016	0.127504	0.0658347
1016.5	0.127361	0.0658649
1017	0.127537	0.0658951
1017.5	0.127459	0.0659253
1018	0.127392	0.0659554
1018.5	0.127423	0.0659855
1019	0.0783419	0.0659916
1019.5	0.127449	0.0660217
1020	0.127449	0.0660517
1020.5	0.127449	0.0660854
1021	0.127449	0.0661154
1021.5	0.127449	0.0661453
1022	0.127449	0.0661752
1022.5	0.127449	0.066205
1023	0.127449	0.0662349
1023.5	0.127449	0.0662647
1024	0.127449	0.0662945
1024.5	0.127449	0.0663279
1025	0.127449	0.0663576
1025.5	0.127449	0.0663873
1026	0.12581	0.0664166
1026.5	0.129132	0.0664466
1027	0.127449	0.0664577
1027.5	0	0.0664577
1028	0	0.0664577
1028.5	0	0.0664577
1029	0	0.0664577
1029.5	0	0.0664577
1030	0	0.0664577
1030.5	0	0.0664577
1031	0.00542401	0.0661978
1031.5	0.129964	0.066228
1032	0.12914	0.066258
1032.5	0.127449	0.0662875
1033	0.0440818	0.0662759
1033.5	0.127449	0.0663054
1034	0.127449	0.0663349
1034.5	0.127449	0.0663643
1035	0.127207	0.0663937
1035.5	0.127532	0.0664231
1036	0.127449	0.0664561
1036.5	0.12732	0.0664854
1037	0.127439	0.0665147
1037.5	0.127749	0.066544
1038	0.127449	0.0665732
1038.5	0.127449	0.0666024
1039	0.127449	0.0666316
1039.5	0.127449	0.0666608
1040	0.121199	0.0666883
1040.5	0.127485	0.0667174
1041	0	0.0667174
1041.5	0	0.0667174
1042	0	0.0667174
1042.5	0.011584	0.0666086
1043	0.129873	0.0666383
1043.5	0.127435	0.0666601
1044	0	0.0666601
1044.5	0	0.0666601
1045	0	0.0666601
1045.5	0.0147628	0.0665533
1046	0.127449	0.0665678
1046.5	0.0306627	0.0665412
1047	0.127449	0.0665702
1047.5	0.127449	0.0665991
1048	0.127449	0.0666281
1048.5	0.127449	0.066657
1049	0.127449	0.0666822
1049.5	0	0.0666822
1050	0	0.0666822
1050.5	0	0.0666822
1051	0	0.0666822
1051.5	0.00904223	0.0665379
1052	0.122858	0.0665655
1052.5	0.129894	0.066595
1053	0.129884	0.0666243
1053.5	0.122926	0.0666519
1054	0.127351	0.0666807
1054.5	0.12844	0.0667096
1055	0.128558	0.0667422
1055.5	0.129991	0.0667714
1056	0	0.0667714
1056.5	0	0.0667714
1057	0	0.0667714
1057.5	0	0.0667714
1058	0	0.0667714
1058.5	0	0.0667714
1059	0.00450437	0.0665643
1059.5	0.127428	0.0665929
1060	0.127377	0.0666215
1060.5	0.127948	0.066625
1061	0	0.066625
1061.5	0	0.066625
1062	0	0.066625
1062.5	0	0.066625
1063	0	0.066625
1063.5	0	0.066625
1064	0	0.066625
1064.5	0	0.066625
1065	0.0015813	0.0663185
1065.5	0.127449	0.0663471
1066	0.127449	0.0663757
1066.5	0.127449	0.0664042
1067	0.127449	0.0664363
1067.5	0.127449	0.0664647
1068	0.127449	0.0664932
1068.5	0.127449	0.0665216
1069	0.127449	0.06655
1069.5	0.127449	0.0665783
1070	0.127449	0.0666067
1070.5	0.127449	0.066635
1071	0.127449	0.0666668
1071.5	0.127449	0.066688
1072	0	0.066688
1072.5	0	0.066688
1073	0	0.066688
1073.5	0	0.066688
1074	0	0.066688
1074.5	0	0.066688
1075	0	0.066688
1075.5	0	0.066688
1076	0	0.066688
1076.5	0	0.066688
1077	0	0.066688
1077.5	0	0.066688
1078	0	0.066688
1078.5	0	0.066688
1079	0	0.066688
1079.5	0	0.066688
1080	0	0.066688
1080.5	0	0.066688
1081	0	0.066688
1081.5	0.0054487	0.0661108
1082	0.127449	0.0661426
1082.5	0.127449	0.0661496
1083	0.0561282	0.0661418
1083.5	0.127449	0.0661699
1084	0.127449	0.0661981
1084.5	0.127449	0.0662262
1085	0	0.0662262
1085.5	0	0.0662262
1086	0	0.0662262
1086.5	0	0.0662262
1087	0	0.0662262
1087.5	0	0.0662262
1088	0	0.0662262
1088.5	0	0.0662262
1089	0	0.0662262
1089.5	0	0.0662262
1090	0	0.0662262
1090.5	0	0.0662262
1091	0	0.0662262
1091.5	0	0.0662262
1092	0	0.0662262
1092.5	0	0.0662262
1093	0	0.0662262
1093.5	0	0.0662262
1094	0	0.0662262
1094.5	0	0.0662262
1095	0	0.0662262
1095.5	0	0.0662262
1096	0	0.0662262
1096.5	0.0039518	0.0655421
1097	0	0.0655421
1097.5	0	0.0655421
1098	0	0.0655421
1098.5	0.0292448	0.0654704
1099	0.126506	0.0654982
1099.5	0.12748	0.0655263
1100	0.127439	0.0655543
1100.5	0.127356	0.0655823
1101	0.127553	0.0656103
1101.5	0.127346	0.0656382
1102	0.127522	0.0656662
1102.5	0.116336	0.0656913
1103	0.124405	0.0657184
1103.5	0.142597	0.0657533
1104	0.127553	0.0657811
1104.5	0.12737	0.0658089
1105	0.127496	0.0658367
1105.5	0.125119	0.0658639
1106	0.126733	0.0658915
1106.5	0.140783	0.0658953
1107	0	0.0658953
1107.5	0	0.0658953
1108	0	0.0658953
1108.5	0	0.0658953
1109	0	0.0658953
1109.5	0	0.0658953
1110	0	0.0658953
1110.5	0	0.0658953
1111	0	0.0658953
1111.5	0	0.0658953
1112	0	0.0658953
1112.5	0	0.0658953
1113	0	0.0658953
1113.5	0	0.0658953
1114	0	0.0658953
1114.5	0	0.0658953
1115	0	0.0658953
1115.5	0	0.0658953
1116	0	0.0658953
1116.5	0	0.0658953
1117	0	0.0658953
1117.5	0	0.0658953
1118	0	0.0658953
1118.5	0	0.0658953
1119	0	0.0658953
1119.5	0	0.0658953
1120	0	0.0658953
1120.5	0	0.0658953
1121	0	0.0658953
1121.5	0	0.0658953
1122	0	0.0658953
1122.5	0	0.0658953
1123	0	0.0658953
1123.5	0	0.0658953
1124	0	0.0658953
1124.5	0	0.0658953
1125	0	0.0658953
1125.5	0	0.0658953
1126	0	0.0658953
1126.5	0	0.0658953
1127	0	0.0658953
1127.5	0.00109569	0.0646473
1128	0.129809	0.0646756
1128.5	0.128341	0.0647035
1129	0.129033	0.0647315
1129.5	0.127523	0.0647626
1130	0.125846	0.0647898
1130.5	0.114759	0.0648112
1131	0.142932	0.0648457
1131.5	0.0920753	0.0648582
1132	0.147206	0.0648817
1132.5	0.0114226	0.0648489
1133	0.205606	0.0649064
1133.5	0.128674	0.0649376
1134	0.157818	0.0649788
1134.5	0.125179	0.0650056
1135	0.127194	0.065033
1135.5	0.129944	0.0650609
1136	0.127356	0.0650882
1136.5	0.127465	0.0651155
1137	0.127501	0.0651428
1137.5	0.127486	0.0651735
1138	0.12747	0.0651803
1138.5	0	0.0651803
1139	0.0295844	0.0651384
1139.5	0.126422	0.0651418
1140	0.0496727	0.0651288
1140.5	0.127496	0.065156
1141	0.127729	0.0651799
1141.5	0	0.0651799
1142	0	0.0651799
1142.5	0	0.0651799
1143	0	0.0651799
1143.5	0	0.0651799
1144	0.0178285	0.065051
1144.5	0.12021	0.0650764
1145	0.135014	0.0650979
1145.5	0	0.0650979
1146	0	0.0650979
1146.5	0	0.0650979
1147	0	0.0650979
1147.5	0	0.0650979
1148	0	0.0650979
1148.5	0	0.0650979
1149	0	0.0650979
1149.5	0.0101879	0.0648749
1150	0.126288	0.0649017
1150.5	0.128283	0.0649323
1151	0.127568	0.0649594
1151.5	0.12717	0.0649864
1152	0.127547	0.0650134
1152.5	0.127077	0.0650167
1153	0	0.0650167
1153.5	0	0.0650167
1154	0	0.0650167
1154.5	0	0.0650167
1155	0	0.0650167
1155.5	0	0.0650167
1156	0.00199953	0.0648006
1156.5	0.126884	0.0648274
1157	0.127348	0.0648577
1157.5	0.127454	0.0648846
1158	0.129646	0.0649119
1158.5	0.127449	0.0649388
1159	0.126602	0.0649655
1159.5	0.127254	0.0649889
1160	0	0.0649889
1160.5	0	0.0649889
1161	0	0.0649889
1161.5	0	0.0649889
1162	0	0.0649889
1162.5	0	0.0649889
1163	0.00436794	0.0647997
1163.5	0.129851	0.064827
1164	0.124574	0.0648466
1164.5	0	0.0648466
1165	0	0.0648466
1165.5	0	0.0648466
1166	0	0.0648466
1166.5	0	0.0648466
1167	0	0.0648466
1167.5	0	0.0648466
1168	0	0.0648466
1168.5	0	0.0648466
1169	0.00919922	0.0646005
1169.5	0.131862	0.0646316
1170	0.127325	0.0646583
1170.5	0.127549	0.064675
1171	0	0.064675
1171.5	0	0.064675
1172	0	0.064675
1172.5	0	0.064675
1173	0	0.064675
1173.5	0	0.064675
1174	0	0.064675
1174.5	0	0.064675
1175	0.00506732	0.0644369
1175.5	0.125129	0.0644631
1176	0.137913	0.0644774
1176.5	0	0.0644774
1177	0	0.0644774
1177.5	0	0.0644774
1178	0.0102158	0.0643702
1178.5	0.112476	0.0643903
1179	0.130986	0.0644211
1179.5	0.13201	0.0644486
1180	0.143063	0.0644781
1180.5	0.0843814	0.0644877
1181	0.0697224	0.0644892
1181.5	0.0968141	0.0645071
1182	0.105417	0.0645253
1182.5	0.181394	0.0645728
1183	0.150274	0.064611
1183.5	0.172622	0.0646571
1184	0.127449	0.0646835
1184.5	0.127449	0.0647099
1185	0.127449	0.0647362
1185.5	0.127449	0.0647625
1186	0.127449	0.0647921
1186.5	0.127449	0.0648184
1187	0.127449	0.0648446
1187.5	0.127449	0.0648709
1188	0.127449	0.0648971
1188.5	0.127449	0.0649233
1189	0.127449	0.0649494
1189.5	0.127449	0.0649756
1190	0.127449	0.0650049
1190.5	0.127449	0.065031
1191	0.127449	0.0650571
1191.5	0.127449	0.0650832
1192	0.127449	0.0651092
1192.5	0.127449	0.0651352
1193	0.127449	0.0651612
1193.5	0.127449	0.0651872
1194	0.127449	0.0652163
1194.5	0.127449	0.0652423
1195	0.127449	0.0652682
1195.5	0.127449	0.0652746
1196	0	0.0652746
1196.5	0	0.0652746
1197	0	0.0652746
1197.5	0	0.0652746
1198	0	0.0652746
1198.5	0	0.0652746
1199	0	0.0652746
1199.5	0	0.0652746
1200	0	0.0652746
1200.5	0	0.0652746
1201	0	0.0652746
1201.5	0	0.0652746
1202	0	0.0652746
1202.5	0	0.0652746
1203	0	0.0652746
1203.5	0	0.0652746
1204	0	0.0652746
1204.5	0.000876512	0.0647911
1205	0	0.0647911
1205.5	0	0.0647911
1206	0	0.0647911
1206.5	0	0.0647911
1207	0	0.0647911
1207.5	0	0.0647911
1208	0	0.0647911
1208.5	0	0.0647911
1209	0.00476413	0.0645433
1209.5	0.127892	0.0645693
1210	0.127449	0.0645951
1210.5	0.127449	0.0646209
1211	0.127449	0.0646467
1211.5	0.127449	0.0646725
1212	0.127449	0.0646983
1212.5	0.127449	0.0647273
1213	0.127449	0.064753
1213.5	0.127449	0.0647787
1214	0.127449	0.0647947
1214.5	0	0.0647947
1215	0	0.0647947
1215.5	0	0.0647947
1216	0	0.0647947
1216.5	0	0.0647947
1217	0	0.0647947
1217.5	0	0.0647947
1218	0	0.0647947
1218.5	0.00168806	0.0645516
1219	0.125347	0.06458
1219.5	0.129938	0.0646061
1220	0.128695	0.064632
1220.5	0.113054	0.0646515
1221	0.142031	0.0646833
1221.5	0.127449	0.0647089
1222	0.127449	0.0647376
1222.5	0	0.0647376
1223	0.00806725	0.0646921
1223.5	0.127449	0.064708
1224	0	0.064708
1224.5	0	0.064708
1225	0	0.064708
1225.5	0	0.064708
1226	0	0.064708
1226.5	0	0.064708
1227	0	0.064708
1227.5	0	0.064708
1228	0	0.064708
1228.5	0	0.064708
1229	0	0.064708
1229.5	0	0.064708
1230	0	0.064708
1230.5	0	0.064708
1231	0	0.064708
1231.5	0	0.064708
1232	0	0.064708
1232.5	0.00341945	0.0642471
1233	0.127449	0.0642726
1233.5	0.127449	0.0643013
1234	0.127449	0.0643045
1234.5	0	0.0643045
1235	0.00559557	0.0642371
1235.5	0.127413	0.0642626
1236	0.127222	0.0642753
1236.5	0	0.0642753
1237	0	0.0642753
1237.5	0	0.0642753
1238	0.0242443	0.0642013
1238.5	0.127449	0.0642267
1239	0.127449	0.0642521
1239.5	0.127238	0.0642774
1240	0.127343	0.0643059
1240.5	0.127527	0.0643312
1241	0.109109	0.0643495
1241.5	0.127382	0.0643748
1242	0.127387	0.0644
1242.5	0.127532	0.0644253
1243	0.0498524	0.0644197
1243.5	0.127449	0.0644481
1244	0.125806	0.0644729
1244.5	0.127253	0.064498
1245	0.129338	0.0645236
1245.5	0.127449	0.0645487
1246	0.127449	0.0645738
1246.5	0.127449	0.0645989
1247	0.127449	0.0646239
1247.5	0.125358	0.0646485
1248	0.127408	0.0646704
1248.5	0.012683	0.0646444
1249	0.127449	0.0646694
1249.5	0.127449	0.0646944
1250	0	0.0646944
1250.5	0.0163117	0.0646568
1251	0.127449	0.0646849
1251.5	0.127449	0.0647098
1252	0.127449	0.0647285
1252.5	0	0.0647285
1253	0	0.0647285
1253.5	0	0.0647285
1254	0	0.0647285
1254.5	0	0.0647285
1255	0	0.0647285
1255.5	0	0.0647285
1256	0	0.0647285
1256.5	0	0.0647285
1257	0	0.0647285
1257.5	0	0.0647285
1258	0	0.0647285
1258.5	0.00946889	0.0644347
1259	0.132385	0.0644605
1259.5	0.122767	0.0644844
1260	0.133704	0.0645137
1260.5	0.127449	0.0645323
1261	0	0.0645323
1261.5	0	0.0645323
1262	0	0.0645323
1262.5	0.0112996	0.0644436
1263	0.124092	0.0644678
1263.5	0.12749	0.0644895
1264	0	0.0644895
1264.5	0.028828	0.0644585
1265	0.127449	0.0644832
1265.5	0.124019	0.0645073
1266	0.127584	0.064532
1266.5	0.130097	0.0645541
1267	0	0.0645541
1267.5	0	0.0645541
1268	0	0.0645541
1268.5	0	0.0645541
1269	0	0.0645541
1269.5	0	0.0645541
1270	0	0.0645541
1270.5	0	0.0645541
1271	0	0.0645541
1271.5	0	0.0645541
1272	0.00709935	0.0643021
1272.5	0.0943453	0.064316
1273	0.129417	0.064341
1273.5	0.127449	0.0643656
1274	0.127449	0.0643903
1274.5	0.127449	0.0644148
1275	0.127449	0.0644394
1275.5	0.127449	0.0644671
1276	0.127449	0.0644916
1276.5	0.125413	0.0645157
1277	0.127387	0.0645402
1277.5	0.127421	0.0645494
1278	0	0.0645494
1278.5	0	0.0645494
1279	0	0.0645494
1279.5	0	0.0645494
1280	0	0.0645494
1280.5	0	0.0645494
1281	0	0.0645494
1281.5	0.00546004	0.0643487
1282	0.127418	0.0643732
1282.5	0.127701	0.0643977
1283	0.126672	0.064422
1283.5	0.127356	0.0644464
1284	0.127458	0.0644738
1284.5	0.127434	0.0644982
1285	0.127459	0.0645225
1285.5	0.126356	0.0645467
1286	0.127511	0.064571
1286.5	0.127501	0.0645953
1287	0.127335	0.0646195
1287.5	0.129453	0.0646442
1288	0.127449	0.0646715
1288.5	0.127449	0.0646957
1289	0.127449	0.0647199
1289.5	0.127449	0.0647441
1290	0.127449	0.0647682
1290.5	0.126144	0.0647921
1291	0.121207	0.0648007
1291.5	0	0.0648007
1292	0	0.0648007
1292.5	0	0.0648007
1293	0	0.0648007
1293.5	0	0.0648007
1294	0	0.0648007
1294.5	0	0.0648007
1295	0	0.0648007
1295.5	0	0.0648007
1296	0	0.0648007
1296.5	0	0.0648007
1297	0	0.0648007
1297.5	0	0.0648007
1298	0	0.0648007
1298.5	0	0.0648007
1299	0	0.0648007
1299.5	0	0.0648007
1300	0.00421271	0.0643626
1300.5	0.127475	0.0643868
1301	0.127294	0.0644108
1301.5	0.127563	0.0644349
1302	0.127454	0.064462
1302.5	0.127377	0.064486
1303	0.127439	0.06451
1303.5	0.128088	0.0645341
1304	0.127366	0.0645581
1304.5	0.125089	0.0645816
1305	0.129873	0.064606
1305.5	0.125144	0.0646295
1306	0.1299	0.0646539
1306.5	0.125316	0.0646803
1307	0.101952	0.0646936
1307.5	0.149984	0.064728
1308	0.129873	0.0647523
1308.5	0.123859	0.0647725
1309	0	0.0647725
1309.5	0	0.0647725
1310	0	0.0647725
1310.5	0	0.0647725
1311	0	0.0647725
1311.5	0	0.0647725
1312	0.0109751	0.0646246
1312.5	0.125325	0.064648
1313	0.129091	0.064672
1313.5	0.125823	0.0646955
1314	0.129673	0.0647196
1314.5	0.127449	0.0647434
1315	0.127449	0.06477
1315.5	0.125576	0.0647933
1316	0.125042	0.0648165
1316.5	0.127387	0.0648402
1317	0.13896	0.0648466
1317.5	0	0.0648466
1318	0	0.0648466
1318.5	0.0218085	0.0647873
1319	0.131597	0.0647995
1319.5	0	0.0647995
1320	0	0.0647995
1320.5	0	0.0647995
1321	0	0.0647995
1321.5	0	0.0647995
1322	0	0.0647995
1322.5	0	0.0647995
1323	0	0.0647995
1323.5	0	0.0647995
1324	0.00442726	0.0645549
1324.5	0.126488	0.0645783
1325	0.128741	0.0645932
1325.5	0	0.0645932
1326	0	0.0645932
1326.5	0.035949	0.0645551
1327	0.127294	0.0645787
1327.5	0.127516	0.0646022
1328	0.127491	0.0646257
1328.5	0.128489	0.0646494
1329	0.127449	0.0646729
1329.5	0.127449	0.0646964
1330	0.127449	0.0647198
1330.5	0.127449	0.0647462
1331	0.127449	0.0647696
1331.5	0.127449	0.0647784
1332	0	0.0647784
1332.5	0	0.0647784
1333	0	0.0647784
1333.5	0	0.0647784
1334	0	0.0647784
1334.5	0	0.0647784
1335	0	0.0647784
1335.5	0	0.0647784
1336	0	0.0647784
1336.5	0	0.0647784
1337	0	0.0647784
1337.5	0	0.0647784
1338	0	0.0647784
1338.5	0	0.0647784
1339	0.00805768	0.0644454
1339.5	0.127408	0.0644688
1340	0.127366	0.0644921
1340.5	0.127532	0.0645184
1341	0.127371	0.0645417
1341.5	0.127413	0.064565
1342	0.127594	0.0645883
1342.5	0.127413	0.0646116
1343	0.12749	0.064629
1343.5	0	0.064629
1344	0.0495456	0.0646165
1344.5	0.127522	0.0646397
1345	0	0.0646397
1345.5	0	0.0646397
1346	0	0.0646397
1346.5	0	0.0646397
1347	0	0.0646397
1347.5	0	0.0646397
1348	0	0.0646397
1348.5	0	0.0646397
1349	0	0.0646397
1349.5	0	0.0646397
1350	0	0.0646397
1350.5	0	0.0646397
1351	0.00718197	0.0643584
1351.5	0.127449	0.0643816
1352	0.127449	0.0644048
1352.5	0.127449	0.064428
1353	0.102987	0.0644433
1353.5	0.127449	0.0644664
1354	0.127449	0.0644896
1354.5	0.12376	0.0645119
1355	0.130007	0.0645355
1355.5	0.125004	0.0645581
1356	0.127263	0.0645638
1356.5	0	0.0645638
1357	0	0.0645638
1357.5	0	0.0645638
1358	0	0.0645638
1358.5	0.0163514	0.0644608
1359	0.127449	0.0644838
1359.5	0.127449	0.0645068
1360	0.123243	0.064529
1360.5	0.128509	0.0645522
1361	0.129787	0.0645756
1361.5	0.127891	0.0646015
1362	0.125069	0.0646239
1362.5	0.127371	0.0646468
1363	0.127392	0.0646697
1363.5	0.127153	0.0646925
1364	0.129792	0.0647158
1364.5	0.128522	0.0647389
1365	0.126532	0.0647615
1365.5	0.127555	0.0647872
1366	0.126041	0.0648097
1366.5	0.129718	0.0648329
1367	0.127449	0.0648557
1367.5	0.127449	0.0648784
1368	0.127449	0.0649011
1368.5	0.127449	0.064921
1369	0	0.064921
1369.5	0	0.064921
1370	0	0.064921
1370.5	0.0298478	0.0648667
1371	0.127449	0.0648894
1371.5	0.127449	0.0649036
1372	0	0.0649036
1372.5	0	0.0649036
1373	0	0.0649036
1373.5	0	0.0649036
1374	0	0.0649036
1374.5	0	0.0649036
1375	0	0.0649036
1375.5	0	0.0649036
1376	0	0.0649036
1376.5	0	0.0649036
1377	0.00274536	0.0646433
1377.5	0.127449	0.0646603
1378	0	0.0646603
1378.5	0.0568131	0.0646539
1379	0.123506	0.0646758
1379.5	0.129798	0.0646988
1380	0.129932	0.0647219
1380.5	0.127402	0.0647444
1381	0.127458	0.0647698
1381.5	0.126954	0.0647726
1382	0	0.0647726
1382.5	0	0.0647726
1383	0	0.0647726
1383.5	0	0.0647726
1384	0	0.0647726
1384.5	0	0.0647726
1385	0	0.0647726
1385.5	0	0.0647726
1386	0.00477069	0.0645572
1386.5	0.127449	0.0645797
1387	0.127449	0.0645853
1387.5	0	0.0645853
1388	0	0.0645853
1388.5	0	0.0645853
1389	0	0.0645853
1389.5	0	0.0645853
1390	0.020935	0.0644785
1390.5	0.129905	0.0645014
1391	0.122839	0.0645231
1391.5	0.129819	0.0645459
1392	0.12748	0.0645684
1392.5	0.130497	0.0645827
1393	0	0.0645827
1393.5	0	0.0645827
1394	0	0.0645827
1394.5	0	0.0645827
1395	0	0.0645827
1395.5	0	0.0645827
1396	0	0.0645827
1396.5	0	0.0645827
1397	0	0.0645827
1397.5	0	0.0645827
1398	0	0.0645827
1398.5	0	0.0645827
1399	0	0.0645827
1399.5	0	0.0645827
1400	0	0.0645827
1400.5	0.00668301	0.0642401
1401	0.127449	0.0642625
1401.5	0.127449	0.0642849
1402	0.127449	0.0643101
1402.5	0.127449	0.0643324
1403	0.127449	0.0643548
1403.5	0.127449	0.0643631
1404	0	0.0643631
1404.5	0	0.0643631
1405	0	0.0643631
1405.5	0	0.0643631
1406	0	0.0643631
1406.5	0	0.0643631
1407	0	0.0643631
1407.5	0	0.0643631
1408	0	0.0643631
1408.5	0	0.0643631
1409	0	0.0643631
1409.5	0	0.0643631
1410	0	0.0643631
1410.5	0	0.0643631
1411	0	0.0643631
1411.5	0	0.0643631
1412	0	0.0643631
1412.5	0	0.0643631
1413	0	0.0643631
1413.5	0	0.0643631
1414	0.00363643	0.0638959
1414.5	0.127449	0.0639015
1415	0	0.0639015
1415.5	0	0.0639015
1416	0	0.0639015
1416.5	0	0.0639015
1417	0	0.0639015
1417.5	0	0.0639015
1418	0	0.0639015
1418.5	0	0.0639015
1419	0	0.0639015
1419.5	0	0.0639015
1420	0	0.0639015
1420.5	0	0.0639015
1421	0	0.0639015
1421.5	0	0.0639015
1422	0	0.0639015
1422.5	0	0.0639015
1423	0	0.0639015
1423.5	0	0.0639015
1424	0	0.0639015
1424.5	0	0.0639015
1425	0	0.0639015
1425.5	0	0.0639015
1426	0.00395758	0.0633972
1426.5	0.135279	0.0634237
1427	0.131294	0.0634467
1427.5	0.130408	0.0634694
1428	0.127449	0.0634778
1428.5	0.0246821	0.0634604
1429	0	0.0634604
1429.5	0	0.0634604
1430	0	0.0634604
1430.5	0	0.0634604
1431	0	0.0634604
1431.5	0	0.0634604
1432	0	0.0634604
1432.5	0	0.0634604
1433	0	0.0634604
1433.5	0.0119987	0.063271
1434	0.124753	0.06329
1434.5	0.125405	0.0633146
1435	0.129862	0.0633372
1435.5	0.130095	0.0633598
1436	0.122718	0.0633812
1436.5	0.126844	0.0633867
1437	0	0.0633867
1437.5	0	0.0633867
1438	0	0.0633867
1438.5	0	0.0633867
1439	0	0.0633867
1439.5	0	0.0633867
1440	0	0.0633867
1440.5	0	0.0633867
1441	0.0144368	0.0632191
1441.5	0.126856	0.0632412
1442	0.127346	0.0632633
1442.5	0.128949	0.0632856
1443	0.127449	0.0633077
1443.5	0.127449	0.0633298
1444	0.127449	0.0633325
1444.5	0	0.0633325
1445	0	0.0633325
1445.5	0	0.0633325
1446	0.0192041	0.0632571
1446.5	0.12064	0.0632779
1447	0.135084	0.0633011
1447.5	0.127385	0.0633259
1448	0.128135	0.063348
1448.5	0.127449	0.06337
1449	0.127449	0.0633919
1449.5	0.127449	0.0634139
1450	0.123725	0.0634352
1450.5	0.129975	0.0634575
1451	0.119437	0.0634779
1451.5	0.124055	0.0634992
1452	0.131922	0.0635218
1452.5	0.136059	0.063548
1453	0.127449	0.0635698
1453.5	0.127449	0.0635916
1454	0.127449	0.0636134
1454.5	0.127449	0.0636352
1455	0.12073	0.0636558
1455.5	0.13238	0.0636784
1456	0.125064	0.0636997
1456.5	0.129618	0.0637246
1457	0.12749	0.0637463
1457.5	0.122863	0.0637672
1458	0.129916	0.0637893
1458.5	0.127463	0.0637974
1459	0	0.0637974
1459.5	0	0.0637974
1460	0	0.0637974
1460.5	0	0.0637974
1461	0	0.0637974
1461.5	0	0.0637974
1462	0	0.0637974
1462.5	0	0.0637974
1463	0	0.0637974
1463.5	0	0.0637974
1464	0	0.0637974
1464.5	0.00624019	0.0635483
1465	0.127449	0.0635727
1465.5	0.127449	0.0635943
1466	0.127449	0.0636159
1466.5	0.127449	0.0636375
1467	0.127449	0.0636591
1467.5	0.127449	0.0636807
1468	0.127449	0.0637023
1468.5	0.127449	0.0637239
1469	0.127449	0.0637481
1469.5	0.127449	0.0637696
1470	0.127449	0.0637911
1470.5	0.127449	0.0638126
1471	0.127449	0.0638341
1471.5	0.127449	0.0638502
1472	0	0.0638502
1472.5	0.0270151	0.0638209
1473	0.127449	0.0638343
1473.5	0	0.0638343
1474	0	0.0638343
1474.5	0	0.0638343
1475	0	0.0638343
1475.5	0	0.0638343
1476	0	0.0638343
1476.5	0	0.0638343
1477	0	0.0638343
1477.5	0	0.0638343
1478	0	0.0638343
1478.5	0	0.0638343
1479	0	0.0638343
1479.5	0	0.0638343
1480	0	0.0638343
1480.5	0	0.0638343
1481	0	0.0638343
1481.5	0	0.0638343
1482	0	0.0638343
1482.5	0	0.0638343
1483	0	0.0638343
1483.5	0	0.0638343
1484	0.00420678	0.063381
1484.5	0.127387	0.0634024
1485	0.12748	0.0634239
1485.5	0.127496	0.0634453
1486	0.127335	0.0634666
1486.5	0.127454	0.063488
1487	0.127444	0.0635094
1487.5	0.127623	0.0635227
1488	0	0.0635227
1488.5	0.0328641	0.0634979
1489	0.127449	0.0635219
1489.5	0.127449	0.0635432
1490	0.127449	0.0635645
1490.5	0.127449	0.0635858
1491	0.127449	0.0636071
1491.5	0.127449	0.0636283
1492	0.127449	0.0636496
1492.5	0.127449	0.0636708
1493	0.127449	0.0636946
1493.5	0.127449	0.0637158
1494	0.127449	0.063737
1494.5	0.127449	0.0637449
1495	0	0.0637449
1495.5	0	0.0637449
1496	0	0.0637449
1496.5	0.00689887	0.0636578
1497	0.127449	0.0636816
1497.5	0.127475	0.0637028
1498	0.127983	0.063724
1498.5	0.125255	0.0637447
1499	0.127434	0.0637658
1499.5	0.127563	0.0637764
1500	0	0.0637764
1500.5	0.0370371	0.0637536
1501	0.127449	0.0637746
1501.5	0	0.0637746
1502	0	0.0637746
1502.5	0	0.0637746
1503	0	0.0637746
1503.5	0	0.0637746
1504	0	0.0637746
1504.5	0	0.0637746
1505	0	0.0637746
1505.5	0	0.0637746
1506	0	0.0637746
1506.5	0	0.0637746
1507	0	0.0637746
1507.5	0	0.0637746
1508	0	0.0637746
1508.5	0	0.0637746
1509	0.00391648	0.0634542
1509.5	0.127449	0.0634753
1510	0.127387	0.0634963
1510.5	0.127501	0.0635173
1511	0.12748	0.0635383
1511.5	0.127459	0.0635593
1512	0.127454	0.0635803
1512.5	0.127495	0.0636039
1513	0.127414	0.0636222
1513.5	0	0.0636222
1514	0	0.0636222
1514.5	0	0.0636222
1515	0	0.0636222
1515.5	0	0.0636222
1516	0	0.0636222
1516.5	0	0.0636222
1517	0	0.0636222
1517.5	0	0.0636222
1518	0	0.0636222
1518.5	0	0.0636222
1519	0	0.0636222
1519.5	0	0.0636222
1520	0	0.0636222
1520.5	0	0.0636222
1521	0	0.0636222
1521.5	0	0.0636222
1522	0.00432721	0.0632662
1522.5	0.127454	0.0632872
1523	0.127408	0.0633081
1523.5	0.122873	0.0633282
1524	0.129868	0.0633495
1524.5	0.12997	0.0633707
1525	0.122853	0.0633908
1525.5	0.127418	0.0634117
1526	0.131749	0.0634359
1526.5	0.12747	0.0634567
1527	0.127527	0.0634775
1527.5	0.127397	0.0634983
1528	0.129879	0.0635194
1528.5	0.127475	0.0635402
1529	0.128384	0.0635637
1529.5	0.125328	0.063579
1530	0.113383	0.0635994
1530.5	0.145543	0.0636227
1531	0.114477	0.063641
1531.5	0.143015	0.0636668
1532	0.101165	0.0636783
1532.5	0.118579	0.0636974
1533	0.126971	0.063718
1533.5	0	0.063718
1534	0	0.063718
1534.5	0	0.063718
1535	0	0.063718
1535.5	0	0.063718
1536	0	0.063718
1536.5	0	0.063718
1537	0	0.063718
1537.5	0	0.063718
1538	0	0.063718
1538.5	0	0.063718
1539	0	0.063718
1539.5	0	0.063718
1540	0	0.063718
1540.5	0	0.063718
1541	0	0.063718
1541.5	0	0.063718
1542	0	0.063718
1542.5	0.00494605	0.0633525
1543	0.127449	0.0633628
1543.5	0	0.0633628
1544	0	0.0633628
1544.5	0	0.0633628
1545	0	0.0633628
1545.5	0	0.0633628
1546	0	0.0633628
1546.5	0	0.0633628
1547	0	0.0633628
1547.5	0	0.0633628
1548	0	0.0633628
1548.5	0	0.0633628
1549	0	0.0633628
1549.5	0	0.0633628
1550	0	0.0633628
1550.5	0	0.0633628
1551	0	0.0633628
1551.5	0.0017887	0.063012
1552	0.127449	0.0630326
1552.5	0.127449	0.0630352
1553	0	0.0630352
1553.5	0	0.0630352
1554	0	0.0630352
1554.5	0	0.0630352
1555	0	0.0630352
1555.5	0.013632	0.0629246
1556	0.119305	0.0629415
1556.5	0.133128	0.0629656
1557	0.125111	0.0629832
1557.5	0.122179	0.0630054
1558	0.133852	0.0630268
1558.5	0.117733	0.0630433
1559	0.140019	0.0630684
1559.5	0.128322	0.0630916
1560	0.127397	0.0631121
1560.5	0.127366	0.0631325
1561	0.127537	0.063153
1561.5	0.127371	0.0631734
1562	0.12748	0.0631939
1562.5	0.127537	0.0632143
1563	0.127394	0.0632372
1563.5	0.127273	0.0632474
1564	0	0.0632474
1564.5	0	0.0632474
1565	0	0.0632474
1565.5	0	0.0632474
1566	0	0.0632474
1566.5	0	0.0632474
1567	0	0.0632474
1567.5	0	0.0632474
1568	0	0.0632474
1568.5	0	0.0632474
1569	0	0.0632474
1569.5	0	0.0632474
1570	0	0.0632474
1570.5	0	0.0632474
1571	0	0.0632474
1571.5	0	0.0632474
1572	0	0.0632474
1572.5	0	0.0632474
1573	0	0.0632474
1573.5	0	0.0632474
1574	0	0.0632474
1574.5	0.00209485	0.0628077
1575	0.127456	0.062823
1575.5	0	0.062823
1576	0	0.062823
1576.5	0	0.062823
1577	0	0.062823
1577.5	0	0.062823
1578	0	0.062823
1578.5	0	0.062823
1579	0	0.062823
1579.5	0.00675626	0.0626568
1580	0.1299	0.0626775
1580.5	0.12756	0.0626852
1581	0.0397932	0.0626737
1581.5	0.127449	0.0626965
1582	0.127449	0.0627168
1582.5	0.126699	0.062737
1583	0.127465	0.0627573
1583.5	0.125059	0.0627772
1584	0.127449	0.0627975
1584.5	0.130704	0.0628182
1585	0.127449	0.0628384
1585.5	0.127449	0.0628612
1586	0.126654	0.0628813
1586.5	0.127418	0.0629015
1587	0.127537	0.0629217
1587.5	0.128196	0.0629419
1588	0.127449	0.0629621
1588.5	0.127449	0.0629822
1589	0.127449	0.0630024
1589.5	0.127449	0.0630124
1590	0	0.0630124
1590.5	0	0.0630124
1591	0	0.0630124
1591.5	0	0.0630124
1592	0	0.0630124
1592.5	0.00713444	0.0628958
1593	0.127449	0.0629159
1593.5	0.127449	0.062936
1594	0.127449	0.0629561
1594.5	0.127449	0.0629762
1595	0.127449	0.0629962
1595.5	0.127449	0.0630188
1596	0.127449	0.0630388
1596.5	0.127232	0.0630588
1597	0.127516	0.0630788
1597.5	0.127387	0.0630938
1598	0	0.0630938
1598.5	0	0.0630938
1599	0	0.0630938
1599.5	0	0.0630938
1600	0	0.0630938
