7	0.00337118	0.173316
7.5	0.127449	0.141491
8	0	0.141491
8.5	0	0.141491
9	0	0.141491
9.5	0	0.141491
10	0	0.141491
10.5	0	0.141491
11	0.0127982	0.0266486
11.5	0.127418	0.037406
12	0.127516	0.0460915
12.5	0.127335	0.0532433
13	0.115537	0.0561253
13.5	0	0.0561253
14	0.0520599	0.0554327
14.5	0.127399	0.0606597
15	0.128415	0.0647382
15.5	0.129105	0.0683744
16	0.127449	0.0715719
16.5	0.127449	0.0747792
17	0.127449	0.077336
17.5	0.124616	0.0795723
18	0.127594	0.0816927
18.5	0.127371	0.0836276
19	0.127366	0.0854051
19.5	0.127501	0.0870474
20	0.130376	0.0886397
20.5	0.127449	0.0902145
21	0.127449	0.0905472
21.5	0	0.0905472
22	0	0.0905472
22.5	0	0.0905472
23	0	0.0905472
23.5	0	0.0905472
24	0	0.0905472
24.5	0	0.0905472
25	0	0.0905472
25.5	0	0.0905472
26	0	0.0905472
26.5	0	0.0905472
27	0	0.0905472
27.5	0	0.0905472
28	0	0.0905472
28.5	0	0.0905472
29	0	0.0905472
29.5	0	0.0905472
30	0	0.0905472
30.5	0	0.0905472
31	0	0.0905472
31.5	0	0.0905472
32	0.00138216	0.0502654
32.5	0.118946	0.0515046
33	0.10744	0.0522914
33.5	0.0446278	0.0520892
34	0.0973606	0.0524961
34.5	0.111818	0.054004
35	0.129535	0.055307
35.5	0.181707	0.0570319
36	0.138624	0.0589325
36.5	0.132236	0.0601068
37	0.121308	0.0610278
37.5	0.0883472	0.0615033
38	0.172303	0.0634461
38.5	0.127911	0.0644455
39	0.127449	0.0654107
39.5	0.127449	0.0662313
40	0.123496	0.0672191
40.5	0.128613	0.0677789
41	0.0810526	0.0680424
41.5	0.129683	0.0685839
42	0.120726	0.0696444
42.5	0.133396	0.0703825
43	0	0.0703825
43.5	0	0.0703825
44	0	0.0703825
44.5	0	0.0703825
45	0	0.0703825
45.5	0	0.0703825
46	0	0.0703825
46.5	0	0.0703825
47	0	0.0703825
47.5	0	0.0703825
48	0	0.0703825
48.5	0	0.0703825
49	0.00955413	0.0608971
49.5	0.127449	0.0616661
50	0.124926	0.0624031
50.5	0.127392	0.0631373
51	0.124414	0.0638379
51.5	0.130288	0.0646443
52	0.127459	0.0653293
52.5	0.127459	0.0659995
53	0.124395	0.0666379
53.5	0.123945	0.0672599
54	0.131012	0.0679078
54.5	0.130701	0.0685411
55	0.108436	0.0689609
55.5	0.127793	0.0695553
56	0.127449	0.0702076
56.5	0.127242	0.0707741
57	0.12776	0.0713323
57.5	0.128347	0.0718829
58	0.113204	0.0722749
58.5	0.142282	0.0729479
59	0.105061	0.0732243
59.5	0.132217	0.0738889
60	0.140863	0.0745204
60.5	0.127397	0.0750059
61	0.126351	0.0754768
61.5	0.127719	0.0755951
62	0.0182146	0.0746986
62.5	0.128435	0.0751707
63	0.127351	0.0756289
63.5	0.127537	0.0760801
64	0.12851	0.0765841
64.5	0.127449	0.0770185
65	0.127449	0.0774456
65.5	0.127449	0.0778656
66	0.127449	0.0782785
66.5	0.127449	0.0786846
67	0.127449	0.0790841
67.5	0.127449	0.0795257
68	0.127449	0.0799116
68.5	0.127449	0.0802913
69	0.126379	0.0806595
69.5	0.127444	0.0810273
70	0.128543	0.0813948
70.5	0.0920633	0.0814805
71	0.127449	0.0818334
71.5	0.127449	0.082181
72	0.127449	0.0825233
72.5	0.127449	0.0829023
73	0.125835	0.0832259
73.5	0.123875	0.0834964
74	0.130375	0.0838745
74.5	0.124286	0.084176
75	0.130732	0.084504
75.5	0.127409	0.084812
76	0.127516	0.085116
76.5	0.127505	0.0854157
77	0.126186	0.0857049
77.5	0.123429	0.0859765
78	0.129435	0.0863096
78.5	0.110796	0.086479
79	0.123448	0.0867394
79.5	0.148296	0.0870982
80	0.126543	0.0873659
80.5	0.126751	0.0876637
81	0.129679	0.087938
81.5	0.126548	0.0881946
82	0.123405	0.0884329
82.5	0.138651	0.088771
83	0.128264	0.0890248
83.5	0.127449	0.0892717
84	0.127449	0.0895155
84.5	0.127449	0.089786
85	0.125485	0.0900144
85.5	0.127579	0.0902201
86	0.109515	0.0903424
86.5	0.135623	0.0906384
87	0.132212	0.0909154
87.5	0.133002	0.0911617
88	0.12532	0.09132
88.5	0	0.09132
89	0	0.09132
89.5	0	0.09132
90	0	0.09132
90.5	0.00604826	0.0886742
91	0.113473	0.0888169
91.5	0.0831571	0.0887853
92	0	0.0887853
92.5	0	0.0887853
93	0.0349843	0.0878048
93.5	0.127309	0.0880296
94	0.127527	0.0882805
94.5	0.12721	0.0884995
95	0.127746	0.0887182
95.5	0.127465	0.0889334
96	0.129808	0.0891551
96.5	0.127847	0.0893671
97	0	0.0893671
97.5	0	0.0893671
98	0	0.0893671
98.5	0	0.0893671
99	0	0.0893671
99.5	0	0.0893671
100	0	0.0893671
100.5	0	0.0893671
101	0.00868378	0.0854959
101.5	0.132508	0.0857605
102	0.132412	0.0859929
102.5	0.127814	0.0862076
103	0.127449	0.0864188
103.5	0.127449	0.0866279
104	0.124733	0.0868253
104.5	0	0.0868253
105	0.0153596	0.0860815
105.5	0.13056	0.0862983
106	0.127542	0.086503
106.5	0.127458	0.0867306
107	0.131044	0.0868103
107.5	0	0.0868103
108	0	0.0868103
108.5	0	0.0868103
109	0	0.0868103
109.5	0	0.0868103
110	0	0.0868103
110.5	0	0.0868103
111	0	0.0868103
111.5	0	0.0868103
112	0	0.0868103
112.5	0	0.0868103
113	0.00375478	0.0819049
113.5	0.126775	0.0821392
114	0.127526	0.0823476
114.5	0.110969	0.0824604
115	0.117807	0.0826346
115.5	0.116262	0.0827808
116	0.108149	0.0828989
116.5	0	0.0828989
117	0	0.0828989
117.5	0	0.0828989
118	0	0.0828989
118.5	0	0.0828989
119	0.0052237	0.0808179
119.5	0.120589	0.0810017
120	0.141901	0.0812695
120.5	0.135388	0.0815178
121	0.127975	0.0817174
121.5	0.127506	0.081914
122	0.128886	0.0821127
122.5	0.127573	0.0823061
123	0.123077	0.0824852
123.5	0.123434	0.0826637
124	0.103591	0.0827584
124.5	0.140698	0.0829507
125	0.130781	0.0831936
125.5	0.135643	0.0834236
126	0.119364	0.0835624
126.5	0.113492	0.0836835
127	0.126964	0.0838837
127.5	0.110069	0.083992
128	0.177984	0.0843681
128.5	0.126389	0.0845396
129	0.098394	0.0845939
129.5	0.137668	0.0848158
130	0.149057	0.085063
130.5	0.125062	0.0852254
131	0	0.0852254
131.5	0	0.0852254
132	0.0229924	0.0845458
132.5	0	0.0845458
133	0	0.0845458
133.5	0	0.0845458
134	0	0.0845458
134.5	0	0.0845458
135	0	0.0845458
135.5	0	0.0845458
136	0	0.0845458
136.5	0	0.0845458
137	0	0.0845458
137.5	0	0.0845458
138	0	0.0845458
138.5	0	0.0845458
139	0.00768758	0.0803907
139.5	0.120444	0.080548
140	0.161362	0.0806072
140.5	0	0.0806072
141	0	0.0806072
141.5	0	0.0806072
142	0	0.0806072
142.5	0	0.0806072
143	0	0.0806072
143.5	0	0.0806072
144	0	0.0806072
144.5	0.0111415	0.0781203
145	0.127449	0.0782742
145.5	0.120153	0.078432
146	0.131847	0.0786376
146.5	0.127398	0.0788096
147	0.128946	0.0789837
147.5	0.12275	0.0791428
148	0.122948	0.0793012
148.5	0.120639	0.0794529
149	0.132797	0.0796303
149.5	0.139916	0.0798435
150	0.127351	0.080007
150.5	0.127182	0.0801691
151	0.127806	0.0803314
151.5	0.127518	0.0803917
152	0	0.0803917
152.5	0.0306334	0.0799542
153	0	0.0799542
153.5	0	0.0799542
154	0	0.0799542
154.5	0	0.0799542
155	0	0.0799542
155.5	0	0.0799542
156	0	0.0799542
156.5	0	0.0799542
157	0	0.0799542
157.5	0	0.0799542
158	0	0.0799542
158.5	0.00258913	0.076863
159	0.127449	0.0770267
159.5	0.127449	0.0771894
160	0.127449	0.077351
160.5	0.116487	0.0774882
161	0.129394	0.0776515
161.5	0.129489	0.0778139
162	0.0647393	0.0778037
162.5	0.0178534	0.0774652
163	0.130384	0.0776487
163.5	0.12828	0.0778068
164	0.129068	0.0779654
164.5	0.127449	0.0781199
165	0.127449	0.0782735
165.5	0.126617	0.0782924
166	0	0.0782924
166.5	0	0.0782924
167	0	0.0782924
167.5	0	0.0782924
168	0	0.0782924
168.5	0	0.0782924
169	0	0.0782924
169.5	0.00352653	0.0762475
170	0.127408	0.076402
170.5	0.127537	0.0765557
171	0.128094	0.0767096
171.5	0.127449	0.0767856
172	0	0.0767856
172.5	0.0479117	0.0765573
173	0.135378	0.0767214
173.5	0.129388	0.0768747
174	0.122288	0.0770141
174.5	0.127558	0.0771625
175	0.133009	0.0773387
175.5	0.127449	0.077485
176	0.127449	0.077576
176.5	0	0.077576
177	0	0.077576
177.5	0	0.077576
178	0	0.077576
178.5	0.0205922	0.0766907
179	0.130299	0.0768594
179.5	0.12748	0.0770037
180	0.127671	0.0771476
180.5	0.127361	0.07729
181	0.127485	0.0774319
181.5	0.12403	0.0775669
182	0.119991	0.0776936
182.5	0.136427	0.0778474
183	0.130408	0.0780089
183.5	0.113122	0.0781054
184	0.120079	0.0781829
184.5	0	0.0781829
185	0	0.0781829
185.5	0	0.0781829
186	0	0.0781829
186.5	0	0.0781829
187	0	0.0781829
187.5	0	0.0781829
188	0.0150175	0.0767259
188.5	0.127449	0.0768634
189	0.127449	0.0770001
189.5	0.127449	0.0771361
190	0.127449	0.0772714
190.5	0.127449	0.0774059
191	0.127449	0.0775565
191.5	0.127449	0.0776895
192	0.127449	0.0778218
192.5	0.127449	0.0779534
193	0.12441	0.0780793
193.5	0.127444	0.0782095
194	0.121554	0.0783291
194.5	0.124315	0.0784528
195	0.137663	0.0785962
195.5	0	0.0785962
196	0	0.0785962
196.5	0.0311569	0.0782184
197	0.127408	0.0783458
197.5	0.128713	0.0784907
198	0.127449	0.0786168
198.5	0.127449	0.0787422
199	0.127449	0.078867
199.5	0.127449	0.0789912
200	0.127449	0.0791147
200.5	0.124875	0.0792335
201	0.127587	0.079356
201.5	0.11236	0.0794388
202	0.142153	0.0795985
202.5	0.11536	0.0796979
203	0.142222	0.0798561
203.5	0.122661	0.0799536
204	0.126872	0.080086
204.5	0.0970894	0.0801277
205	0.161722	0.0803274
205.5	0.12942	0.0804622
206	0.126135	0.0805763
206.5	0.126617	0.0806763
207	0.12466	0.0808007
207.5	0.110388	0.0808636
208	0.1241	0.0809859
208.5	0.142478	0.081137
209	0.132881	0.0812579
209.5	0.126152	0.0813543
210	0.121537	0.0814692
210.5	0.135038	0.0816067
211	0.131245	0.081723
211.5	0.127449	0.081833
212	0.127449	0.0819151
212.5	0	0.0819151
213	0	0.0819151
213.5	0	0.0819151
214	0	0.0819151
214.5	0	0.0819151
215	0	0.0819151
215.5	0	0.0819151
216	0	0.0819151
216.5	0.0050804	0.0802176
217	0.132766	0.0803505
217.5	0.107968	0.0804077
218	0.112562	0.0804926
218.5	0.149595	0.0806466
219	0.132843	0.0807629
219.5	0.0866027	0.0807778
220	0.113496	0.0808521
220.5	0.147159	0.0810175
221	0.158152	0.0811961
221.5	0.14594	0.081342
222	0.108266	0.0814055
222.5	0.144071	0.0815321
223	0.0972282	0.0815672
223.5	0.124288	0.0816792
224	0.162022	0.0818583
224.5	0.134363	0.0819851
225	0.127408	0.0820876
225.5	0.127542	0.0821899
226	0.127496	0.0822917
226.5	0.12732	0.0823927
227	0.127377	0.0824934
227.5	0.125527	0.0825909
228	0.113182	0.082658
228.5	0.129581	0.0827734
229	0.141929	0.0829058
229.5	0.127702	0.0830047
230	0.127449	0.0830415
230.5	0	0.0830415
231	0	0.0830415
231.5	0	0.0830415
232	0	0.0830415
232.5	0	0.0830415
233	0	0.0830415
233.5	0	0.0830415
234	0	0.0830415
234.5	0	0.0830415
235	0	0.0830415
235.5	0.00685134	0.0811332
236	0	0.0811332
236.5	0	0.0811332
237	0	0.0811332
237.5	0	0.0811332
238	0.0244076	0.0805022
238.5	0.123048	0.0805959
239	0.129597	0.0807108
239.5	0.110669	0.0807747
240	0.138871	0.0809014
240.5	0.110963	0.080956
241	0.14059	0.081098
241.5	0.123412	0.0811897
242	0.0810945	0.0811897
242.5	0	0.0811897
243	0	0.0811897
243.5	0.016506	0.0806702
244	0.127351	0.0807672
244.5	0.127532	0.080864
245	0.115742	0.0808839
245.5	0	0.0808839
246	0	0.0808839
246.5	0	0.0808839
247	0	0.0808839
247.5	0	0.0808839
248	0	0.0808839
248.5	0	0.0808839
249	0	0.0808839
249.5	0	0.0808839
250	0	0.0808839
250.5	0	0.0808839
251	0.0073777	0.0789634
251.5	0.127237	0.0790607
252	0.127553	0.079158
252.5	0.127321	0.0791943
253	0	0.0791943
253.5	0	0.0791943
254	0	0.0791943
254.5	0	0.0791943
255	0	0.0791943
255.5	0	0.0791943
256	0	0.0791943
256.5	0	0.0791943
257	0	0.0791943
257.5	0	0.0791943
258	0	0.0791943
258.5	0	0.0791943
259	0	0.0791943
259.5	0	0.0791943
260	0	0.0791943
260.5	0	0.0791943
261	0	0.0791943
261.5	0	0.0791943
262	0	0.0791943
262.5	0	0.0791943
263	0	0.0791943
263.5	0	0.0791943
264	0	0.0791943
264.5	0	0.0791943
265	0	0.0791943
265.5	0	0.0791943
266	0	0.0791943
266.5	0	0.0791943
267	0	0.0791943
267.5	0	0.0791943
268	0	0.0791943
268.5	0	0.0791943
269	0	0.0791943
269.5	0	0.0791943
270	0	0.0791943
270.5	0	0.0791943
271	0	0.0791943
271.5	0	0.0791943
272	0	0.0791943
272.5	0	0.0791943
273	0	0.0791943
273.5	0	0.0791943
274	0	0.0791943
274.5	0.00246192	0.0728002
275	0.127459	0.0729005
275.5	0.129296	0.0730151
276	0.127449	0.0731147
276.5	0.125283	0.0732116
277	0.127119	0.0733101
277.5	0.128859	0.07341
278	0.102102	0.0734344
278.5	0	0.0734344
279	0	0.0734344
279.5	0	0.0734344
280	0	0.0734344
280.5	0	0.0734344
281	0	0.0734344
281.5	0	0.0734344
282	0	0.0734344
282.5	0	0.0734344
283	0	0.0734344
283.5	0	0.0734344
284	0	0.0734344
284.5	0	0.0734344
285	0	0.0734344
285.5	0	0.0734344
286	0	0.0734344
286.5	0	0.0734344
287	0	0.0734344
287.5	0	0.0734344
288	0	0.0734344
288.5	0	0.0734344
289	0	0.0734344
289.5	0	0.0734344
290	0.0012766	0.070303
290.5	0.123234	0.070398
291	0.144055	0.070511
291.5	0.105514	0.070575
292	0.174396	0.0706897
292.5	0	0.0706897
293	0	0.0706897
293.5	0	0.0706897
294	0	0.0706897
294.5	0	0.0706897
295	0	0.0706897
295.5	0	0.0706897
296	0	0.0706897
296.5	0	0.0706897
297	0	0.0706897
297.5	0	0.0706897
298	0	0.0706897
298.5	0	0.0706897
299	0	0.0706897
299.5	0.00406723	0.0689336
300	0.127449	0.0690319
300.5	0.127449	0.0691298
301	0.127449	0.0692275
301.5	0.127449	0.0693247
302	0.12376	0.0694183
302.5	0.130794	0.0695179
303	0.127463	0.0696262
303.5	0.124444	0.0697194
304	0.124429	0.0698122
304.5	0.128991	0.069909
305	0.134456	0.0699721
305.5	0	0.0699721
306	0	0.0699721
306.5	0	0.0699721
307	0	0.0699721
307.5	0	0.0699721
308	0	0.0699721
308.5	0	0.0699721
309	0	0.0699721
309.5	0	0.0699721
310	0.00753119	0.0688996
310.5	0.127449	0.0689945
311	0.127449	0.0690891
311.5	0.127449	0.0691481
312	0	0.0691481
312.5	0	0.0691481
313	0.00923918	0.0688159
313.5	0.127449	0.06891
314	0	0.06891
314.5	0	0.06891
315	0	0.06891
315.5	0	0.06891
316	0	0.06891
316.5	0	0.06891
317	0	0.06891
317.5	0.011757	0.0681736
318	0.127449	0.0682674
318.5	0.127449	0.0683609
319	0.127449	0.0684308
319.5	0	0.0684308
320	0	0.0684308
320.5	0	0.0684308
321	0	0.0684308
321.5	0	0.0684308
322	0	0.0684308
322.5	0	0.0684308
323	0	0.0684308
323.5	0	0.0684308
324	0	0.0684308
324.5	0	0.0684308
325	0	0.0684308
325.5	0	0.0684308
326	0	0.0684308
326.5	0	0.0684308
327	0	0.0684308
327.5	0	0.0684308
328	0	0.0684308
328.5	0	0.0684308
329	0	0.0684308
329.5	0.00220724	0.0662428
330	0.127332	0.0663359
330.5	0.127691	0.0664291
331	0.127449	0.0665218
331.5	0.127449	0.066568
332	0	0.066568
332.5	0	0.066568
333	0	0.066568
333.5	0	0.066568
334	0	0.066568
334.5	0	0.066568
335	0	0.066568
335.5	0.0131246	0.0658875
336	0	0.0658875
336.5	0	0.0658875
337	0	0.0658875
337.5	0	0.0658875
338	0	0.0658875
338.5	0	0.0658875
339	0	0.0658875
339.5	0	0.0658875
340	0	0.0658875
340.5	0	0.0658875
341	0	0.0658875
341.5	0	0.0658875
342	0	0.0658875
342.5	0	0.0658875
343	0	0.0658875
343.5	0	0.0658875
344	0.00638071	0.0643689
344.5	0.132695	0.0644646
345	0.110642	0.0645323
345.5	0.132392	0.0646392
346	0.1109	0.0646971
346.5	0.141009	0.064822
347	0.12969	0.0649143
347.5	0.126672	0.0650041
348	0.132352	0.0651094
348.5	0.133364	0.0651917
349	0.1134	0.0652599
349.5	0	0.0652599
350	0	0.0652599
350.5	0	0.0652599
351	0	0.0652599
351.5	0	0.0652599
352	0	0.0652599
352.5	0	0.0652599
353	0	0.0652599
353.5	0	0.0652599
354	0	0.0652599
354.5	0	0.0652599
355	0	0.0652599
355.5	0	0.0652599
356	0	0.0652599
356.5	0	0.0652599
357	0	0.0652599
357.5	0	0.0652599
358	0	0.0652599
358.5	0	0.0652599
359	0	0.0652599
359.5	0	0.0652599
360	0	0.0652599
360.5	0	0.0652599
361	0	0.0652599
361.5	0	0.0652599
362	0	0.0652599
362.5	0	0.0652599
363	0	0.0652599
363.5	0	0.0652599
364	0	0.0652599
364.5	0	0.0652599
365	0	0.0652599
365.5	0	0.0652599
366	0	0.0652599
366.5	0	0.0652599
367	0	0.0652599
367.5	0	0.0652599
368	0.00164379	0.0618978
368.5	0.127449	0.0619871
369	0.127449	0.0620761
369.5	0.127449	0.0621648
370	0.124187	0.0622511
370.5	0.127449	0.0622622
371	0	0.0622622
371.5	0	0.0622622
372	0.0197046	0.0620302
372.5	0.127352	0.0620963
373	0	0.0620963
373.5	0	0.0620963
374	0.0196747	0.061912
374.5	0	0.061912
375	0	0.061912
375.5	0	0.061912
376	0	0.061912
376.5	0	0.061912
377	0	0.061912
377.5	0	0.061912
378	0	0.061912
378.5	0	0.061912
379	0	0.061912
379.5	0	0.061912
380	0	0.061912
380.5	0	0.061912
381	0	0.061912
381.5	0	0.061912
382	0	0.061912
382.5	0	0.061912
383	0	0.061912
383.5	0	0.061912
384	0.000785862	0.0602943
384.5	0.0773111	0.0603171
385	0.14402	0.0604377
385.5	0.132644	0.0605279
386	0.123416	0.0606122
386.5	0.157014	0.0607391
387	0.134867	0.0608411
387.5	0.13332	0.0608747
388	0	0.0608747
388.5	0.0241104	0.0607494
389	0.127449	0.0607601
389.5	0	0.0607601
390	0	0.0607601
390.5	0	0.0607601
391	0.0258191	0.0605391
391.5	0.126393	0.0606241
392	0.135729	0.0607255
392.5	0.119356	0.0607954
393	0.134339	0.0608955
393.5	0.12314	0.0609775
394	0.130734	0.061064
394.5	0.124335	0.0611464
395	0.127361	0.0612305
395.5	0.13433	0.0612744
396	0	0.0612744
396.5	0	0.0612744
397	0	0.0612744
397.5	0	0.0612744
398	0.0112616	0.0609182
398.5	0.127449	0.0610018
399	0.127485	0.0610853
399.5	0.12578	0.0611675
400	0.126966	0.0612502
400.5	0.129479	0.0613447
401	0.127304	0.0614272
401.5	0.127501	0.0615096
402	0.12748	0.0615917
402.5	0.0490854	0.0615766
403	0.127449	0.0616585
403.5	0.126911	0.0617398
404	0.102998	0.0617952
404.5	0.150503	0.0619114
405	0.130115	0.061994
405.5	0.127449	0.0620749
406	0.127449	0.0621555
406.5	0.127449	0.062236
407	0.124723	0.0623145
407.5	0.123329	0.062392
408	0.123242	0.0624692
408.5	0.129643	0.0625502
409	0.120481	0.0626252
409.5	0.11631	0.0626881
410	0.150682	0.0628018
410.5	0.122886	0.0628778
411	0.116353	0.0629402
411.5	0.17625	0.0629776
412	0	0.0629776
412.5	0	0.0629776
413	0	0.0629776
413.5	0	0.0629776
414	0.0192482	0.0626712
414.5	0.127449	0.0627592
415	0.127449	0.0628373
415.5	0.127449	0.0629151
416	0.127449	0.0629928
416.5	0.127449	0.0630702
417	0.127449	0.0631475
417.5	0.127449	0.0632246
418	0.127076	0.0633013
418.5	0.100378	0.0633506
419	0.154393	0.0634628
419.5	0.110642	0.0635195
420	0.11626	0.0635798
420.5	0.136402	0.0636608
421	0.0948818	0.0636982
421.5	0.105582	0.0637507
422	0.147074	0.0638577
422.5	0.145656	0.0639531
423	0.157121	0.0640537
423.5	0.108184	0.0641152
424	0.124756	0.0641609
424.5	0	0.0641609
425	0	0.0641609
425.5	0	0.0641609
426	0	0.0641609
426.5	0	0.0641609
427	0	0.0641609
427.5	0.00852169	0.0636739
428	0.129471	0.0637496
428.5	0.148228	0.0638345
429	0.0826788	0.0638599
429.5	0.129417	0.0639351
430	0.10546	0.0639862
430.5	0.147944	0.0640702
431	0.0661751	0.0640732
431.5	0.129685	0.0641293
432	0.0551626	0.0641173
432.5	0.135093	0.0642141
433	0.126213	0.0642864
433.5	0.173787	0.0644138
434	0.170041	0.0645279
434.5	0.136094	0.0645954
435	0.087087	0.0646285
435.5	0.127449	0.0647007
436	0.127449	0.0647727
436.5	0.127449	0.0648445
437	0.127449	0.0649162
437.5	0.127449	0.0649876
438	0.127449	0.065059
438.5	0.127449	0.065139
439	0.127449	0.06521
439.5	0.124933	0.0652793
440	0.124394	0.0653482
440.5	0.130657	0.0654205
441	0.124365	0.065489
441.5	0.127511	0.0655592
442	0.127439	0.0656292
442.5	0.130674	0.0657009
443	0.127426	0.0657793
443.5	0.127413	0.0658488
444	0.130095	0.0659197
444.5	0.127449	0.065989
445	0.127449	0.066058
445.5	0.127449	0.0661269
446	0.127449	0.0661957
446.5	0.0426666	0.0661662
447	0.125974	0.0662338
447.5	0.127527	0.0663023
448	0.125729	0.0663107
448.5	0	0.0663107
449	0	0.0663107
449.5	0	0.0663107
450	0	0.0663107
450.5	0.0053105	0.0659046
451	0.127304	0.0659727
451.5	0.127728	0.0660409
452	0.127408	0.0661088
452.5	0.127506	0.0661766
453	0.127475	0.0662442
453.5	0.127454	0.0663117
454	0.128333	0.0663795
454.5	0.127394	0.0664551
455	0.128098	0.0665224
455.5	0.127449	0.0665893
456	0.127449	0.066656
456.5	0.127449	0.0666893
457	0	0.0666893
457.5	0	0.0666893
458	0	0.0666893
458.5	0	0.0666893
459	0	0.0666893
459.5	0	0.0666893
460	0	0.0666893
460.5	0	0.0666893
461	0	0.0666893
461.5	0	0.0666893
462	0	0.0666893
462.5	0	0.0666893
463	0	0.0666893
463.5	0.00542139	0.0657187
464	0.144075	0.065812
464.5	0.132272	0.0658809
465	0.127905	0.0659473
465.5	0.127449	0.0660134
466	0.127449	0.0660792
466.5	0.127449	0.0661532
467	0.127449	0.0662188
467.5	0.127449	0.0662842
468	0.127449	0.0663495
468.5	0.127449	0.0664147
469	0.121899	0.0664765
469.5	0.13257	0.0665356
470	0.110176	0.0665893
470.5	0.148793	0.0666734
471	0.0971972	0.0667053
471.5	0.135808	0.0667826
472	0.0883754	0.0668073
472.5	0.11652	0.0668576
473	0.120466	0.0669175
473.5	0.157583	0.0670045
474	0.166155	0.0671048
474.5	0.140644	0.0671925
475	0.127402	0.0672558
475.5	0.115913	0.0672839
476	0	0.0672839
476.5	0	0.0672839
477	0	0.0672839
477.5	0	0.0672839
478	0	0.0672839
478.5	0	0.0672839
479	0	0.0672839
479.5	0.00184545	0.0666955
480	0.123306	0.0667564
480.5	0.134032	0.0668229
481	0.12744	0.0668937
481.5	0.128055	0.0669174
482	0	0.0669174
482.5	0.0120164	0.0667667
483	0.127407	0.0668294
483.5	0.124468	0.0668904
484	0.130495	0.0669545
484.5	0.127346	0.0670168
485	0.127233	0.0670789
485.5	0.127564	0.0671488
486	0.127632	0.0672109
486.5	0.127413	0.0672727
487	0.116033	0.0672864
487.5	0	0.0672864
488	0	0.0672864
488.5	0	0.0672864
489	0	0.0672864
489.5	0	0.0672864
490	0	0.0672864
490.5	0	0.0672864
491	0.00901524	0.0667628
491.5	0.127449	0.0668245
492	0.125518	0.066885
492.5	0.127428	0.0669464
493	0.129235	0.0670163
493.5	0.126516	0.067077
494	0.127418	0.067138
494.5	0.12192	0.0671958
495	0.132674	0.0672592
495.5	0.0789968	0.0672711
496	0.119464	0.0673202
496.5	0.0966521	0.0673542
497	0	0.0673542
497.5	0	0.0673542
498	0	0.0673542
498.5	0	0.0673542
499	0	0.0673542
499.5	0	0.0673542
500	0	0.0673542
500.5	0	0.0673542
501	0	0.0673542
501.5	0	0.0673542
502	0.00712043	0.0666843
502.5	0.130009	0.0667459
503	0.127449	0.0668062
503.5	0.127449	0.0668663
504	0.127449	0.0669263
504.5	0.127449	0.0669861
505	0.127449	0.0670459
505.5	0.127449	0.067113
506	0.127449	0.0671725
506.5	0.127449	0.0672319
507	0.127449	0.0672912
507.5	0.127449	0.0673503
508	0.127449	0.0674094
508.5	0.125514	0.0674673
509	0.118039	0.0675208
509.5	0.139222	0.0675931
510	0.127449	0.0676517
510.5	0.127449	0.0677102
511	0.127449	0.067732
511.5	0	0.067732
512	0.0238793	0.067618
512.5	0.124311	0.0676746
513	0.13281	0.0677354
513.5	0.127449	0.0677934
514	0.127449	0.0678513
514.5	0.127449	0.0679163
515	0.127449	0.067974
515.5	0.125079	0.0680303
516	0.129717	0.0680889
516.5	0.125625	0.0681383
517	0.126547	0.0682022
517.5	0.129176	0.0682602
518	0.103092	0.0682965
518.5	0.133058	0.0683561
519	0.138535	0.068426
519.5	0.136261	0.0684869
520	0.0996628	0.0684965
520.5	0	0.0684965
521	0	0.0684965
521.5	0	0.0684965
522	0	0.0684965
522.5	0	0.0684965
523	0	0.0684965
523.5	0	0.0684965
524	0	0.0684965
524.5	0	0.0684965
525	0.0043826	0.0678321
525.5	0.126096	0.067888
526	0.128832	0.0679452
526.5	0.127449	0.0680086
527	0.127449	0.0680649
527.5	0.127449	0.068107
528	0	0.068107
528.5	0	0.068107
529	0	0.068107
529.5	0	0.068107
530	0	0.068107
530.5	0	0.068107
531	0	0.068107
531.5	0	0.068107
532	0	0.068107
532.5	0	0.068107
533	0	0.068107
533.5	0	0.068107
534	0	0.068107
534.5	0.00658868	0.0672743
535	0.127461	0.0673304
535.5	0.127841	0.0673866
536	0.128761	0.0674431
536.5	0.127449	0.067457
537	0.0616064	0.0674472
537.5	0.127449	0.067489
538	0	0.067489
538.5	0	0.067489
539	0	0.067489
539.5	0	0.067489
540	0.0210411	0.0672616
540.5	0.126202	0.0673166
541	0.127439	0.067372
541.5	0.128588	0.0674348
542	0.126884	0.0674898
542.5	0	0.0674898
543	0	0.0674898
543.5	0	0.0674898
544	0	0.0674898
544.5	0	0.0674898
545	0	0.0674898
545.5	0.0157728	0.0671556
546	0.135502	0.0672216
546.5	0.110183	0.0672613
547	0.149432	0.0673331
547.5	0.126916	0.0673876
548	0.127371	0.0674422
548.5	0.128068	0.0674971
549	0.123556	0.0675299
549.5	0	0.0675299
550	0	0.0675299
550.5	0	0.0675299
551	0	0.0675299
551.5	0	0.0675299
552	0	0.0675299
552.5	0	0.0675299
553	0	0.0675299
553.5	0	0.0675299
554	0	0.0675299
554.5	0	0.0675299
555	0	0.0675299
555.5	0	0.0675299
556	0	0.0675299
556.5	0	0.0675299
557	0	0.0675299
557.5	0	0.0675299
558	0	0.0675299
558.5	0	0.0675299
559	0	0.0675299
559.5	0	0.0675299
560	0	0.0675299
560.5	0.0053494	0.0662126
561	0.099792	0.0662412
561.5	0.0972779	0.0662682
562	0.185224	0.0663771
562.5	0.0925929	0.0663811
563	0	0.0663811
563.5	0	0.0663811
564	0	0.0663811
564.5	0	0.0663811
565	0	0.0663811
565.5	0	0.0663811
566	0	0.0663811
566.5	0	0.0663811
567	0	0.0663811
567.5	0	0.0663811
568	0	0.0663811
568.5	0	0.0663811
569	0	0.0663811
569.5	0	0.0663811
570	0	0.0663811
570.5	0	0.0663811
571	0	0.0663811
571.5	0	0.0663811
572	0	0.0663811
572.5	0	0.0663811
573	0	0.0663811
573.5	0.00137182	0.0650692
574	0.120158	0.06512
574.5	0.180069	0.0651464
575	0	0.0651464
575.5	0	0.0651464
576	0	0.0651464
576.5	0	0.0651464
577	0	0.0651464
577.5	0	0.0651464
578	0	0.0651464
578.5	0	0.0651464
579	0	0.0651464
579.5	0	0.0651464
580	0	0.0651464
580.5	0	0.0651464
581	0	0.0651464
581.5	0	0.0651464
582	0	0.0651464
582.5	0	0.0651464
583	0	0.0651464
583.5	0.00420188	0.06416
584	0.127316	0.0642139
584.5	0.127391	0.0642207
585	0	0.0642207
585.5	0	0.0642207
586	0	0.0642207
586.5	0	0.0642207
587	0.0158807	0.0639738
587.5	0.127479	0.0640276
588	0.130005	0.0640824
588.5	0.127449	0.0640891
589	0	0.0640891
589.5	0.0076092	0.0639891
590	0	0.0639891
590.5	0	0.0639891
591	0	0.0639891
591.5	0.00960278	0.0637612
592	0.127532	0.0638148
592.5	0.121967	0.0638659
593	0.134075	0.0639219
593.5	0.124366	0.0639739
594	0.130677	0.0640285
594.5	0.12601	0.064081
595	0.126735	0.0641337
595.5	0.127426	0.0641933
596	0.120339	0.0642368
596.5	0.13282	0.0642917
597	0.126697	0.0643507
597.5	0.11894	0.0643933
598	0.135109	0.0644558
598.5	0.132412	0.0645102
599	0.115167	0.0645569
599.5	0.140801	0.0646213
600	0.127449	0.0646735
600.5	0.127449	0.0647256
601	0.127449	0.0647775
601.5	0.127449	0.0648294
602	0.127449	0.0648812
602.5	0.127449	0.06492
603	0	0.06492
603.5	0	0.06492
604	0	0.06492
604.5	0	0.06492
605	0	0.06492
605.5	0	0.06492
606	0	0.06492
606.5	0	0.06492
607	0	0.06492
607.5	0	0.06492
608	0.00415302	0.0643473
608.5	0.136397	0.0644024
609	0.116379	0.0644431
609.5	0.140018	0.0645134
610	0.126596	0.0645644
610.5	0.139455	0.0646202
611	0.120565	0.0646684
611.5	0.11707	0.0647149
612	0.111177	0.0647474
612.5	0.110105	0.0647847
613	0.0964961	0.0648145
613.5	0.122893	0.0648634
614	0.119451	0.0649047
614.5	0.115124	0.0649497
615	0.231876	0.0650797
615.5	0.131137	0.0651381
616	0.127354	0.0651822
616.5	0.127605	0.0652074
617	0	0.0652074
617.5	0	0.0652074
618	0	0.0652074
618.5	0	0.0652074
619	0.0168221	0.0649862
619.5	0.127449	0.0650176
620	0	0.0650176
620.5	0.0453065	0.0649787
621	0.127449	0.0650163
621.5	0	0.0650163
622	0	0.0650163
622.5	0	0.0650163
623	0	0.0650163
623.5	0	0.0650163
624	0	0.0650163
624.5	0	0.0650163
625	0	0.0650163
625.5	0	0.0650163
626	0	0.0650163
626.5	0	0.0650163
627	0	0.0650163
627.5	0	0.0650163
628	0	0.0650163
628.5	0	0.0650163
629	0	0.0650163
629.5	0.00546469	0.0641926
630	0.145388	0.0642559
630.5	0.122896	0.0643039
631	0.13228	0.064362
631.5	0.126266	0.0644113
632	0.113525	0.0644276
632.5	0	0.0644276
633	0	0.0644276
633.5	0	0.0644276
634	0	0.0644276
634.5	0	0.0644276
635	0	0.0644276
635.5	0	0.0644276
636	0	0.0644276
636.5	0	0.0644276
637	0	0.0644276
637.5	0	0.0644276
638	0	0.0644276
638.5	0	0.0644276
639	0	0.0644276
639.5	0.00403515	0.0636854
640	0.127449	0.0637349
640.5	0.127449	0.0637845
641	0	0.0637845
641.5	0	0.0637845
642	0.00531576	0.0636486
642.5	0.127449	0.0637042
643	0.127449	0.063735
643.5	0	0.063735
644	0	0.063735
644.5	0	0.063735
645	0	0.063735
645.5	0.0117543	0.0635178
646	0.12069	0.0635643
646.5	0.126405	0.0636131
647	0.135784	0.0636652
647.5	0.123345	0.0637126
648	0.126191	0.063761
648.5	0.129424	0.0637982
649	0	0.0637982
649.5	0	0.0637982
650	0	0.0637982
650.5	0	0.0637982
651	0.026975	0.0636486
651.5	0.103131	0.0636812
652	0.150633	0.0637514
652.5	0.133045	0.0637957
653	0.112556	0.0638378
653.5	0.114597	0.06387
654	0.0865833	0.0638891
654.5	0.0541598	0.0638869
655	0	0.0638869
655.5	0.0134745	0.0637964
656	0	0.0637964
656.5	0	0.0637964
657	0	0.0637964
657.5	0	0.0637964
658	0	0.0637964
658.5	0	0.0637964
659	0.00655225	0.0634811
659.5	0	0.0634811
660	0	0.0634811
660.5	0	0.0634811
661	0	0.0634811
661.5	0	0.0634811
662	0	0.0634811
662.5	0	0.0634811
663	0	0.0634811
663.5	0	0.0634811
664	0.0121833	0.0630791
664.5	0.125918	0.0631267
665	0.127781	0.0631448
665.5	0	0.0631448
666	0	0.0631448
666.5	0	0.0631448
667	0	0.0631448
667.5	0	0.0631448
668	0	0.0631448
668.5	0	0.0631448
669	0	0.0631448
669.5	0	0.0631448
670	0	0.0631448
670.5	0.00271819	0.0626193
671	0.124135	0.062672
671.5	0	0.062672
672	0	0.062672
672.5	0	0.062672
673	0.0234141	0.0625535
673.5	0.126104	0.0626009
674	0.121391	0.0626408
674.5	0.131891	0.0626963
675	0.11731	0.0627182
675.5	0	0.0627182
676	0	0.0627182
676.5	0	0.0627182
677	0.00707962	0.0625342
677.5	0.128902	0.0625824
678	0.127501	0.06263
678.5	0.127315	0.0626537
679	0	0.0626537
679.5	0	0.0626537
680	0	0.0626537
680.5	0	0.0626537
681	0	0.0626537
681.5	0	0.0626537
682	0	0.0626537
682.5	0	0.0626537
683	0	0.0626537
683.5	0	0.0626537
684	0	0.0626537
684.5	0	0.0626537
685	0	0.0626537
685.5	0	0.0626537
686	0	0.0626537
686.5	0	0.0626537
687	0	0.0626537
687.5	0	0.0626537
688	0	0.0626537
688.5	0	0.0626537
689	0	0.0626537
689.5	0	0.0626537
690	0	0.0626537
690.5	0	0.0626537
691	0	0.0626537
691.5	0	0.0626537
692	0	0.0626537
692.5	0	0.0626537
693	0	0.0626537
693.5	0	0.0626537
694	0	0.0626537
694.5	0	0.0626537
695	0	0.0626537
695.5	0	0.0626537
696	0	0.0626537
696.5	0	0.0626537
697	0	0.0626537
697.5	0	0.0626537
698	0	0.0626537
698.5	0	0.0626537
699	0	0.0626537
699.5	0	0.0626537
700	0	0.0626537
700.5	0	0.0626537
701	0	0.0626537
701.5	0.00202397	0.0606243
702	0.127477	0.0606775
702.5	0.124459	0.0607237
703	0.127392	0.0607709
703.5	0.130696	0.0608191
704	0.127284	0.0608485
704.5	0	0.0608485
705	0	0.0608485
705.5	0	0.0608485
706	0	0.0608485
706.5	0	0.0608485
707	0	0.0608485
707.5	0.0148744	0.0606063
708	0.130609	0.0606542
708.5	0.119313	0.0606707
709	0	0.0606707
709.5	0	0.0606707
710	0	0.0606707
710.5	0	0.0606707
711	0	0.0606707
711.5	0	0.0606707
712	0	0.0606707
712.5	0	0.0606707
713	0.00812417	0.0603115
713.5	0.127465	0.0603583
714	0.126895	0.0604048
714.5	0.127511	0.0604515
715	0.127402	0.0604981
715.5	0.127931	0.0605506
716	0.127449	0.0605564
716.5	0	0.0605564
717	0	0.0605564
717.5	0	0.0605564
718	0	0.0605564
718.5	0	0.0605564
719	0	0.0605564
719.5	0	0.0605564
720	0	0.0605564
720.5	0	0.0605564
721	0	0.0605564
721.5	0	0.0605564
722	0.00367404	0.060047
722.5	0.142243	0.060104
723	0.103103	0.060136
723.5	0.153434	0.0601959
724	0.110607	0.0602307
724.5	0.138649	0.0602864
725	0.138427	0.0603419
725.5	0.123124	0.0603864
726	0.125983	0.0604318
726.5	0.132976	0.0604794
727	0.112624	0.0605197
727.5	0.119372	0.0605573
728	0.153148	0.0606165
728.5	0.127107	0.0606676
729	0.129617	0.0607139
729.5	0.125575	0.0607587
730	0.127421	0.0607757
730.5	0	0.0607757
731	0	0.0607757
731.5	0	0.0607757
732	0	0.0607757
732.5	0	0.0607757
733	0	0.0607757
733.5	0.00425476	0.0604889
734	0	0.0604889
734.5	0	0.0604889
735	0	0.0604889
735.5	0	0.0604889
736	0	0.0604889
736.5	0	0.0604889
737	0	0.0604889
737.5	0	0.0604889
738	0	0.0604889
738.5	0	0.0604889
739	0	0.0604889
739.5	0	0.0604889
740	0	0.0604889
740.5	0	0.0604889
741	0	0.0604889
741.5	0.00386013	0.0598624
742	0.121137	0.0599056
742.5	0.126153	0.0599504
743	0.0830768	0.0599652
743.5	0.169897	0.060041
744	0.132407	0.0600875
744.5	0.129743	0.0601389
745	0.127449	0.0601838
745.5	0.123038	0.0602272
746	0.120473	0.0602696
746.5	0.137629	0.0603114
747	0.11035	0.0603498
747.5	0.0733674	0.0603592
748	0.126262	0.0604034
748.5	0.220953	0.0604956
749	0.128152	0.0605458
749.5	0.127485	0.0605902
750	0.127257	0.0606344
750.5	0.0646445	0.060637
751	0.125267	0.0606805
751.5	0.124596	0.0607238
752	0.131881	0.0607578
752.5	0	0.0607578
753	0.0197205	0.0606922
753.5	0.127449	0.0607362
754	0.127449	0.0607802
754.5	0.127449	0.0608241
755	0.127449	0.0608679
755.5	0.127449	0.0609117
756	0.127449	0.0609555
756.5	0.127167	0.060999
757	0.127701	0.0610482
757.5	0.127449	0.0610917
758	0.127449	0.0611352
758.5	0.127449	0.0611787
759	0.127449	0.061222
759.5	0.12292	0.0612639
760	0.132324	0.0613086
760.5	0.127449	0.0613518
761	0.127449	0.0614004
761.5	0.127449	0.0614435
762	0.127449	0.0614865
762.5	0.127449	0.0615295
763	0.127449	0.0615724
763.5	0.127449	0.0616153
764	0.127449	0.0616581
764.5	0.127449	0.0617008
765	0.127449	0.0617488
765.5	0.127449	0.0617915
766	0.127449	0.0618341
766.5	0.124286	0.0618756
767	0.130777	0.0619191
767.5	0.115426	0.0619525
768	0.135216	0.0620028
768.5	0.123219	0.0620437
769	0.129388	0.0620865
769.5	0.061645	0.0620864
770	0	0.0620864
770.5	0	0.0620864
771	0	0.0620864
771.5	0	0.0620864
772	0.0198617	0.0619339
772.5	0.128564	0.0619763
773	0.124478	0.0620174
773.5	0.132315	0.0620609
774	0.127449	0.0621081
774.5	0.127449	0.0621343
775	0	0.0621343
775.5	0	0.0621343
776	0	0.0621343
776.5	0	0.0621343
777	0	0.0621343
777.5	0	0.0621343
778	0	0.0621343
778.5	0	0.0621343
779	0	0.0621343
779.5	0	0.0621343
780	0	0.0621343
780.5	0	0.0621343
781	0	0.0621343
781.5	0	0.0621343
782	0	0.0621343
782.5	0	0.0621343
783	0	0.0621343
783.5	0	0.0621343
784	0	0.0621343
784.5	0	0.0621343
785	0	0.0621343
785.5	0	0.0621343
786	0	0.0621343
786.5	0	0.0621343
787	0	0.0621343
787.5	0	0.0621343
788	0	0.0621343
788.5	0	0.0621343
789	0	0.0621343
789.5	0	0.0621343
790	0	0.0621343
790.5	0	0.0621343
791	0	0.0621343
791.5	0	0.0621343
792	0	0.0621343
792.5	0	0.0621343
793	0	0.0621343
793.5	0	0.0621343
794	0	0.0621343
794.5	0	0.0621343
795	0	0.0621343
795.5	0	0.0621343
796	0	0.0621343
796.5	0	0.0621343
797	0	0.0621343
797.5	0	0.0621343
798	0	0.0621343
798.5	0	0.0621343
799	0	0.0621343
799.5	0	0.0621343
800	0	0.0621343
800.5	0	0.0621343
801	0	0.0621343
801.5	0	0.0621343
802	0	0.0621343
802.5	0	0.0621343
803	0	0.0621343
803.5	0	0.0621343
804	0	0.0621343
804.5	0	0.0621343
805	0.00153483	0.0598064
805.5	0.127449	0.0598481
806	0.127402	0.0598897
806.5	0.127146	0.0599312
807	0.119465	0.0599703
807.5	0.113484	0.0600026
808	0.15529	0.0600387
808.5	0	0.0600387
809	0	0.0600387
809.5	0	0.0600387
810	0	0.0600387
810.5	0	0.0600387
811	0	0.0600387
811.5	0	0.0600387
812	0	0.0600387
812.5	0	0.0600387
813	0	0.0600387
813.5	0	0.0600387
814	0	0.0600387
814.5	0.00592587	0.0595952
815	0.124247	0.0596407
815.5	0.12669	0.0596869
816	0.145797	0.0597384
816.5	0.135994	0.0597819
817	0.127886	0.0598283
817.5	0.128713	0.0598697
818	0.125084	0.05991
818.5	0.129781	0.0599516
819	0.127579	0.0599926
819.5	0	0.0599926
820	0	0.0599926
820.5	0	0.0599926
821	0	0.0599926
821.5	0	0.0599926
822	0	0.0599926
822.5	0	0.0599926
823	0	0.0599926
823.5	0	0.0599926
824	0	0.0599926
824.5	0	0.0599926
825	0	0.0599926
825.5	0	0.0599926
826	0	0.0599926
826.5	0	0.0599926
827	0	0.0599926
827.5	0	0.0599926
828	0	0.0599926
828.5	0.00412618	0.0593464
829	0.127449	0.0593719
829.5	0	0.0593719
830	0	0.0593719
830.5	0	0.0593719
831	0	0.0593719
831.5	0	0.0593719
832	0	0.0593719
832.5	0	0.0593719
833	0	0.0593719
833.5	0	0.0593719
834	0	0.0593719
834.5	0	0.0593719
835	0	0.0593719
835.5	0.0104985	0.0589753
836	0.125712	0.0590155
836.5	0.124888	0.0590554
837	0.126515	0.0590957
837.5	0.110679	0.0591265
838	0.13859	0.0591752
838.5	0.122553	0.0592093
839	0.135029	0.0592358
839.5	0	0.0592358
840	0	0.0592358
840.5	0	0.0592358
841	0	0.0592358
841.5	0	0.0592358
842	0	0.0592358
842.5	0	0.0592358
843	0	0.0592358
843.5	0	0.0592358
844	0	0.0592358
844.5	0	0.0592358
845	0	0.0592358
845.5	0	0.0592358
846	0	0.0592358
846.5	0	0.0592358
847	0	0.0592358
847.5	0	0.0592358
848	0	0.0592358
848.5	0.000846016	0.0585923
849	0	0.0585923
849.5	0.0318954	0.0585455
850	0.132763	0.0585871
850.5	0.111436	0.0586092
851	0	0.0586092
851.5	0	0.0586092
852	0	0.0586092
852.5	0	0.0586092
853	0	0.0586092
853.5	0	0.0586092
854	0	0.0586092
854.5	0	0.0586092
855	0	0.0586092
855.5	0	0.0586092
856	0.0110583	0.0582914
856.5	0.12076	0.0583296
857	0.125645	0.0583642
857.5	0.129476	0.0584098
858	0.135204	0.0584517
858.5	0.110782	0.0584821
859	0.118009	0.0585193
859.5	0.126538	0.0585588
860	0.150955	0.0585982
860.5	0	0.0585982
861	0	0.0585982
861.5	0	0.0585982
862	0	0.0585982
862.5	0	0.0585982
863	0	0.0585982
863.5	0	0.0585982
864	0.00567216	0.0583421
864.5	0.113149	0.0583731
865	0.137419	0.0584204
865.5	0.12608	0.0584596
866	0.120233	0.0584972
866.5	0.136416	0.0585388
867	0.110737	0.0585689
867.5	0.0948141	0.0585898
868	0	0.0585898
868.5	0	0.0585898
869	0	0.0585898
869.5	0	0.0585898
870	0	0.0585898
870.5	0	0.0585898
871	0	0.0585898
871.5	0	0.0585898
872	0	0.0585898
872.5	0	0.0585898
873	0.00569075	0.0582531
873.5	0.124407	0.0582916
874	0.130763	0.0583317
874.5	0.128064	0.058376
875	0.127449	0.0584152
875.5	0.127449	0.0584543
876	0.127449	0.0584934
876.5	0.127449	0.0585325
877	0.127449	0.0585568
877.5	0	0.0585568
878	0	0.0585568
878.5	0	0.0585568
879	0	0.0585568
879.5	0	0.0585568
880	0	0.0585568
880.5	0	0.0585568
881	0	0.0585568
881.5	0.00498749	0.0582679
882	0.126496	0.0583066
882.5	0.136267	0.0583476
883	0.138428	0.0583942
883.5	0.117629	0.0584302
884	0.129442	0.0584694
884.5	0.135578	0.0585152
885	0.126027	0.0585535
885.5	0.127137	0.058592
886	0.127444	0.0586305
886.5	0.127315	0.058669
887	0.112907	0.058699
887.5	0.119465	0.0587307
888	0.137532	0.0587817
888.5	0.140312	0.0588282
889	0.127449	0.0588474
889.5	0	0.0588474
890	0	0.0588474
890.5	0	0.0588474
891	0	0.0588474
891.5	0	0.0588474
892	0	0.0588474
892.5	0	0.0588474
893	0	0.0588474
893.5	0	0.0588474
894	0	0.0588474
894.5	0	0.0588474
895	0	0.0588474
895.5	0	0.0588474
896	0	0.0588474
896.5	0	0.0588474
897	0	0.0588474
897.5	0	0.0588474
898	0	0.0588474
898.5	0	0.0588474
899	0	0.0588474
899.5	0	0.0588474
900	0	0.0588474
900.5	0.00133813	0.058093
901	0.130625	0.0581319
901.5	0.124399	0.0581693
902	0.117258	0.0582046
902.5	0.108105	0.0582329
903	0.110385	0.0582619
903.5	0.169881	0.0583251
904	0.132943	0.0583643
904.5	0.129692	0.0584028
905	0.0809171	0.0584149
905.5	0.105409	0.0584422
906	0.0648482	0.0584456
906.5	0.193958	0.0585187
907	0.173473	0.058588
907.5	0.127449	0.0586162
908	0.0383683	0.0586025
908.5	0.12748	0.0586401
909	0.127398	0.0586823
909.5	0.0940886	0.0587019
910	0.166768	0.0587526
910.5	0.123856	0.0587936
911	0.121644	0.058825
911.5	0.131873	0.0588682
912	0.125543	0.058905
912.5	0.116128	0.0589349
913	0.144809	0.0589862
913.5	0.127449	0.0590234
914	0.127449	0.0590605
914.5	0.127449	0.0590976
915	0.127449	0.0591347
915.5	0.127449	0.0591717
916	0.127449	0.0592087
916.5	0.127449	0.0592225
917	0	0.0592225
917.5	0	0.0592225
918	0	0.0592225
918.5	0	0.0592225
919	0	0.0592225
919.5	0	0.0592225
920	0	0.0592225
920.5	0.00359088	0.0589566
921	0.127428	0.0589934
921.5	0.130647	0.0590311
922	0.12437	0.0590671
922.5	0.127413	0.0591038
923	0.130745	0.0591414
923.5	0.124424	0.0591773
924	0.130636	0.0592147
924.5	0.124638	0.0592551
925	0.130767	0.0592925
925.5	0	0.0592925
926	0	0.0592925
926.5	0	0.0592925
927	0	0.0592925
927.5	0	0.0592925
928	0	0.0592925
928.5	0	0.0592925
929	0	0.0592925
929.5	0	0.0592925
930	0	0.0592925
930.5	0	0.0592925
931	0	0.0592925
931.5	0	0.0592925
932	0	0.0592925
932.5	0	0.0592925
933	0	0.0592925
933.5	0	0.0592925
934	0.00525122	0.0587701
934.5	0.127371	0.0588111
935	0.127532	0.0588475
935.5	0.128889	0.0588842
936	0.127449	0.0589205
936.5	0.127449	0.0589568
937	0.127449	0.0589931
937.5	0.127449	0.0590293
938	0.112433	0.0590613
938.5	0.141829	0.0591055
939	0.129267	0.0591421
939.5	0.127392	0.0591781
940	0.127848	0.0592097
940.5	0.123841	0.0592492
941	0.0926079	0.0592613
941.5	0	0.0592613
942	0.0337325	0.0592295
942.5	0.132454	0.0592666
943	0.129401	0.0593075
943.5	0.127375	0.0593433
944	0.127542	0.0593612
944.5	0	0.0593612
945	0	0.0593612
945.5	0	0.0593612
946	0	0.0593612
946.5	0.0142218	0.0592287
947	0.126395	0.0592376
947.5	0	0.0592376
948	0	0.0592376
948.5	0.0208824	0.0591611
949	0.127615	0.0591968
949.5	0.127449	0.0592325
950	0.127449	0.0592681
950.5	0.127449	0.0593036
951	0.127449	0.0593392
951.5	0.127449	0.0593436
952	0	0.0593436
952.5	0.0106289	0.0592676
953	0.127449	0.0593031
953.5	0.124176	0.0593377
954	0.127485	0.0593731
954.5	0.13069	0.0594092
955	0.109964	0.0594359
955.5	0.138015	0.0594782
956	0.11938	0.059499
956.5	0	0.059499
957	0	0.059499
957.5	0	0.059499
958	0	0.059499
958.5	0	0.059499
959	0	0.059499
959.5	0	0.059499
960	0	0.059499
960.5	0	0.059499
961	0	0.059499
961.5	0	0.059499
962	0	0.059499
962.5	0	0.059499
963	0	0.059499
963.5	0	0.059499
964	0	0.059499
964.5	0	0.059499
965	0	0.059499
965.5	0	0.059499
966	0	0.059499
966.5	0	0.059499
967	0	0.059499
967.5	0	0.059499
968	0	0.059499
968.5	0	0.059499
969	0	0.059499
969.5	0	0.059499
970	0.00442668	0.0586885
970.5	0.126911	0.0587235
971	0.12458	0.0587579
971.5	0.122782	0.0587918
972	0.12932	0.0588228
972.5	0.126708	0.058862
973	0.1323	0.058898
973.5	0.125225	0.0589324
974	0.129661	0.0589722
974.5	0.130405	0.0590078
975	0.127401	0.0590425
975.5	0.127408	0.0590773
976	0.12621	0.0591117
976.5	0.118292	0.0591441
977	0.120401	0.059177
977.5	0.145823	0.0592202
978	0.107917	0.0592457
978.5	0.145823	0.0592889
979	0.122368	0.0593221
979.5	0.116263	0.0593498
980	0.132528	0.0593898
980.5	0.135932	0.0594261
981	0.133797	0.0594575
981.5	0	0.0594575
982	0	0.0594575
982.5	0	0.0594575
983	0	0.0594575
983.5	0.00911111	0.0593243
984	0.127449	0.0593587
984.5	0.127449	0.0593844
985	0	0.0593844
985.5	0	0.0593844
986	0	0.0593844
986.5	0	0.0593844
987	0	0.0593844
987.5	0	0.0593844
988	0.0149065	0.0592174
988.5	0.125887	0.059247
989	0.1293	0.059286
989.5	0.115943	0.0593133
990	0.105275	0.0593377
990.5	0.15657	0.0593872
991	0.109798	0.0594128
991.5	0.145724	0.0594553
992	0.130576	0.0594943
992.5	0.126932	0.0595281
993	0.128311	0.0595622
993.5	0.127449	0.0595961
994	0.1234	0.0596289
994.5	0.127498	0.0596628
995	0.131239	0.0596931
995.5	0	0.0596931
996	0	0.0596931
996.5	0	0.0596931
997	0.029992	0.0596303
997.5	0.125103	0.0596593
998	0.112595	0.0596891
998.5	0.126436	0.0597225
999	0.105141	0.059743
999.5	0.0852466	0.0597548
1000	0	0.0597548
1000.5	0	0.0597548
1001	0.00994168	0.0596757
1001.5	0.0946465	0.0596932
1002	0.145712	0.0597351
1002.5	0.105393	0.059759
1003	0.142045	0.0598
1003.5	0.145286	0.0598417
1004	0	0.0598417
1004.5	0	0.0598417
1005	0	0.0598417
1005.5	0	0.0598417
1006	0	0.0598417
1006.5	0	0.0598417
1007	0	0.0598417
1007.5	0	0.0598417
1008	0	0.0598417
1008.5	0.00466853	0.0595641
1009	0	0.0595641
1009.5	0.0387809	0.0595431
1010	0.145738	0.0595847
1010.5	0.0970628	0.0596029
1011	0.161928	0.0596522
1011.5	0.128363	0.0596898
1012	0.123998	0.0597141
1012.5	0.116464	0.0597483
1013	0.144191	0.0597894
1013.5	0.12191	0.0598212
1014	0.132896	0.0598554
1014.5	0.128219	0.0598886
1015	0.127449	0.0599216
1015.5	0.127449	0.0599587
1016	0.127449	0.0599916
1016.5	0.127449	0.0600245
1017	0.127449	0.0600574
1017.5	0.127449	0.0600902
1018	0.127449	0.060123
1018.5	0.127449	0.0601558
1019	0.127449	0.0601885
1019.5	0.127449	0.060213
1020	0.0232898	0.0601885
1020.5	0.127449	0.0602089
1021	0	0.0602089
1021.5	0	0.0602089
1022	0	0.0602089
1022.5	0	0.0602089
1023	0	0.0602089
1023.5	0.00995884	0.0600532
1024	0.127673	0.0600899
1024.5	0.125023	0.060122
1025	0.127855	0.0601546
1025.5	0.12772	0.0601872
1026	0.109729	0.0602115
1026.5	0.0647711	0.0602131
1027	0	0.0602131
1027.5	0	0.0602131
1028	0	0.0602131
1028.5	0	0.0602131
1029	0	0.0602131
1029.5	0	0.0602131
1030	0	0.0602131
1030.5	0	0.0602131
1031	0	0.0602131
1031.5	0	0.0602131
1032	0	0.0602131
1032.5	0	0.0602131
1033	0	0.0602131
1033.5	0	0.0602131
1034	0	0.0602131
1034.5	0	0.0602131
1035	0	0.0602131
1035.5	0	0.0602131
1036	0	0.0602131
1036.5	0	0.0602131
1037	0	0.0602131
1037.5	0	0.0602131
1038	0	0.0602131
1038.5	0	0.0602131
1039	0	0.0602131
1039.5	0	0.0602131
1040	0	0.0602131
1040.5	0	0.0602131
1041	0	0.0602131
1041.5	0	0.0602131
1042	0	0.0602131
1042.5	0	0.0602131
1043	0	0.0602131
1043.5	0	0.0602131
1044	0	0.0602131
1044.5	0.00259672	0.0592069
1045	0.127558	0.059215
1045.5	0	0.059215
1046	0	0.059215
1046.5	0	0.059215
1047	0	0.059215
1047.5	0	0.059215
1048	0	0.059215
1048.5	0	0.059215
1049	0	0.059215
1049.5	0	0.059215
1050	0	0.059215
1050.5	0	0.059215
1051	0	0.059215
1051.5	0	0.059215
1052	0	0.059215
1052.5	0	0.059215
1053	0	0.059215
1053.5	0	0.059215
1054	0	0.059215
1054.5	0.00397826	0.0586952
1055	0.0720825	0.0586966
1055.5	0	0.0586966
1056	0	0.0586966
1056.5	0	0.0586966
1057	0.009731	0.0585839
1057.5	0.127449	0.0586161
1058	0.127449	0.0586484
1058.5	0.127449	0.0586806
1059	0.127449	0.0587128
1059.5	0.127449	0.0587489
1060	0.127449	0.058781
1060.5	0.127449	0.058785
1061	0	0.058785
1061.5	0.0325703	0.0587491
1062	0.127449	0.0587812
1062.5	0.127449	0.0588132
1063	0.127449	0.0588452
1063.5	0.127449	0.0588772
1064	0.127449	0.0589091
1064.5	0.117185	0.0589386
1065	0.127449	0.0589705
1065.5	0.127449	0.0590023
1066	0.127449	0.0590341
1066.5	0.127449	0.0590659
1067	0.127449	0.0590977
1067.5	0.12464	0.0591288
1068	0.127397	0.0591605
1068.5	0.127485	0.0591922
1069	0.130067	0.0592284
1069.5	0.124672	0.0592594
1070	0.130355	0.0592916
1070.5	0.124473	0.0593224
1071	0.127385	0.059354
1071.5	0.124558	0.0593848
1072	0.13075	0.059417
1072.5	0.127418	0.0594484
1073	0.127435	0.0594837
1073.5	0.130414	0.0595157
1074	0.127449	0.059547
1074.5	0.127449	0.0595783
1075	0.127449	0.0595901
1075.5	0	0.0595901
1076	0	0.0595901
1076.5	0	0.0595901
1077	0	0.0595901
1077.5	0	0.0595901
1078	0	0.0595901
1078.5	0.0122141	0.0594198
1079	0.125806	0.0594506
1079.5	0.127454	0.0594819
1080	0.127413	0.059513
1080.5	0.12747	0.0595442
1081	0.127475	0.0595753
1081.5	0.127546	0.0596064
1082	0.127449	0.0596375
1082.5	0.127218	0.0596685
1083	0.126928	0.0597032
1083.5	0.12719	0.0597342
1084	0.127335	0.0597496
1084.5	0	0.0597496
1085	0.018799	0.0597021
1085.5	0.127142	0.0597329
1086	0.124526	0.0597632
1086.5	0.129346	0.0597945
1087	0.130024	0.0598258
1087.5	0.127501	0.0598567
1088	0.127346	0.0598874
1088.5	0.127527	0.059922
1089	0.127511	0.0599528
1089.5	0.127141	0.0599834
1090	0.123318	0.0600131
1090.5	0.131755	0.0600447
1091	0.12619	0.060075
1091.5	0.127034	0.0601055
1092	0.128014	0.0601132
1092.5	0	0.0601132
1093	0	0.0601132
1093.5	0	0.0601132
1094	0	0.0601132
1094.5	0	0.0601132
1095	0	0.0601132
1095.5	0.0141354	0.0599491
1096	0.127418	0.0599796
1096.5	0.124518	0.0600095
1097	0.130674	0.0600406
1097.5	0.127352	0.060052
1098	0	0.060052
1098.5	0	0.060052
1099	0	0.060052
1099.5	0	0.060052
1100	0	0.060052
1100.5	0	0.060052
1101	0	0.060052
1101.5	0	0.060052
1102	0.00814248	0.0598237
1102.5	0.110146	0.0598433
1103	0.0374072	0.0598305
1103.5	0.110711	0.0598535
1104	0	0.0598535
1104.5	0	0.0598535
1105	0	0.0598535
1105.5	0	0.0598535
1106	0.00635029	0.0597332
1106.5	0	0.0597332
1107	0.00770917	0.0596851
1107.5	0.0894444	0.0596946
1108	0	0.0596946
1108.5	0	0.0596946
1109	0	0.0596946
1109.5	0	0.0596946
1110	0	0.0596946
1110.5	0	0.0596946
1111	0.00430121	0.0595116
1111.5	0.127734	0.059542
1112	0.127186	0.0595722
1112.5	0.128971	0.0596027
1113	0.127449	0.0596329
1113.5	0.127449	0.0596669
1114	0.127449	0.059697
1114.5	0.127449	0.0597271
1115	0.127449	0.0597572
1115.5	0.127449	0.0597873
1116	0.12583	0.0598169
1116.5	0.127548	0.059847
1117	0.12901	0.0598773
1117.5	0.126287	0.0599107
1118	0.128783	0.0599409
1118.5	0.127449	0.0599708
1119	0.127449	0.0599969
1119.5	0	0.0599969
1120	0	0.0599969
1120.5	0.014865	0.0599328
1121	0.12574	0.0599623
1121.5	0.136019	0.059978
1122	0	0.059978
1122.5	0	0.059978
1123	0	0.059978
1123.5	0	0.059978
1124	0	0.059978
1124.5	0	0.059978
1125	0	0.059978
1125.5	0	0.059978
1126	0	0.059978
1126.5	0	0.059978
1127	0	0.059978
1127.5	0	0.059978
1128	0	0.059978
1128.5	0	0.059978
1129	0	0.059978
1129.5	0	0.059978
1130	0.00357812	0.0595377
1130.5	0.111593	0.059554
1131	0.0648327	0.0595551
1131.5	0.0589893	0.0595547
1132	0.0778585	0.0595646
1132.5	0.0810884	0.0595738
1133	0.11065	0.0595963
1133.5	0.126579	0.0596258
1134	0.147422	0.0596672
1134.5	0.194532	0.0597251
1135	0.138862	0.0597607
1135.5	0.136282	0.059792
1136	0.123115	0.0598205
1136.5	0.129174	0.0598504
1137	0.13011	0.0598841
1137.5	0.127228	0.0599135
1138	0.127805	0.0599319
1138.5	0	0.0599319
1139	0	0.0599319
1139.5	0	0.0599319
1140	0	0.0599319
1140.5	0	0.0599319
1141	0	0.0599319
1141.5	0	0.0599319
1142	0	0.0599319
1142.5	0.00499622	0.0597041
1143	0.127449	0.0597334
1143.5	0.0993355	0.0597499
1144	0.1325	0.059784
1144.5	0.0771837	0.0597918
1145	0.124783	0.0598097
1145.5	0.0663334	0.0598125
1146	0	0.0598125
1146.5	0	0.0598125
1147	0	0.0598125
1147.5	0	0.0598125
1148	0	0.0598125
1148.5	0	0.0598125
1149	0	0.0598125
1149.5	0	0.0598125
1150	0	0.0598125
1150.5	0	0.0598125
1151	0	0.0598125
1151.5	0	0.0598125
1152	0	0.0598125
1152.5	0	0.0598125
1153	0	0.0598125
1153.5	0.000957222	0.0593919
1154	0.136254	0.0594266
1154.5	0.127449	0.0594558
1155	0.127449	0.0594631
1155.5	0	0.0594631
1156	0	0.0594631
1156.5	0	0.0594631
1157	0	0.0594631
1157.5	0	0.0594631
1158	0	0.0594631
1158.5	0	0.0594631
1159	0	0.0594631
1159.5	0	0.0594631
1160	0	0.0594631
1160.5	0	0.0594631
1161	0	0.0594631
1161.5	0	0.0594631
1162	0	0.0594631
1162.5	0	0.0594631
1163	0	0.0594631
1163.5	0.00180508	0.0590298
1164	0.0863571	0.0590427
1164.5	0	0.0590427
1165	0	0.0590427
1165.5	0	0.0590427
1166	0	0.0590427
1166.5	0	0.0590427
1167	0	0.0590427
1167.5	0	0.0590427
1168	0	0.0590427
1168.5	0	0.0590427
1169	0	0.0590427
1169.5	0	0.0590427
1170	0	0.0590427
1170.5	0.00353789	0.0587255
1171	0.120549	0.0587497
1171.5	0.126184	0.0587784
1172	0.136401	0.0588091
1172.5	0.0972657	0.0588251
1173	0.13481	0.058863
1173.5	0.149433	0.0588996
1174	0.118566	0.0589233
1174.5	0	0.0589233
1175	0	0.0589233
1175.5	0	0.0589233
1176	0	0.0589233
1176.5	0	0.0589233
1177	0	0.0589233
1177.5	0	0.0589233
1178	0	0.0589233
1178.5	0	0.0589233
1179	0.00465111	0.0586891
1179.5	0.122788	0.0587135
1180	0.120806	0.058741
1180.5	0.0893303	0.0587502
1181	0.0695412	0.0587564
1181.5	0.0700915	0.0587607
1182	0.10813	0.058782
1182.5	0.140892	0.0588209
1183	0.145666	0.0588567
1183.5	0.14232	0.0588919
1184	0.1473	0.0589319
1184.5	0.157652	0.0589694
1185	0.123311	0.0589972
1185.5	0.107677	0.0590092
1186	0	0.0590092
1186.5	0	0.0590092
1187	0	0.0590092
1187.5	0	0.0590092
1188	0	0.0590092
1188.5	0	0.0590092
1189	0	0.0590092
1189.5	0	0.0590092
1190	0	0.0590092
1190.5	0.00606982	0.058778
1191	0	0.058778
1191.5	0	0.058778
1192	0	0.058778
1192.5	0	0.058778
1193	0	0.058778
1193.5	0	0.058778
1194	0	0.058778
1194.5	0	0.058778
1195	0	0.058778
1195.5	0.00933179	0.0585683
1196	0.127449	0.0585968
1196.5	0.127449	0.0586288
1197	0.125998	0.058657
1197.5	0.127392	0.0586855
1198	0.127547	0.0587139
1198.5	0.128891	0.0587426
1199	0.127449	0.0587709
1199.5	0.127449	0.0587993
1200	0.127449	0.0588276
1200.5	0.127449	0.0588595
1201	0.127449	0.0588877
1201.5	0.124704	0.0589155
1202	0.127485	0.0589437
1202.5	0.127475	0.0589719
1203	0.127356	0.0590001
1203.5	0.127547	0.0590282
1204	0.127465	0.0590564
1204.5	0.127418	0.0590845
1205	0.127463	0.0591161
1205.5	0.12733	0.0591441
1206	0.125664	0.0591718
1206.5	0.128286	0.0592
1207	0.129213	0.0592283
1207.5	0	0.0592283
1208	0	0.0592283
1208.5	0	0.0592283
1209	0	0.0592283
1209.5	0	0.0592283
1210	0	0.0592283
1210.5	0	0.0592283
1211	0	0.0592283
1211.5	0	0.0592283
1212	0	0.0592283
1212.5	0	0.0592283
1213	0	0.0592283
1213.5	0	0.0592283
1214	0	0.0592283
1214.5	0.00833739	0.0589112
1215	0.127043	0.0589356
1215.5	0.127463	0.058967
1216	0.115334	0.0589892
1216.5	0.0925349	0.0590033
1217	0.12019	0.0590198
1217.5	0.0648675	0.0590215
1218	0.0823137	0.0590362
1218.5	0.131909	0.0590684
1219	0.14736	0.0591071
1219.5	0.0632151	0.0591088
1220	0.092629	0.0591229
1220.5	0.123454	0.0591498
1221	0.0987823	0.0591654
1221.5	0.0648618	0.0591659
1222	0.0273678	0.0591434
1222.5	0.137626	0.0591765
1223	0.132889	0.0592087
1223.5	0.127449	0.0592363
1224	0.127449	0.0592639
1224.5	0.127449	0.0592915
1225	0.127449	0.059319
1225.5	0.127449	0.0593466
1226	0.127449	0.0593741
1226.5	0.127449	0.0593775
1227	0	0.0593775
1227.5	0	0.0593775
1228	0	0.0593775
1228.5	0	0.0593775
1229	0	0.0593775
1229.5	0	0.0593775
1230	0	0.0593775
1230.5	0	0.0593775
1231	0	0.0593775
1231.5	0	0.0593775
1232	0	0.0593775
1232.5	0	0.0593775
1233	0	0.0593775
1233.5	0	0.0593775
1234	0	0.0593775
1234.5	0	0.0593775
1235	0	0.0593775
1235.5	0	0.0593775
1236	0	0.0593775
1236.5	0	0.0593775
1237	0	0.0593775
1237.5	0	0.0593775
1238	0	0.0593775
1238.5	0	0.0593775
1239	0	0.0593775
1239.5	0	0.0593775
1240	0	0.0593775
1240.5	0	0.0593775
1241	0	0.0593775
1241.5	0	0.0593775
1242	0	0.0593775
1242.5	0.00286412	0.058626
1243	0.129909	0.0586574
1243.5	0.127883	0.0586848
1244	0.127319	0.0587122
1244.5	0.127289	0.0587361
1245	0	0.0587361
1245.5	0	0.0587361
1246	0	0.0587361
1246.5	0	0.0587361
1247	0	0.0587361
1247.5	0	0.0587361
1248	0	0.0587361
1248.5	0	0.0587361
1249	0	0.0587361
1249.5	0	0.0587361
1250	0	0.0587361
1250.5	0	0.0587361
1251	0	0.0587361
1251.5	0	0.0587361
1252	0	0.0587361
1252.5	0	0.0587361
1253	0	0.0587361
1253.5	0	0.0587361
1254	0	0.0587361
1254.5	0.00389311	0.0582933
1255	0.127449	0.0583206
1255.5	0.127449	0.0583478
1256	0.124886	0.0583746
1256.5	0.127713	0.0584018
1257	0.127423	0.058429
1257.5	0.121683	0.0584551
1258	0.13213	0.0584866
1258.5	0.0923405	0.0584958
1259	0.129674	0.0585233
1259.5	0.131791	0.0585616
1260	0.136376	0.0585901
1260.5	0	0.0585901
1261	0.0465586	0.0585804
1261.5	0.127449	0.0586108
1262	0.124811	0.0586373
1262.5	0.128755	0.0586646
1263	0.113171	0.0586856
1263.5	0.132871	0.0587135
1264	0.13532	0.0587453
1264.5	0.11924	0.0587674
1265	0.123832	0.0587969
1265.5	0.113356	0.0588179
1266	0.1135	0.0588389
1266.5	0.142376	0.0588718
1267	0.123127	0.0588978
1267.5	0.148098	0.0589277
1268	0	0.0589277
1268.5	0	0.0589277
1269	0	0.0589277
1269.5	0.0227126	0.0588683
1270	0.147406	0.0589056
1270.5	0.12229	0.0589281
1271	0.143815	0.0589648
1271.5	0.125449	0.0589845
1272	0.10549	0.0590036
1272.5	0.0946264	0.0590199
1273	0.107697	0.0590255
1273.5	0	0.0590255
1274	0	0.0590255
1274.5	0	0.0590255
1275	0	0.0590255
1275.5	0	0.0590255
1276	0	0.0590255
1276.5	0	0.0590255
1277	0	0.0590255
1277.5	0	0.0590255
1278	0	0.0590255
1278.5	0.00400965	0.0587717
1279	0.10798	0.0587913
1279.5	0.135183	0.0588087
1280	0.1117	0.0588379
1280.5	0.170094	0.0588782
1281	0.126463	0.0589078
1281.5	0.137122	0.0589324
1282	0.127308	0.0589621
1282.5	0.127501	0.0589885
1283	0	0.0589885
1283.5	0	0.0589885
1284	0	0.0589885
1284.5	0	0.0589885
1285	0	0.0589885
1285.5	0	0.0589885
1286	0	0.0589885
1286.5	0	0.0589885
1287	0	0.0589885
1287.5	0	0.0589885
1288	0	0.0589885
1288.5	0	0.0589885
1289	0	0.0589885
1289.5	0	0.0589885
1290	0	0.0589885
1290.5	0.00685329	0.0586632
1291	0.127449	0.0586862
1291.5	0	0.0586862
1292	0	0.0586862
1292.5	0	0.0586862
1293	0	0.0586862
1293.5	0	0.0586862
1294	0	0.0586862
1294.5	0	0.0586862
1295	0	0.0586862
1295.5	0	0.0586862
1296	0	0.0586862
1296.5	0	0.0586862
1297	0	0.0586862
1297.5	0	0.0586862
1298	0	0.0586862
1298.5	0	0.0586862
1299	0	0.0586862
1299.5	0	0.0586862
1300	0	0.0586862
1300.5	0	0.0586862
1301	0	0.0586862
1301.5	0	0.0586862
1302	0	0.0586862
1302.5	0	0.0586862
1303	0	0.0586862
1303.5	0	0.0586862
1304	0	0.0586862
1304.5	0	0.0586862
1305	0	0.0586862
1305.5	0	0.0586862
1306	0	0.0586862
1306.5	0	0.0586862
1307	0	0.0586862
1307.5	0	0.0586862
1308	0	0.0586862
1308.5	0.000894479	0.0579076
1309	0.043281	0.0579015
1309.5	0.150749	0.0579386
1310	0.19353	0.0579892
1310.5	0.134797	0.05802
1311	0.127449	0.0580299
1311.5	0	0.0580299
1312	0	0.0580299
1312.5	0	0.0580299
1313	0.0206037	0.0579644
1313.5	0	0.0579644
1314	0.0314252	0.0579442
1314.5	0.127423	0.0579703
1315	0.125593	0.0579961
1315.5	0.121922	0.0580213
1316	0.140801	0.0580389
1316.5	0.0318652	0.0580241
1317	0.123607	0.0580495
1317.5	0.117945	0.0580678
1318	0	0.0580678
1318.5	0	0.0580678
1319	0	0.0580678
1319.5	0	0.0580678
1320	0	0.0580678
1320.5	0	0.0580678
1321	0	0.0580678
1321.5	0	0.0580678
1322	0	0.0580678
1322.5	0	0.0580678
1323	0	0.0580678
1323.5	0	0.0580678
1324	0	0.0580678
1324.5	0	0.0580678
1325	0	0.0580678
1325.5	0	0.0580678
1326	0	0.0580678
1326.5	0	0.0580678
1327	0	0.0580678
1327.5	0	0.0580678
1328	0	0.0580678
1328.5	0	0.0580678
1329	0	0.0580678
1329.5	0	0.0580678
1330	0	0.0580678
1330.5	0	0.0580678
1331	0	0.0580678
1331.5	0.0038923	0.0574909
1332	0.126858	0.0575168
1332.5	0	0.0575168
1333	0	0.0575168
1333.5	0	0.0575168
1334	0	0.0575168
1334.5	0.0125765	0.0574324
1335	0.127449	0.0574583
1335.5	0.127449	0.0574843
1336	0.127449	0.057494
1336.5	0	0.057494
1337	0	0.057494
1337.5	0	0.057494
1338	0	0.057494
1338.5	0	0.057494
1339	0	0.057494
1339.5	0.0143848	0.0573705
1340	0.125294	0.0573897
1340.5	0.049805	0.0573861
1341	0	0.0573861
1341.5	0	0.0573861
1342	0	0.0573861
1342.5	0	0.0573861
1343	0	0.0573861
1343.5	0	0.0573861
1344	0	0.0573861
1344.5	0	0.0573861
1345	0	0.0573861
1345.5	0	0.0573861
1346	0	0.0573861
1346.5	0	0.0573861
1347	0	0.0573861
1347.5	0	0.0573861
1348	0	0.0573861
1348.5	0	0.0573861
1349	0	0.0573861
1349.5	0	0.0573861
1350	0	0.0573861
1350.5	0	0.0573861
1351	0	0.0573861
1351.5	0	0.0573861
1352	0	0.0573861
1352.5	0	0.0573861
1353	0	0.0573861
1353.5	0	0.0573861
1354	0	0.0573861
1354.5	0.00335826	0.0568243
1355	0.13063	0.0568506
1355.5	0.121492	0.0568753
1356	0.134015	0.0569021
1356.5	0.129046	0.0569281
1357	0.115775	0.056934
1357.5	0	0.056934
1358	0.01145	0.0568879
1358.5	0.125852	0.0569038
1359	0	0.0569038
1359.5	0	0.0569038
1360	0.00457476	0.0568375
1360.5	0.0969569	0.0568519
1361	0.16211	0.0568932
1361.5	0.126281	0.0569187
1362	0.0925862	0.0569276
1362.5	0.105881	0.0569517
1363	0.0993211	0.0569665
1363.5	0.0904968	0.0569793
1364	0.146438	0.0570041
1364.5	0.145421	0.0570427
1365	0.194135	0.0570916
1365.5	0.0628842	0.0570938
1366	0.117394	0.0571175
1366.5	0.135301	0.0571475
1367	0.135179	0.0571741
1367.5	0.127449	0.0571805
1368	0.0458294	0.0571733
1368.5	0.127594	0.0571797
1369	0	0.0571797
1369.5	0	0.0571797
1370	0	0.0571797
1370.5	0	0.0571797
1371	0	0.0571797
1371.5	0	0.0571797
1372	0	0.0571797
1372.5	0	0.0571797
1373	0.00320892	0.0569866
1373.5	0.127018	0.0570119
1374	0.127375	0.0570404
1374.5	0.127501	0.0570658
1375	0.127392	0.0570911
1375.5	0.127568	0.0571164
1376	0.127852	0.0571418
1376.5	0.127449	0.0571481
1377	0	0.0571481
1377.5	0	0.0571481
1378	0	0.0571481
1378.5	0	0.0571481
1379	0	0.0571481
1379.5	0	0.0571481
1380	0	0.0571481
1380.5	0	0.0571481
1381	0	0.0571481
1381.5	0	0.0571481
1382	0	0.0571481
1382.5	0.00614532	0.0569115
1383	0.127449	0.0569367
1383.5	0.127449	0.0569619
1384	0.127449	0.0569871
1384.5	0.127449	0.0570123
1385	0.127449	0.0570375
1385.5	0.125798	0.0570655
1386	0.127527	0.0570906
1386.5	0.106516	0.0570932
1387	0	0.0570932
1387.5	0	0.0570932
1388	0	0.0570932
1388.5	0	0.0570932
1389	0	0.0570932
1389.5	0	0.0570932
1390	0	0.0570932
1390.5	0	0.0570932
1391	0	0.0570932
1391.5	0	0.0570932
1392	0	0.0570932
1392.5	0	0.0570932
1393	0	0.0570932
1393.5	0	0.0570932
1394	0	0.0570932
1394.5	0.00654703	0.0567878
1395	0.127449	0.056816
1395.5	0.127449	0.056841
1396	0.127449	0.056866
1396.5	0.127449	0.0568817
1397	0.0939768	0.0568995
1397.5	0.127449	0.0569245
1398	0.127449	0.0569307
1398.5	0	0.0569307
1399	0.0169953	0.056891
1399.5	0.127411	0.0569159
1400	0.12756	0.0569409
1400.5	0.129642	0.0569693
1401	0.127367	0.0569941
1401.5	0.121632	0.057018
1402	0.130619	0.0570434
1402.5	0.128236	0.0570683
1403	0.105324	0.0570864
1403.5	0.153122	0.0571181
1404	0.129524	0.0571463
1404.5	0.127449	0.0571711
1405	0.127449	0.0571958
1405.5	0.127449	0.0572205
1406	0.127449	0.0572453
1406.5	0.127449	0.0572699
1407	0.127449	0.0572946
1407.5	0.127449	0.0573193
1408	0.127449	0.057347
1408.5	0.124696	0.0573712
1409	0.127501	0.0573958
1409.5	0.123959	0.0574168
1410	0.124718	0.0574379
1410.5	0	0.0574379
1411	0.0319439	0.0574201
1411.5	0.112128	0.0574446
1412	0.21685	0.0574487
1412.5	0	0.0574487
1413	0	0.0574487
1413.5	0	0.0574487
1414	0	0.0574487
1414.5	0	0.0574487
1415	0.00678999	0.0573241
1415.5	0	0.0573241
1416	0	0.0573241
1416.5	0	0.0573241
1417	0	0.0573241
1417.5	0	0.0573241
1418	0	0.0573241
1418.5	0	0.0573241
1419	0.00594439	0.05718
1419.5	0.127958	0.0572077
1420	0.110581	0.0572264
1420.5	0.12621	0.0572507
1421	0.145243	0.0572809
1421.5	0.129587	0.0573057
1422	0.127449	0.0573301
1422.5	0.127449	0.0573514
1423	0	0.0573514
1423.5	0	0.0573514
1424	0	0.0573514
1424.5	0	0.0573514
1425	0	0.0573514
1425.5	0.0181138	0.0572676
1426	0.0949644	0.0572807
1426.5	0.126869	0.057308
1427	0.123351	0.0573317
1427.5	0.120436	0.0573548
1428	0.132765	0.0573799
1428.5	0.143932	0.0573865
1429	0.0513181	0.0573833
1429.5	0.121971	0.0574125
1430	0.153458	0.057447
1430.5	0.0895673	0.0574568
1431	0.161734	0.0574959
1431.5	0.126302	0.0575199
1432	0.0948293	0.0575329
1432.5	0.083063	0.0575413
1433	0.172291	0.0575853
1433.5	0.139817	0.0576112
1434	0.129601	0.0576386
1434.5	0.1025	0.0576458
1435	0.073268	0.057654
1435.5	0.0631342	0.0576559
1436	0.140257	0.0576818
1436.5	0	0.0576818
1437	0	0.0576818
1437.5	0.0154241	0.0576367
1438	0.110481	0.0576551
1438.5	0.0981906	0.0576664
1439	0.124489	0.0576958
1439.5	0.153924	0.05773
1440	0.158077	0.0577682
1440.5	0.129061	0.0577924
1441	0.0837	0.0577992
1441.5	0.116767	0.057824
1442	0.173618	0.0578641
1442.5	0.123323	0.0578873
1443	0.125703	0.0579109
1443.5	0.135518	0.057939
1444	0.127449	0.0579628
1444.5	0.127449	0.0579866
1445	0.127449	0.0580104
1445.5	0.127449	0.0580342
1446	0.127449	0.0580579
1446.5	0.121599	0.0580807
1447	0.120378	0.0581032
1447.5	0.141731	0.0581257
1448	0.110458	0.0581412
1448.5	0	0.0581412
1449	0.0420594	0.0581287
1449.5	0.077094	0.0581354
1450	0.120407	0.0581579
1450.5	0.161272	0.0581892
1451	0.0965969	0.0582043
1451.5	0.124842	0.0582188
1452	0.0864204	0.0582329
1452.5	0.0942567	0.0582454
1453	0.132625	0.0582697
1453.5	0.107889	0.0582872
1454	0.0616359	0.0582883
1454.5	0.161687	0.0583091
1455	0	0.0583091
1455.5	0	0.0583091
1456	0	0.0583091
1456.5	0	0.0583091
1457	0	0.0583091
1457.5	0.0124149	0.0582092
1458	0.103077	0.0582257
1458.5	0.1424	0.0582544
1459	0.138514	0.0582826
1459.5	0.149438	0.0583122
1460	0.110727	0.0583301
1460.5	0.145627	0.0583592
1461	0.0769205	0.0583657
1461.5	0.123318	0.0583884
1462	0.158496	0.0584259
1462.5	0.14004	0.058451
1463	0.148389	0.0584804
1463.5	0.0965513	0.0584953
1464	0.178421	0.0585351
1464.5	0.127449	0.0585583
1465	0.127449	0.0585816
1465.5	0.127449	0.0586048
1466	0.127449	0.058631
1466.5	0.127449	0.0586542
1467	0.127104	0.0586773
1467.5	0.127508	0.0587005
1468	0.123793	0.0587231
1468.5	0.127705	0.0587463
1469	0.13136	0.05877
1469.5	0.124042	0.0587926
1470	0.107804	0.0588096
1470.5	0.138642	0.0588374
1471	0.139352	0.0588653
1471.5	0.127449	0.0588883
1472	0.127449	0.0589113
1472.5	0.126008	0.0589341
1473	0.127439	0.0589456
1473.5	0	0.0589456
1474	0	0.0589456
1474.5	0	0.0589456
1475	0	0.0589456
1475.5	0	0.0589456
1476	0	0.0589456
1476.5	0	0.0589456
1477	0	0.0589456
1477.5	0	0.0589456
1478	0.00298454	0.0587457
1478.5	0.127449	0.0587687
1479	0.127449	0.0587773
1479.5	0	0.0587773
1480	0	0.0587773
1480.5	0	0.0587773
1481	0	0.0587773
1481.5	0.00597098	0.0586832
1482	0.0461877	0.0586803
1482.5	0.0369486	0.0586678
1483	0.138681	0.0586954
1483.5	0.135369	0.0587225
1484	0.129244	0.0587399
1484.5	0.12407	0.0587678
1485	0.133087	0.0587886
1485.5	0	0.0587886
1486	0	0.0587886
1486.5	0	0.0587886
1487	0	0.0587886
1487.5	0	0.0587886
1488	0	0.0587886
1488.5	0	0.0587886
1489	0	0.0587886
1489.5	0	0.0587886
1490	0	0.0587886
1490.5	0	0.0587886
1491	0	0.0587886
1491.5	0	0.0587886
1492	0	0.0587886
1492.5	0	0.0587886
1493	0	0.0587886
1493.5	0	0.0587886
1494	0	0.0587886
1494.5	0	0.0587886
1495	0	0.0587886
1495.5	0	0.0587886
1496	0	0.0587886
1496.5	0	0.0587886
1497	0	0.0587886
1497.5	0	0.0587886
1498	0	0.0587886
1498.5	0	0.0587886
1499	0	0.0587886
1499.5	0	0.0587886
1500	0	0.0587886
1500.5	0.00153465	0.0582008
1501	0	0.0582008
1501.5	0.0318665	0.0581791
1502	0.127439	0.0582019
1502.5	0.127351	0.0582247
1503	0.128907	0.0582506
1503.5	0.12748	0.0582733
1504	0.127346	0.0582961
1504.5	0.12741	0.0583188
1505	0.127646	0.0583302
1505.5	0	0.0583302
1506	0	0.0583302
1506.5	0	0.0583302
1507	0	0.0583302
1507.5	0	0.0583302
1508	0.00965437	0.0582248
1508.5	0.127449	0.0582475
1509	0.125288	0.0582698
1509.5	0.127505	0.0582925
1510	0.129382	0.0583183
1510.5	0.127449	0.0583409
1511	0.127449	0.0583636
1511.5	0.127449	0.0583862
1512	0.127449	0.0584088
1512.5	0.127449	0.05842
1513	0	0.05842
1513.5	0	0.05842
1514	0	0.05842
1514.5	0	0.05842
1515	0	0.05842
1515.5	0	0.05842
1516	0	0.05842
1516.5	0	0.05842
1517	0	0.05842
1517.5	0	0.05842
1518	0	0.05842
1518.5	0	0.05842
1519	0	0.05842
1519.5	0	0.05842
1520	0	0.05842
1520.5	0	0.05842
1521	0	0.05842
1521.5	0	0.05842
1522	0	0.05842
1522.5	0	0.05842
1523	0	0.05842
1523.5	0.00350047	0.0580144
1524	0.121293	0.0580386
1524.5	0.137099	0.0580595
1525	0.100751	0.0580748
1525.5	0.120484	0.0580962
1526	0.135613	0.0581228
1526.5	0	0.0581228
1527	0	0.0581228
1527.5	0.0416923	0.0581065
1528	0.130538	0.0581294
1528.5	0.128309	0.058152
1529	0.0997218	0.0581649
1529.5	0.0811078	0.0581721
1530	0.0987192	0.0581869
1530.5	0.161902	0.0582199
1531	0.180909	0.0582618
1531.5	0.120697	0.0582831
1532	0.126621	0.0583053
1532.5	0.0763263	0.0583101
1533	0.107988	0.0583291
1533.5	0.16182	0.0583619
1534	0.169486	0.058399
1534.5	0.135494	0.0584223
1535	0.12878	0.0584476
1535.5	0.12747	0.0584698
1536	0.129131	0.0584922
1536.5	0.127449	0.0585144
1537	0.127449	0.0585366
1537.5	0.124664	0.0585584
1538	0.127532	0.058575
1538.5	0	0.058575
1539	0	0.058575
1539.5	0	0.058575
1540	0	0.058575
1540.5	0	0.058575
1541	0	0.058575
1541.5	0.006465	0.0584514
1542	0.127449	0.0584735
1542.5	0.126404	0.0584955
1543	0.128512	0.0585177
1543.5	0.127449	0.0585426
1544	0.127449	0.0585647
1544.5	0.127449	0.0585867
1545	0.127449	0.0586087
1545.5	0.127449	0.0586308
1546	0.127449	0.0586528
1546.5	0.127208	0.0586638
1547	0	0.0586638
1547.5	0	0.0586638
1548	0	0.0586638
1548.5	0	0.0586638
1549	0.00284846	0.0585641
1549.5	0.129507	0.0585864
1550	0	0.0585864
1550.5	0	0.0585864
1551	0	0.0585864
1551.5	0	0.0585864
1552	0	0.0585864
1552.5	0.00790369	0.0584888
1553	0.125073	0.0585131
1553.5	0.127444	0.058535
1554	0.130237	0.0585573
1554.5	0.127149	0.0585792
1555	0.125902	0.0586009
1555.5	0.115014	0.0586183
1556	0.11356	0.0586354
1556.5	0.0884829	0.0586457
1557	0.0442188	0.0586407
1557.5	0.166909	0.0586702
1558	0.0964669	0.0586841
1558.5	0.132539	0.0587095
1559	0	0.0587095
1559.5	0	0.0587095
1560	0	0.0587095
1560.5	0.0275469	0.0586695
1561	0.127449	0.0586913
1561.5	0.127449	0.058713
1562	0.127449	0.0587267
1562.5	0	0.0587267
1563	0	0.0587267
1563.5	0	0.0587267
1564	0	0.0587267
1564.5	0	0.0587267
1565	0	0.0587267
1565.5	0	0.0587267
1566	0	0.0587267
1566.5	0	0.0587267
1567	0	0.0587267
1567.5	0	0.0587267
1568	0	0.0587267
1568.5	0	0.0587267
1569	0	0.0587267
1569.5	0.00818012	0.0584785
1570	0.124364	0.0584998
1570.5	0.130718	0.058522
1571	0.121456	0.058535
1571.5	0	0.058535
1572	0	0.058535
1572.5	0	0.058535
1573	0	0.058535
1573.5	0	0.058535
1574	0	0.058535
1574.5	0	0.058535
1575	0	0.058535
1575.5	0	0.058535
1576	0	0.058535
1576.5	0	0.058535
1577	0	0.058535
1577.5	0.00814509	0.0583187
1578	0.127449	0.0583404
1578.5	0.127449	0.058362
1579	0.127337	0.0583836
1579.5	0.127562	0.0584053
1580	0.125556	0.0584266
1580.5	0.12659	0.0584481
1581	0.119291	0.0584684
1581.5	0.142077	0.058486
1582	0.12532	0.0585019
1582.5	0.0196031	0.0584822
1583	0.142003	0.0585085
1583.5	0.134704	0.058531
1584	0.127449	0.0585525
1584.5	0.127449	0.0585687
1585	0	0.0585687
1585.5	0	0.0585687
1586	0	0.0585687
1586.5	0	0.0585687
1587	0	0.0585687
1587.5	0	0.0585687
1588	0.00853938	0.0584524
1588.5	0.127346	0.0584739
1589	0.127839	0.0584954
1589.5	0.127449	0.0585169
1590	0.127449	0.0585383
1590.5	0.127449	0.0585517
1591	0	0.0585517
1591.5	0	0.0585517
1592	0	0.0585517
1592.5	0	0.0585517
1593	0	0.0585517
1593.5	0	0.0585517
1594	0	0.0585517
1594.5	0	0.0585517
1595	0.00334434	0.0583886
1595.5	0.127439	0.05841
1596	0.127568	0.0584314
1596.5	0.126457	0.0584527
1597	0.127389	0.0584767
1597.5	0.130007	0.0584984
1598	0.127449	0.0585197
1598.5	0.124713	0.0585407
1599	0.130308	0.0585624
1599.5	0.127315	0.0585836
1600	0.127583	0.0586049
