8.5	0.000926306	0.357952
9	0.129884	0.13978
9.5	0.127449	0.133693
10	0.127449	0.132221
10.5	0	0.132221
11	0	0.132221
11.5	0	0.132221
12	0	0.132221
12.5	0	0.132221
13	0	0.132221
13.5	0	0.132221
14	0	0.132221
14.5	0	0.132221
15	0	0.132221
15.5	0	0.132221
16	0	0.132221
16.5	0	0.132221
17	0	0.132221
17.5	0	0.132221
18	0	0.132221
18.5	0	0.132221
19	0	0.132221
19.5	0	0.132221
20	0	0.132221
20.5	0	0.132221
21	0	0.132221
21.5	0	0.132221
22	0	0.132221
22.5	0	0.132221
23	0	0.132221
23.5	0	0.132221
24	0	0.132221
24.5	0	0.132221
25	0.00209652	0.0125343
25.5	0	0.0125343
26	0	0.0125343
26.5	0	0.0125343
27	0.0138936	0.0126999
27.5	0	0.0126999
28	0	0.0126999
28.5	0.0319431	0.0141174
29	0.12439	0.0168301
29.5	0	0.0168301
30	0	0.0168301
30.5	0	0.0168301
31	0.0157307	0.0167326
31.5	0.127169	0.0182258
32	0	0.0182258
32.5	0.00876749	0.0178688
33	0	0.0178688
33.5	0	0.0178688
34	0	0.0178688
34.5	0	0.0178688
35	0	0.0178688
35.5	0	0.0178688
36	0	0.0178688
36.5	0.00730852	0.0162496
37	0.122237	0.0181579
37.5	0.132535	0.0202556
38	0	0.0202556
38.5	0.0774575	0.0221829
39	0.12739	0.0236703
39.5	0.124669	0.025512
40	0.126108	0.0270985
40.5	0.132275	0.0286565
41	0.123552	0.030138
41.5	0.105542	0.0313248
42	0.143815	0.0327904
42.5	0.138734	0.034376
43	0.117453	0.0356613
43.5	0.12912	0.0369583
44	0.141378	0.0381037
44.5	0	0.0381037
45	0	0.0381037
45.5	0	0.0381037
46	0	0.0381037
46.5	0	0.0381037
47	0	0.0381037
47.5	0	0.0381037
48	0	0.0381037
48.5	0	0.0381037
49	0	0.0381037
49.5	0	0.0381037
50	0	0.0381037
50.5	0	0.0381037
51	0	0.0381037
51.5	0	0.0381037
52	0	0.0381037
52.5	0	0.0381037
53	0	0.0381037
53.5	0	0.0381037
54	0	0.0381037
54.5	0	0.0381037
55	0	0.0381037
55.5	0	0.0381037
56	0	0.0381037
56.5	0	0.0381037
57	0	0.0381037
57.5	0.0028763	0.0283094
58	0.129445	0.0292993
58.5	0.108019	0.030099
59	0.129606	0.0310527
59.5	0.138822	0.0321266
60	0.133101	0.0328215
60.5	0	0.0328215
61	0	0.0328215
61.5	0	0.0328215
62	0	0.0328215
62.5	0	0.0328215
63	0	0.0328215
63.5	0	0.0328215
64	0	0.0328215
64.5	0.00167664	0.0302224
65	0.127449	0.0310689
65.5	0.127449	0.0319008
66	0.127449	0.0327184
66.5	0.127449	0.0335221
67	0.127449	0.0343124
67.5	0.127449	0.0350894
68	0.127449	0.0355685
68.5	0	0.0355685
69	0	0.0355685
69.5	0	0.0355685
70	0	0.0355685
70.5	0	0.0355685
71	0	0.0355685
71.5	0	0.0355685
72	0	0.0355685
72.5	0	0.0355685
73	0	0.0355685
73.5	0	0.0355685
74	0	0.0355685
74.5	0	0.0355685
75	0	0.0355685
75.5	0	0.0355685
76	0	0.0355685
76.5	0	0.0355685
77	0	0.0355685
77.5	0	0.0355685
78	0	0.0355685
78.5	0	0.0355685
79	0	0.0355685
79.5	0	0.0355685
80	0	0.0355685
80.5	0	0.0355685
81	0	0.0355685
81.5	0	0.0355685
82	0	0.0355685
82.5	0	0.0355685
83	0	0.0355685
83.5	0	0.0355685
84	0	0.0355685
84.5	0	0.0355685
85	0.00318699	0.0282807
85.5	0.127397	0.0289144
86	0.109755	0.0294359
86.5	0.145842	0.0301581
87	0.113063	0.0306709
87.5	0.0972633	0.0310788
88	0.0903734	0.0314671
88.5	0.072048	0.0316881
89	0.0647142	0.0319366
89.5	0.0996527	0.0323312
90	0.149397	0.0330099
90.5	0.0982448	0.0334542
91	0.172877	0.0340682
91.5	0.0926323	0.0343675
92	0.0607166	0.0344902
92.5	0	0.0344902
93	0	0.0344902
93.5	0	0.0344902
94	0	0.0344902
94.5	0	0.0344902
95	0	0.0344902
95.5	0	0.0344902
96	0	0.0344902
96.5	0	0.0344902
97	0	0.0344902
97.5	0	0.0344902
98	0.00497811	0.0324128
98.5	0.113182	0.0328481
99	0.0602617	0.0330057
99.5	0.129838	0.0335198
100	0.129806	0.0340285
100.5	0.149284	0.0344241
101	0	0.0344241
101.5	0.00852942	0.0341674
102	0	0.0341674
102.5	0	0.0341674
103	0	0.0341674
103.5	0	0.0341674
104	0	0.0341674
104.5	0	0.0341674
105	0	0.0341674
105.5	0	0.0341674
106	0	0.0341674
106.5	0	0.0341674
107	0	0.0341674
107.5	0	0.0341674
108	0	0.0341674
108.5	0	0.0341674
109	0	0.0341674
109.5	0	0.0341674
110	0	0.0341674
110.5	0	0.0341674
111	0	0.0341674
111.5	0	0.0341674
112	0	0.0341674
112.5	0	0.0341674
113	0	0.0341674
113.5	0	0.0341674
114	0.00061343	0.0301019
114.5	0.110501	0.0304786
115	0.15069	0.0310659
115.5	0.12337	0.0315044
116	0.0791238	0.0317239
116.5	0.108046	0.0320317
117	0.161843	0.0326694
117.5	0.125996	0.0330427
118	0.123205	0.0334622
118.5	0.166158	0.034032
119	0.0945297	0.0343499
119.5	0.117807	0.0347502
120	0.153993	0.0352946
120.5	0.139786	0.0357134
121	0.123452	0.035912
121.5	0	0.035912
122	0	0.035912
122.5	0	0.035912
123	0.0143871	0.0355018
123.5	0.107657	0.0358675
124	0.202405	0.0365937
124.5	0.124638	0.0369281
125	0.128465	0.0373598
125.5	0.108009	0.0376667
126	0.103089	0.037963
126.5	0.129752	0.0382922
127	0.139037	0.0387239
127.5	0.131916	0.0391429
128	0.117697	0.0394932
128.5	0.126425	0.0398526
129	0.13117	0.040215
129.5	0.141009	0.0406319
130	0.148994	0.0410544
130.5	0	0.0410544
131	0	0.0410544
131.5	0	0.0410544
132	0	0.0410544
132.5	0	0.0410544
133	0	0.0410544
133.5	0	0.0410544
134	0	0.0410544
134.5	0	0.0410544
135	0.0125846	0.0399322
135.5	0.112327	0.0402109
136	0.0590155	0.0402893
136.5	0.116453	0.0405698
137	0.0340751	0.0405582
137.5	0	0.0405582
138	0	0.0405582
138.5	0.00876333	0.0401204
139	0.107695	0.0403843
139.5	0.132367	0.0407587
140	0.148277	0.0411478
140.5	0.127449	0.0414697
141	0.127449	0.0417891
141.5	0.127449	0.0421062
142	0.127449	0.0421851
142.5	0.0208357	0.0420651
143	0	0.0420651
143.5	0.0546192	0.0421719
144	0.127475	0.0424817
144.5	0.123999	0.042785
145	0.12438	0.0430865
145.5	0.129317	0.0433918
146	0.109995	0.0436336
146.5	0.141325	0.043948
147	0.131937	0.0442879
147.5	0.148247	0.0444069
148	0	0.0444069
148.5	0	0.0444069
149	0	0.0444069
149.5	0	0.0444069
150	0.00271442	0.0435558
150.5	0.127316	0.0438464
151	0.127134	0.0439548
151.5	0	0.0439548
152	0	0.0439548
152.5	0	0.0439548
153	0	0.0439548
153.5	0	0.0439548
154	0	0.0439548
154.5	0.010315	0.0430789
155	0.127423	0.0433624
155.5	0.127302	0.0436439
156	0.126869	0.0437836
156.5	0	0.0437836
157	0	0.0437836
157.5	0	0.0437836
158	0	0.0437836
158.5	0	0.0437836
159	0	0.0437836
159.5	0	0.0437836
160	0	0.0437836
160.5	0.00819358	0.0426632
161	0.107855	0.0428808
161.5	0.136302	0.0431619
162	0.140908	0.0434808
162.5	0.125815	0.0437475
163	0.0777251	0.0438584
163.5	0.122077	0.0441178
164	0.13509	0.0444234
164.5	0.127439	0.0446853
165	0.127361	0.0449455
165.5	0.129313	0.0452062
166	0.127449	0.0454633
166.5	0.127449	0.0457188
167	0.127449	0.0460043
167.5	0.127449	0.0462564
168	0.127449	0.0465069
168.5	0.127449	0.0467559
169	0.127449	0.0470034
169.5	0.127449	0.0472494
170	0.127449	0.0474939
170.5	0.127449	0.0477368
171	0.127449	0.0477671
171.5	0.0570137	0.0478217
172	0.127475	0.0480615
172.5	0.127424	0.0482998
173	0.125534	0.0485344
173.5	0.114972	0.0487541
174	0.257978	0.0488312
174.5	0	0.0488312
175	0	0.0488312
175.5	0	0.0488312
176	0	0.0488312
176.5	0	0.0488312
177	0	0.0488312
177.5	0	0.0488312
178	0	0.0488312
178.5	0	0.0488312
179	0	0.0488312
179.5	0	0.0488312
180	0	0.0488312
180.5	0	0.0488312
181	0	0.0488312
181.5	0.00494316	0.0468191
182	0.104638	0.046969
182.5	0.0926291	0.047058
183	0	0.047058
183.5	0	0.047058
184	0	0.047058
184.5	0	0.047058
185	0	0.047058
185.5	0	0.047058
186	0	0.047058
186.5	0	0.047058
187	0	0.047058
187.5	0	0.047058
188	0	0.047058
188.5	0	0.047058
189	0	0.047058
189.5	0	0.047058
190	0	0.047058
190.5	0	0.047058
191	0	0.047058
191.5	0	0.047058
192	0	0.047058
192.5	0	0.047058
193	0.00146802	0.0444179
193.5	0.127449	0.0446389
194	0.127449	0.0448586
194.5	0.127449	0.0450773
195	0.127449	0.0453218
195.5	0.127449	0.045538
196	0.127449	0.045753
196.5	0.127449	0.0458868
197	0	0.0458868
197.5	0	0.0458868
198	0	0.0458868
198.5	0	0.0458868
199	0	0.0458868
199.5	0	0.0458868
200	0	0.0458868
200.5	0	0.0458868
201	0	0.0458868
201.5	0	0.0458868
202	0	0.0458868
202.5	0.0063681	0.0446324
203	0.0971653	0.0447632
203.5	0.0778295	0.0448145
204	0.0694589	0.0449
204.5	0.0964347	0.0450496
205	0.117631	0.0451974
205.5	0.092419	0.0453398
206	0.169441	0.0456597
206.5	0.200903	0.0460575
207	0.127408	0.0462593
207.5	0.101672	0.0463882
208	0.133405	0.0465678
208.5	0.111246	0.0467047
209	0.0879038	0.0468513
209.5	0.0648674	0.0468947
210	0.070041	0.0469461
210.5	0.176092	0.0472878
211	0.178668	0.0476295
211.5	0.127449	0.047823
212	0.128978	0.048017
212.5	0.127449	0.0482087
213	0.127449	0.0483995
213.5	0.127449	0.0485893
214	0.127449	0.0488018
214.5	0.127449	0.0489897
215	0.127449	0.0491767
215.5	0.127449	0.0493628
216	0.110157	0.0495088
216.5	0.116389	0.0496605
217	0.0360652	0.0496321
217.5	0.0525411	0.0496384
218	0.0647203	0.049682
218.5	0.108077	0.0498233
219	0.0883285	0.0499207
219.5	0.0832687	0.0499951
220	0.0720479	0.0500519
220.5	0.15535	0.0502024
221	0.0671123	0.0502304
221.5	0.0456626	0.050212
222	0.0633566	0.0502425
222.5	0.105158	0.0503573
223	0.092535	0.050424
223.5	0.0612518	0.0504563
224	0.0704136	0.0505078
224.5	0.24074	0.0509382
225	0.127449	0.0511121
225.5	0.12748	0.0512853
226	0.127501	0.0514578
226.5	0.127339	0.0516507
227	0.127437	0.0518214
227.5	0.125613	0.0519897
228	0.123268	0.0521549
228.5	0.129758	0.052219
229	0	0.052219
229.5	0	0.052219
230	0	0.052219
230.5	0	0.052219
231	0	0.052219
231.5	0	0.052219
232	0	0.052219
232.5	0	0.052219
233	0	0.052219
233.5	0	0.052219
234	0	0.052219
234.5	0	0.052219
235	0	0.052219
235.5	0	0.052219
236	0	0.052219
236.5	0	0.052219
237	0	0.052219
237.5	0	0.052219
238	0	0.052219
238.5	0	0.052219
239	0	0.052219
239.5	0	0.052219
240	0	0.052219
240.5	0	0.052219
241	0	0.052219
241.5	0	0.052219
242	0	0.052219
242.5	0	0.052219
243	0.00211962	0.0490574
243.5	0.127449	0.0492216
244	0.127449	0.0493851
244.5	0.127449	0.0495479
245	0.127449	0.0496291
245.5	0	0.0496291
246	0	0.0496291
246.5	0	0.0496291
247	0	0.0496291
247.5	0	0.0496291
248	0	0.0496291
248.5	0	0.0496291
249	0	0.0496291
249.5	0	0.0496291
250	0	0.0496291
250.5	0	0.0496291
251	0	0.0496291
251.5	0	0.0496291
252	0	0.0496291
252.5	0	0.0496291
253	0	0.0496291
253.5	0	0.0496291
254	0	0.0496291
254.5	0	0.0496291
255	0	0.0496291
255.5	0	0.0496291
256	0	0.0496291
256.5	0	0.0496291
257	0	0.0496291
257.5	0	0.0496291
258	0	0.0496291
258.5	0	0.0496291
259	0	0.0496291
259.5	0	0.0496291
260	0.00258016	0.0467853
260.5	0	0.0467853
261	0	0.0467853
261.5	0	0.0467853
262	0	0.0467853
262.5	0	0.0467853
263	0	0.0467853
263.5	0	0.0467853
264	0	0.0467853
264.5	0	0.0467853
265	0	0.0467853
265.5	0	0.0467853
266	0	0.0467853
266.5	0	0.0467853
267	0	0.0467853
267.5	0.00103948	0.0454527
268	0.13037	0.0456298
268.5	0	0.0456298
269	0.0475802	0.0456372
269.5	0.127449	0.0457915
270	0.127449	0.0459453
270.5	0.119325	0.0460925
271	0.13676	0.046251
271.5	0.127449	0.046403
272	0.127449	0.0465733
272.5	0.127449	0.0467241
273	0.127449	0.0467429
273.5	0	0.0467429
274	0	0.0467429
274.5	0	0.0467429
275	0	0.0467429
275.5	0	0.0467429
276	0.00230914	0.0461787
276.5	0.127449	0.0463466
277	0.127258	0.0464952
277.5	0.104426	0.0465922
278	0.147797	0.0467517
278.5	0	0.0467517
279	0.0358685	0.0467077
279.5	0.122593	0.0468331
280	0.111113	0.0469334
280.5	0	0.0469334
281	0	0.0469334
281.5	0	0.0469334
282	0.0184822	0.0467127
282.5	0.104468	0.0467919
283	0.0705277	0.0468496
283.5	0.145921	0.0470238
284	0.116201	0.0471425
284.5	0.129605	0.0472871
285	0.132664	0.0474514
285.5	0.0851509	0.0475141
286	0.0564437	0.047523
286.5	0	0.047523
287	0.0317162	0.0474528
287.5	0.125884	0.0475755
288	0.121265	0.0477289
288.5	0.0947931	0.0478124
289	0.0926593	0.0478259
289.5	0.066465	0.0478885
290	0.169918	0.0480886
290.5	0.0770276	0.0481409
291	0.165834	0.0483576
291.5	0.0948666	0.0484391
292	0.107834	0.0484848
292.5	0.0291	0.0484297
293	0.127449	0.0485664
293.5	0.127449	0.0486175
294	0	0.0486175
294.5	0	0.0486175
295	0	0.0486175
295.5	0	0.0486175
296	0	0.0486175
296.5	0	0.0486175
297	0	0.0486175
297.5	0	0.0486175
298	0	0.0486175
298.5	0	0.0486175
299	0	0.0486175
299.5	0	0.0486175
300	0	0.0486175
300.5	0	0.0486175
301	0	0.0486175
301.5	0	0.0486175
302	0.00535437	0.0473221
302.5	0.124441	0.0474544
303	0.127346	0.047588
303.5	0.127589	0.0477214
304	0.127434	0.0478542
304.5	0.125773	0.0479855
305	0.128878	0.0481349
305.5	0.127465	0.0482664
306	0.127516	0.0483974
306.5	0.127508	0.0485118
307	0	0.0485118
307.5	0	0.0485118
308	0	0.0485118
308.5	0	0.0485118
309	0	0.0485118
309.5	0	0.0485118
310	0	0.0485118
310.5	0	0.0485118
311	0.0120801	0.0479644
311.5	0.12805	0.0480939
312	0.127449	0.0482387
312.5	0.124816	0.0483653
313	0.127781	0.0484134
313.5	0	0.0484134
314	0	0.0484134
314.5	0	0.0484134
315	0.0170216	0.0481775
315.5	0.0851275	0.0482329
316	0.146418	0.0483527
316.5	0	0.0483527
317	0	0.0483527
317.5	0	0.0483527
318	0	0.0483527
318.5	0	0.0483527
319	0	0.0483527
319.5	0	0.0483527
320	0	0.0483527
320.5	0	0.0483527
321	0	0.0483527
321.5	0	0.0483527
322	0	0.0483527
322.5	0	0.0483527
323	0.00656502	0.0474004
323.5	0.128142	0.0475102
324	0.123337	0.0476325
324.5	0.123801	0.0477699
325	0.129214	0.0478949
325.5	0.132824	0.0480214
326	0.127558	0.0481446
326.5	0.130399	0.0482846
327	0.12746	0.0483917
327.5	0.125531	0.0485126
328	0.113296	0.0486109
328.5	0.119077	0.0487414
329	0.143873	0.0488708
329.5	0.132275	0.0490095
330	0.127327	0.0491295
330.5	0.133308	0.0492679
331	0.127449	0.0493872
331.5	0.127449	0.0495062
332	0.127449	0.0496248
332.5	0.127449	0.0497431
333	0.127449	0.049861
333.5	0.127449	0.0499785
334	0.127449	0.0501103
334.5	0.127449	0.0501979
335	0	0.0501979
335.5	0	0.0501979
336	0	0.0501979
336.5	0.0259878	0.050042
337	0.129386	0.0501591
337.5	0.127449	0.050217
338	0	0.050217
338.5	0	0.050217
339	0	0.050217
339.5	0	0.050217
340	0	0.050217
340.5	0	0.050217
341	0.00621384	0.0497159
341.5	0.132714	0.0498338
342	0.138814	0.0499694
342.5	0.0997342	0.0500397
343	0.161828	0.0502179
343.5	0.119297	0.0503128
344	0.132247	0.0504431
344.5	0.119093	0.0505373
345	0.140169	0.0506566
345.5	0.121329	0.0507786
346	0.117716	0.0508843
346.5	0.12613	0.0509812
347	0.0926371	0.0509916
347.5	0.0328514	0.0509405
348	0.14333	0.0509703
348.5	0.0359804	0.0509319
349	0.165762	0.0511074
349.5	0.0853604	0.0511535
350	0.149611	0.0512896
350.5	0.0963324	0.0513646
351	0.165622	0.0515384
351.5	0.203541	0.0517433
352	0.129875	0.0518394
352.5	0	0.0518394
353	0	0.0518394
353.5	0	0.0518394
354	0	0.0518394
354.5	0	0.0518394
355	0	0.0518394
355.5	0	0.0518394
356	0	0.0518394
356.5	0	0.0518394
357	0	0.0518394
357.5	0.0112935	0.051194
358	0.127242	0.0512611
358.5	0	0.0512611
359	0	0.0512611
359.5	0.0104541	0.0510865
360	0	0.0510865
360.5	0	0.0510865
361	0	0.0510865
361.5	0	0.0510865
362	0	0.0510865
362.5	0	0.0510865
363	0	0.0510865
363.5	0	0.0510865
364	0	0.0510865
364.5	0	0.0510865
365	0.00818715	0.050395
365.5	0.127449	0.0505012
366	0.127449	0.0505807
366.5	0	0.0505807
367	0	0.0505807
367.5	0	0.0505807
368	0	0.0505807
368.5	0	0.0505807
369	0	0.0505807
369.5	0	0.0505807
370	0.00381297	0.0500485
370.5	0.128231	0.0501542
371	0.127646	0.0502068
371.5	0	0.0502068
372	0	0.0502068
372.5	0	0.0502068
373	0.0208276	0.0500247
373.5	0.127449	0.0501291
374	0.127449	0.0502332
374.5	0.127449	0.0503371
375	0.127449	0.0504536
375.5	0.127449	0.0505569
376	0.127449	0.0506599
376.5	0.127449	0.0507626
377	0.127449	0.050865
377.5	0.127449	0.0509417
378	0	0.0509417
378.5	0	0.0509417
379	0	0.0509417
379.5	0	0.0509417
380	0	0.0509417
380.5	0	0.0509417
381	0	0.0509417
381.5	0	0.0509417
382	0	0.0509417
382.5	0	0.0509417
383	0	0.0509417
383.5	0	0.0509417
384	0	0.0509417
384.5	0	0.0509417
385	0	0.0509417
385.5	0	0.0509417
386	0	0.0509417
386.5	0.00257755	0.0497738
387	0.144926	0.0498962
387.5	0.132534	0.0500123
388	0.128486	0.0501133
388.5	0.127449	0.0502135
389	0.125446	0.0503124
389.5	0.125674	0.0504111
390	0.110592	0.0504894
390.5	0.151752	0.0505991
391	0.121029	0.0507065
391.5	0.103068	0.0507793
392	0.138877	0.0508182
392.5	0.11441	0.0509544
393	0.164359	0.0510952
393.5	0.12626	0.0511922
394	0.127408	0.0512896
394.5	0.127444	0.0513867
395	0.127457	0.0514957
395.5	0.127461	0.0515923
396	0.127371	0.0516886
396.5	0.129335	0.0517857
397	0.127449	0.0518816
397.5	0.127449	0.0519772
398	0.127449	0.0520726
398.5	0.127449	0.0521796
399	0.125159	0.0522733
399.5	0.125299	0.0523668
400	0.13017	0.0524626
400.5	0.127906	0.052557
401	0.127423	0.0526509
401.5	0.127516	0.0527447
402	0.128822	0.0528388
402.5	0.127449	0.0529437
403	0.127449	0.0530367
403.5	0.127357	0.0531178
404	0.119711	0.053173
404.5	0.0446721	0.0531579
405	0.143724	0.0531828
405.5	0	0.0531828
406	0	0.0531828
406.5	0	0.0531828
407	0.0160852	0.0529559
407.5	0.11057	0.0530276
408	0.143663	0.0531019
408.5	0	0.0531019
409	0	0.0531019
409.5	0	0.0531019
410	0	0.0531019
410.5	0	0.0531019
411	0	0.0531019
411.5	0.00430196	0.0526604
412	0.127449	0.0527517
412.5	0.126887	0.0528424
413	0.124486	0.0529317
413.5	0.130155	0.0530351
414	0.128069	0.0531257
414.5	0.0171116	0.0530851
415	0.127506	0.0531752
415.5	0.127352	0.0532762
416	0.127589	0.0533658
416.5	0.127346	0.0534552
417	0.12749	0.0535444
417.5	0.127444	0.0536333
418	0.127081	0.0537219
418.5	0.101844	0.0537761
419	0.077193	0.0538051
419.5	0.0864279	0.0538483
420	0.201129	0.0539739
420.5	0.0925162	0.0540374
421	0.0973043	0.0540881
421.5	0.14956	0.0541972
422	0.123296	0.0542822
422.5	0.169564	0.0544239
423	0.153905	0.0545462
423.5	0.0608315	0.0545521
424	0.0498293	0.0545449
424.5	0.136344	0.0546354
425	0.161795	0.0547601
425.5	0.0484688	0.0547528
426	0.113257	0.0548207
426.5	0.0540448	0.0548196
427	0.126125	0.0548938
427.5	0.103271	0.0549552
428	0.0473489	0.0549462
428.5	0.0324171	0.0549332
429	0	0.0549332
429.5	0.0121041	0.0548014
430	0.094809	0.0548485
430.5	0.0719123	0.0548661
431	0.0701161	0.0548823
431.5	0	0.0548823
432	0.00842136	0.0547801
432.5	0	0.0547801
433	0.0487512	0.0547641
433.5	0.142177	0.0548662
434	0.112409	0.0549417
434.5	0.148824	0.0550462
435	0.12586	0.055129
435.5	0.128032	0.0551499
436	0	0.0551499
436.5	0	0.0551499
437	0	0.0551499
437.5	0	0.0551499
438	0	0.0551499
438.5	0	0.0551499
439	0	0.0551499
439.5	0	0.0551499
440	0.00480532	0.0545787
440.5	0.124321	0.0546601
441	0.130657	0.0547445
441.5	0.127542	0.0548272
442	0.127459	0.0549097
442.5	0.121384	0.0549889
443	0.127553	0.055071
443.5	0.130221	0.0551646
444	0.130084	0.0552476
444.5	0.127444	0.0553291
445	0.12732	0.0554104
445.5	0.127522	0.0554916
446	0.12774	0.0555017
446.5	0	0.0555017
447	0	0.0555017
447.5	0	0.0555017
448	0	0.0555017
448.5	0.010698	0.0552031
449	0.124315	0.0552823
449.5	0.132248	0.0553548
450	0	0.0553548
450.5	0	0.0553548
451	0	0.0553548
451.5	0	0.0553548
452	0	0.0553548
452.5	0	0.0553548
453	0	0.0553548
453.5	0	0.0553548
454	0.0102233	0.0548885
454.5	0.127449	0.0549686
455	0.126438	0.055048
455.5	0.127413	0.0551277
456	0.12727	0.0551576
456.5	0	0.0551576
457	0	0.0551576
457.5	0	0.0551576
458	0	0.0551576
458.5	0.0195172	0.0549348
459	0.0720852	0.0549555
459.5	0.0633355	0.0549647
460	0.0853309	0.0549956
460.5	0.123188	0.0550724
461	0.161773	0.0551525
461.5	0	0.0551525
462	0	0.0551525
462.5	0	0.0551525
463	0	0.0551525
463.5	0	0.0551525
464	0	0.0551525
464.5	0	0.0551525
465	0	0.0551525
465.5	0	0.0551525
466	0.00761338	0.0546173
466.5	0.127511	0.0546956
467	0.127334	0.0547834
467.5	0.127599	0.0548614
468	0.127454	0.0549392
468.5	0.127315	0.0550167
469	0.127851	0.0550846
469.5	0.119916	0.0551582
470	0.129477	0.055246
470.5	0.107486	0.0552708
471	0.0657671	0.055287
471.5	0.0945949	0.0553363
472	0.13409	0.0553959
472.5	0.0873764	0.0554392
473	0.107844	0.0554803
473.5	0	0.0554803
474	0	0.0554803
474.5	0	0.0554803
475	0	0.0554803
475.5	0	0.0554803
476	0	0.0554803
476.5	0	0.0554803
477	0	0.0554803
477.5	0	0.0554803
478	0	0.0554803
478.5	0	0.0554803
479	0	0.0554803
479.5	0	0.0554803
480	0	0.0554803
480.5	0	0.0554803
481	0	0.0554803
481.5	0	0.0554803
482	0	0.0554803
482.5	0	0.0554803
483	0.000771889	0.0543089
483.5	0.127615	0.0543373
484	0	0.0543373
484.5	0	0.0543373
485	0	0.0543373
485.5	0	0.0543373
486	0	0.0543373
486.5	0	0.0543373
487	0	0.0543373
487.5	0	0.0543373
488	0	0.0543373
488.5	0	0.0543373
489	0	0.0543373
489.5	0	0.0543373
490	0	0.0543373
490.5	0	0.0543373
491	0	0.0543373
491.5	0	0.0543373
492	0	0.0543373
492.5	0	0.0543373
493	0	0.0543373
493.5	0	0.0543373
494	0	0.0543373
494.5	0.00278675	0.0531432
495	0.0984729	0.0531951
495.5	0.117715	0.0532481
496	0.0540549	0.0532491
496.5	0.18996	0.0533879
497	0.169361	0.0535088
497.5	0.135648	0.0535865
498	0.117344	0.0536561
498.5	0.135237	0.053743
499	0.130451	0.0538182
499.5	0.125655	0.0538913
500	0.127506	0.053965
500.5	0.127418	0.0540385
501	0.12747	0.0541119
501.5	0.126723	0.0541848
502	0.124916	0.0542568
502.5	0.129828	0.05434
503	0.127527	0.0544128
503.5	0.127356	0.0544854
504	0.127444	0.0545579
504.5	0.127465	0.0546302
505	0.127542	0.0547025
505.5	0.127387	0.0547745
506	0.127496	0.0548464
506.5	0.127515	0.0548913
507	0	0.0548913
507.5	0	0.0548913
508	0	0.0548913
508.5	0	0.0548913
509	0.00579652	0.0546259
509.5	0.127031	0.0546973
510	0.12734	0.0547686
510.5	0.127495	0.0548488
511	0.128364	0.0549203
511.5	0.127356	0.0549913
512	0.127465	0.0550621
512.5	0.127392	0.0551328
513	0.12749	0.0551946
513.5	0	0.0551946
514	0	0.0551946
514.5	0	0.0551946
515	0	0.0551946
515.5	0.00909645	0.0549594
516	0.136507	0.0550333
516.5	0.0902178	0.0550694
517	0.2042	0.055137
517.5	0.139392	0.0552395
518	0.126933	0.0553265
518.5	0.129739	0.0553529
519	0.0375259	0.0553237
519.5	0.0903269	0.0553594
520	0.195311	0.0555022
520.5	0.172576	0.0556062
521	0	0.0556062
521.5	0	0.0556062
522	0	0.0556062
522.5	0	0.0556062
523	0	0.0556062
523.5	0.0103042	0.0553384
524	0.127449	0.0554072
524.5	0.127449	0.055476
525	0.126446	0.0555441
525.5	0.126116	0.055612
526	0.128774	0.0556809
526.5	0.127496	0.0557492
527	0.12738	0.0558257
527.5	0.128537	0.0558941
528	0.127449	0.0559619
528.5	0.127449	0.0560296
529	0.125038	0.0560878
529.5	0.068993	0.0561019
530	0.048665	0.056095
530.5	0.107991	0.0561455
531	0.154309	0.056241
531.5	0.0927298	0.0562646
532	0.0720116	0.0562843
532.5	0.231209	0.0564541
533	0.129617	0.0565216
533.5	0.127449	0.0565881
534	0.127449	0.0566545
534.5	0.125601	0.05672
535	0.127352	0.0567861
535.5	0	0.0567861
536	0	0.0567861
536.5	0	0.0567861
537	0	0.0567861
537.5	0	0.0567861
538	0	0.0567861
538.5	0	0.0567861
539	0	0.0567861
539.5	0	0.0567861
540	0	0.0567861
540.5	0	0.0567861
541	0	0.0567861
541.5	0	0.0567861
542	0	0.0567861
542.5	0	0.0567861
543	0	0.0567861
543.5	0	0.0567861
544	0	0.0567861
544.5	0	0.0567861
545	0	0.0567861
545.5	0	0.0567861
546	0.00213779	0.0556671
546.5	0.124929	0.0557156
547	0	0.0557156
547.5	0	0.0557156
548	0	0.0557156
548.5	0	0.0557156
549	0.0238285	0.0555602
549.5	0.127449	0.0556257
550	0.127449	0.055691
550.5	0.127449	0.0557643
551	0.127449	0.0558293
551.5	0.127449	0.0558943
552	0.127449	0.0559267
552.5	0	0.0559267
553	0.0376025	0.0558846
553.5	0.127077	0.0559491
554	0.127402	0.0560136
554.5	0.127402	0.056078
555	0.117755	0.0561306
555.5	0.11549	0.0561674
556	0.0539875	0.0561646
556.5	0.0925526	0.0561983
557	0.125374	0.0562457
557.5	0.0794132	0.0562707
558	0.110679	0.0563198
558.5	0.147478	0.0564079
559	0.14024	0.056476
559.5	0.0864398	0.0565056
560	0.249006	0.0566706
560.5	0.0980719	0.0567005
561	0.055196	0.056699
561.5	0.0665314	0.0567074
562	0.0396801	0.0566891
562.5	0.170191	0.0567836
563	0.186547	0.0569115
563.5	0.138124	0.0569779
564	0.127459	0.0570404
564.5	0.127426	0.0571105
565	0.127428	0.0571727
565.5	0.127527	0.0572349
566	0.127351	0.0572968
566.5	0.127558	0.0573587
567	0.127309	0.0574205
567.5	0.130406	0.0574911
568	0.127449	0.0575527
568.5	0.127449	0.0576141
569	0.127449	0.0576755
569.5	0.127449	0.0577367
570	0.125309	0.057797
570.5	0.128613	0.0578584
571	0.127299	0.0579193
571.5	0.127433	0.0579801
572	0.128515	0.0580488
572.5	0.127449	0.0581094
573	0.125151	0.0581689
573.5	0.123018	0.0582275
574	0.129284	0.0582427
574.5	0	0.0582427
575	0	0.0582427
575.5	0	0.0582427
576	0	0.0582427
576.5	0	0.0582427
577	0	0.0582427
577.5	0	0.0582427
578	0	0.0582427
578.5	0	0.0582427
579	0	0.0582427
579.5	0	0.0582427
580	0.0012363	0.0576099
580.5	0.110364	0.0576558
581	0.105556	0.0576993
581.5	0.123293	0.0577576
582	0.168609	0.0578565
582.5	0.130167	0.0579172
583	0.127449	0.0579768
583.5	0.126535	0.0580285
584	0	0.0580285
584.5	0	0.0580285
585	0	0.0580285
585.5	0.00768457	0.0578504
586	0.127449	0.0579097
586.5	0.127449	0.0579764
587	0.127449	0.0580355
587.5	0.127449	0.0580945
588	0.127449	0.0581534
588.5	0.127449	0.0582122
589	0.127449	0.0582709
589.5	0.127449	0.0583296
590	0.127449	0.0583881
590.5	0.127449	0.0584538
591	0.127449	0.0585121
591.5	0.127449	0.0585703
592	0.127449	0.0586284
592.5	0.121915	0.0586842
593	0.127463	0.0587421
593.5	0.115765	0.0587553
594	0	0.0587553
594.5	0	0.0587553
595	0	0.0587553
595.5	0	0.0587553
596	0	0.0587553
596.5	0	0.0587553
597	0	0.0587553
597.5	0	0.0587553
598	0	0.0587553
598.5	0	0.0587553
599	0	0.0587553
599.5	0	0.0587553
600	0	0.0587553
600.5	0	0.0587553
601	0	0.0587553
601.5	0	0.0587553
602	0	0.0587553
602.5	0	0.0587553
603	0	0.0587553
603.5	0	0.0587553
604	0	0.0587553
604.5	0	0.0587553
605	0	0.0587553
605.5	0	0.0587553
606	0.00426571	0.0575817
606.5	0.108126	0.0576246
607	0.157054	0.057691
607.5	0.0647994	0.0576953
608	0	0.0576953
608.5	0	0.0576953
609	0	0.0576953
609.5	0	0.0576953
610	0	0.0576953
610.5	0	0.0576953
611	0.0105663	0.057405
611.5	0.0898289	0.0574332
612	0.172955	0.0575286
612.5	0.148283	0.0575922
613	0.117447	0.0576054
613.5	0.0277093	0.0575635
614	0.140261	0.0576246
614.5	0	0.0576246
615	0	0.0576246
615.5	0.0240707	0.0575345
616	0.127449	0.0575912
616.5	0.127449	0.0576478
617	0.127449	0.0577042
617.5	0.124664	0.0577596
618	0.130031	0.0578239
618.5	0.127449	0.0578801
619	0.126481	0.0579359
619.5	0.128432	0.0579922
620	0.127449	0.0580481
620.5	0.127449	0.058104
621	0.127449	0.0581597
621.5	0.127449	0.0582153
622	0.127449	0.0582778
622.5	0.127449	0.0583333
623	0.127449	0.0583887
623.5	0.127449	0.058444
624	0.127449	0.0584991
624.5	0.126264	0.0585538
625	0.127408	0.0586088
625.5	0.128699	0.0586642
626	0.127449	0.0587259
626.5	0.127449	0.0587806
627	0.127449	0.0588011
627.5	0	0.0588011
628	0	0.0588011
628.5	0.0300458	0.0587164
629	0.127449	0.0587709
629.5	0.112334	0.0588071
630	0	0.0588071
630.5	0	0.0588071
631	0	0.0588071
631.5	0	0.0588071
632	0	0.0588071
632.5	0	0.0588071
633	0	0.0588071
633.5	0	0.0588071
634	0	0.0588071
634.5	0	0.0588071
635	0	0.0588071
635.5	0	0.0588071
636	0	0.0588071
636.5	0	0.0588071
637	0	0.0588071
637.5	0	0.0588071
638	0	0.0588071
638.5	0	0.0588071
639	0	0.0588071
639.5	0	0.0588071
640	0	0.0588071
640.5	0	0.0588071
641	0	0.0588071
641.5	0	0.0588071
642	0	0.0588071
642.5	0	0.0588071
643	0	0.0588071
643.5	0	0.0588071
644	0	0.0588071
644.5	0.00259867	0.0574735
645	0.123992	0.0575198
645.5	0.11653	0.0575697
646	0.0983112	0.0575952
646.5	0.0736155	0.0576085
647	0.074516	0.0576169
647.5	0	0.0576169
648	0	0.0576169
648.5	0.0182228	0.0575109
649	0.135646	0.0575744
649.5	0.129591	0.0576016
650	0	0.0576016
650.5	0	0.0576016
651	0.0176088	0.0574907
651.5	0.136458	0.0575472
652	0.136363	0.0576035
652.5	0.112424	0.0576511
653	0.1355	0.057714
653.5	0.068355	0.0577215
654	0.0541275	0.0577191
654.5	0.100012	0.0577294
655	0.0470842	0.0577184
655.5	0	0.0577184
656	0	0.0577184
656.5	0	0.0577184
657	0	0.0577184
657.5	0	0.0577184
658	0	0.0577184
658.5	0	0.0577184
659	0	0.0577184
659.5	0	0.0577184
660	0	0.0577184
660.5	0	0.0577184
661	0	0.0577184
661.5	0	0.0577184
662	0	0.0577184
662.5	0	0.0577184
663	0	0.0577184
663.5	0	0.0577184
664	0	0.0577184
664.5	0.00161103	0.0568857
665	0.127449	0.0569386
665.5	0.127449	0.056998
666	0.127449	0.0570508
666.5	0.127449	0.0571034
667	0.127449	0.057156
667.5	0.127449	0.0572085
668	0.127449	0.057261
668.5	0.127449	0.0573133
669	0.127449	0.0573656
669.5	0.127449	0.0574243
670	0.127449	0.0574764
670.5	0.112123	0.0575168
671	0.119431	0.0575598
671.5	0	0.0575598
672	0	0.0575598
672.5	0.0362118	0.0575111
673	0.127366	0.0575628
673.5	0.126041	0.0576141
674	0.122191	0.0576639
674.5	0.132286	0.0577171
675	0.127389	0.057775
675.5	0.129894	0.0578272
676	0.127449	0.0578786
676.5	0.126029	0.0579294
677	0.12748	0.0579806
677.5	0.12871	0.0580385
678	0.127449	0.0580896
678.5	0.127449	0.0581405
679	0.127449	0.0581914
679.5	0.127449	0.0582422
680	0.127449	0.058293
680.5	0.127449	0.0583436
681	0.127449	0.0583942
681.5	0.127449	0.0584511
682	0.127449	0.0584826
682.5	0	0.0584826
683	0	0.0584826
683.5	0	0.0584826
684	0	0.0584826
684.5	0	0.0584826
685	0	0.0584826
685.5	0	0.0584826
686	0	0.0584826
686.5	0	0.0584826
687	0	0.0584826
687.5	0.0111099	0.0580886
688	0.12747	0.0581388
688.5	0.127486	0.0581953
689	0.127382	0.0582454
689.5	0.127511	0.0582954
690	0.12748	0.0583454
690.5	0.12732	0.0583952
691	0.127475	0.058445
691.5	0.12748	0.0584948
692	0.127506	0.0585445
692.5	0.127394	0.0586002
693	0.127466	0.0586312
693.5	0	0.0586312
694	0.0402044	0.0585997
694.5	0.127449	0.0586491
695	0.127449	0.0586985
695.5	0.127449	0.0587477
696	0.127449	0.0587723
696.5	0	0.0587723
697	0	0.0587723
697.5	0.0087866	0.0586428
698	0.127449	0.058692
698.5	0.127449	0.058741
699	0.127449	0.05879
699.5	0.126378	0.0588386
700	0.12401	0.0588862
700.5	0.130735	0.0589361
701	0.127132	0.0589847
701.5	0	0.0589847
702	0	0.0589847
702.5	0	0.0589847
703	0	0.0589847
703.5	0	0.0589847
704	0	0.0589847
704.5	0	0.0589847
705	0	0.0589847
705.5	0	0.0589847
706	0	0.0589847
706.5	0	0.0589847
707	0	0.0589847
707.5	0	0.0589847
708	0	0.0589847
708.5	0	0.0589847
709	0	0.0589847
709.5	0	0.0589847
710	0	0.0589847
710.5	0	0.0589847
711	0	0.0589847
711.5	0	0.0589847
712	0	0.0589847
712.5	0	0.0589847
713	0	0.0589847
713.5	0	0.0589847
714	0.00420479	0.0579709
714.5	0.127449	0.0580194
715	0.127449	0.0580678
715.5	0.127449	0.0580919
716	0.0538264	0.0580875
716.5	0.127335	0.0581116
717	0.0842774	0.0581391
717.5	0.127449	0.0581572
718	0	0.0581572
718.5	0.0353674	0.0581145
719	0.128721	0.0581629
719.5	0.127366	0.0582109
720	0.126358	0.0582644
720.5	0.127475	0.0583122
721	0.130658	0.058361
721.5	0.12749	0.0584027
722	0.0963164	0.058433
722.5	0.185268	0.0584631
723	0.0637347	0.0584685
723.5	0.0340948	0.0584607
724	0.0454544	0.0584482
724.5	0	0.0584482
725	0	0.0584482
725.5	0	0.0584482
726	0.0107739	0.0583031
726.5	0.11113	0.0583342
727	0.149674	0.0583542
727.5	0	0.0583542
728	0	0.0583542
728.5	0	0.0583542
729	0	0.0583542
729.5	0.0108783	0.0581643
730	0.127449	0.0582116
730.5	0.127449	0.0582293
731	0	0.0582293
731.5	0	0.0582293
732	0	0.0582293
732.5	0	0.0582293
733	0	0.0582293
733.5	0	0.0582293
734	0	0.0582293
734.5	0	0.0582293
735	0.00975439	0.0579074
735.5	0.127449	0.0579545
736	0.12601	0.0580011
736.5	0.128756	0.0580544
737	0.127449	0.0581012
737.5	0.125163	0.0581474
738	0.128938	0.0581887
738.5	0.120572	0.0582387
739	0.113114	0.0582752
739.5	0.0807838	0.0582901
740	0.153914	0.0583567
740.5	0	0.0583567
741	0	0.0583567
741.5	0	0.0583567
742	0	0.0583567
742.5	0	0.0583567
743	0	0.0583567
743.5	0	0.0583567
744	0	0.0583567
744.5	0	0.0583567
745	0	0.0583567
745.5	0.00715997	0.0579763
746	0.120468	0.0580204
746.5	0.140254	0.0580702
747	0.0997501	0.0580969
747.5	0.10766	0.058136
748	0.161789	0.0582039
748.5	0.138243	0.0582591
749	0.131277	0.0583063
749.5	0.127418	0.0583522
750	0.127362	0.0584038
750.5	0.127501	0.0584496
751	0.127387	0.0584839
751.5	0	0.0584839
752	0	0.0584839
752.5	0	0.0584839
753	0	0.0584839
753.5	0	0.0584839
754	0	0.0584839
754.5	0	0.0584839
755	0	0.0584839
755.5	0	0.0584839
756	0	0.0584839
756.5	0.0112516	0.0581318
757	0.121631	0.0581755
757.5	0.127555	0.0582268
758	0.126544	0.0582324
758.5	0	0.0582324
759	0	0.0582324
759.5	0.0124581	0.0581173
760	0.127449	0.05814
760.5	0	0.05814
761	0	0.05814
761.5	0	0.05814
762	0	0.05814
762.5	0	0.05814
763	0	0.05814
763.5	0	0.05814
764	0	0.05814
764.5	0	0.05814
765	0	0.05814
765.5	0	0.05814
766	0	0.05814
766.5	0.0080729	0.0576909
767	0.127625	0.0577362
767.5	0.125539	0.0577808
768	0.133778	0.057816
768.5	0.0853602	0.0578393
769	0.153193	0.0578971
769.5	0.153812	0.0579614
770	0.12749	0.0580063
770.5	0.131119	0.058058
771	0.127397	0.0581028
771.5	0.127334	0.0581475
772	0.127356	0.0581921
772.5	0.128559	0.0582371
773	0.127449	0.0582816
773.5	0.127449	0.0582928
774	0	0.0582928
774.5	0	0.0582928
775	0.013394	0.0581899
775.5	0	0.0581899
776	0	0.0581899
776.5	0.0285093	0.0581261
777	0.127449	0.0581705
777.5	0.127449	0.0582148
778	0.127449	0.0582591
778.5	0.121565	0.0583016
779	0.130701	0.0583467
779.5	0.127537	0.0583963
780	0.127351	0.0584404
780.5	0.127527	0.0584844
781	0.127335	0.0585283
781.5	0.127444	0.0585722
782	0.127506	0.0586161
782.5	0.127516	0.0586599
783	0.12436	0.0587027
783.5	0.130284	0.0587527
784	0.127532	0.0587745
784.5	0	0.0587745
785	0	0.0587745
785.5	0	0.0587745
786	0	0.0587745
786.5	0	0.0587745
787	0	0.0587745
787.5	0	0.0587745
788	0	0.0587745
788.5	0	0.0587745
789	0	0.0587745
789.5	0.00954992	0.0584122
790	0.125934	0.0584552
790.5	0.128585	0.058499
791	0.13249	0.0585438
791.5	0.130148	0.0585934
792	0.124081	0.0586304
792.5	0.127543	0.058679
793	0.127371	0.0587221
793.5	0.130521	0.0587661
794	0.127311	0.0588091
794.5	0.116844	0.0588488
795	0.0996341	0.0588651
795.5	0.0719464	0.058876
796	0.129751	0.0588814
796.5	0	0.0588814
797	0	0.0588814
797.5	0	0.0588814
798	0.0194962	0.058761
798.5	0.127449	0.0588091
799	0.127449	0.0588145
799.5	0	0.0588145
800	0	0.0588145
800.5	0	0.0588145
801	0	0.0588145
801.5	0	0.0588145
802	0	0.0588145
802.5	0	0.0588145
803	0	0.0588145
803.5	0	0.0588145
804	0	0.0588145
804.5	0	0.0588145
805	0	0.0588145
805.5	0.00113248	0.0583133
806	0.127391	0.0583559
806.5	0.130594	0.0583994
807	0.12525	0.0584414
807.5	0.116387	0.0584756
808	0.110926	0.0585034
808.5	0	0.0585034
809	0	0.0585034
809.5	0	0.0585034
810	0	0.0585034
810.5	0	0.0585034
811	0	0.0585034
811.5	0	0.0585034
812	0	0.0585034
812.5	0	0.0585034
813	0	0.0585034
813.5	0	0.0585034
814	0	0.0585034
814.5	0	0.0585034
815	0	0.0585034
815.5	0	0.0585034
816	0	0.0585034
816.5	0.00363611	0.0579176
817	0.13116	0.0579609
817.5	0.127449	0.0580032
818	0.127449	0.0580454
818.5	0.127449	0.0580929
819	0.127449	0.058135
819.5	0.127449	0.0581771
820	0.127449	0.0582191
820.5	0.127449	0.0582611
821	0.127449	0.058303
821.5	0.127449	0.0583449
822	0.127449	0.0583867
822.5	0.127449	0.0584337
823	0.127449	0.0584754
823.5	0.125333	0.0585164
824	0.127361	0.058558
824.5	0.127465	0.0585996
825	0.124922	0.0586404
825.5	0.123936	0.0586809
826	0.130859	0.0587232
826.5	0.130837	0.0587655
827	0.127371	0.0588068
827.5	0.0622267	0.0588089
828	0	0.0588089
828.5	0	0.0588089
829	0	0.0588089
829.5	0.00779904	0.0586839
830	0.127449	0.0587251
830.5	0.127449	0.0587406
831	0	0.0587406
831.5	0	0.0587406
832	0	0.0587406
832.5	0	0.0587406
833	0	0.0587406
833.5	0	0.0587406
834	0	0.0587406
834.5	0	0.0587406
835	0	0.0587406
835.5	0	0.0587406
836	0	0.0587406
836.5	0.00247209	0.0583094
837	0.140215	0.0583536
837.5	0	0.0583536
838	0	0.0583536
838.5	0	0.0583536
839	0	0.0583536
839.5	0	0.0583536
840	0	0.0583536
840.5	0	0.0583536
841	0	0.0583536
841.5	0	0.0583536
842	0	0.0583536
842.5	0	0.0583536
843	0	0.0583536
843.5	0	0.0583536
844	0	0.0583536
844.5	0	0.0583536
845	0	0.0583536
845.5	0	0.0583536
846	0	0.0583536
846.5	0	0.0583536
847	0	0.0583536
847.5	0	0.0583536
848	0	0.0583536
848.5	0	0.0583536
849	0	0.0583536
849.5	0	0.0583536
850	0	0.0583536
850.5	0	0.0583536
851	0.00223685	0.0574194
851.5	0	0.0574194
852	0	0.0574194
852.5	0.0303421	0.0573697
853	0.127449	0.0574105
853.5	0.126485	0.0574511
854	0.128427	0.0574921
854.5	0.127449	0.0575328
855	0.127449	0.0575734
855.5	0.127449	0.0576141
856	0.126948	0.0576545
856.5	0.126766	0.0576948
857	0.10511	0.057724
857.5	0.136296	0.0577666
858	0.141017	0.0578157
858.5	0.0831709	0.0578298
859	0.0927162	0.0578506
859.5	0.0737069	0.0578605
860	0.0359618	0.0578493
860.5	0.114132	0.0578901
861	0.149157	0.0579408
861.5	0.184052	0.0580164
862	0.172446	0.0580835
862.5	0.127449	0.0581234
863	0.127449	0.0581634
863.5	0.126923	0.0582031
864	0.127237	0.058238
864.5	0.120067	0.0582757
865	0.128323	0.0583207
865.5	0.114893	0.0583567
866	0.13971	0.0583993
866.5	0.119291	0.058432
867	0.0966171	0.0584573
867.5	0.114348	0.0584841
868	0.0953404	0.0585088
868.5	0.169065	0.0585445
869	0	0.0585445
869.5	0	0.0585445
870	0	0.0585445
870.5	0.0107403	0.0584231
871	0.132504	0.0584688
871.5	0.113452	0.0584996
872	0.144889	0.0585538
872.5	0.127449	0.058593
873	0.12474	0.0586315
873.5	0.127488	0.0586707
874	0.127654	0.0587099
874.5	0.128104	0.0587491
875	0.127216	0.0587881
875.5	0.129349	0.0588325
876	0.127449	0.0588714
876.5	0.127449	0.0589103
877	0.127449	0.0589492
877.5	0.127449	0.058988
878	0.127449	0.0590268
878.5	0.127449	0.0590655
879	0.127449	0.0591041
879.5	0.127449	0.0591476
880	0.127449	0.0591862
880.5	0.125445	0.0592242
881	0	0.0592242
881.5	0.0569412	0.0592217
882	0.108089	0.0592501
882.5	0.117704	0.0592857
883	0.104691	0.0593091
883.5	0.117624	0.0593446
884	0.138709	0.0593907
884.5	0.0498475	0.0593873
885	0	0.0593873
885.5	0	0.0593873
886	0	0.0593873
886.5	0	0.0593873
887	0.0205714	0.0592694
887.5	0.0648535	0.0592725
888	0.122254	0.0593046
888.5	0	0.0593046
889	0	0.0593046
889.5	0	0.0593046
890	0	0.0593046
890.5	0	0.0593046
891	0	0.0593046
891.5	0	0.0593046
892	0	0.0593046
892.5	0.0102689	0.0590505
893	0.12481	0.0590878
893.5	0.127278	0.0591258
894	0.129985	0.0591644
894.5	0.127828	0.0592025
895	0.127449	0.0592404
895.5	0.127449	0.0592782
896	0.127449	0.0593208
896.5	0.127449	0.0593585
897	0.127449	0.0593963
897.5	0.120998	0.0594322
898	0.13069	0.0594707
898.5	0.12998	0.0595089
899	0.127449	0.0595136
899.5	0	0.0595136
900	0	0.0595136
900.5	0	0.0595136
901	0	0.0595136
901.5	0	0.0595136
902	0	0.0595136
902.5	0	0.0595136
903	0	0.0595136
903.5	0	0.0595136
904	0	0.0595136
904.5	0	0.0595136
905	0	0.0595136
905.5	0.00454112	0.0590902
906	0.129633	0.0591235
906.5	0	0.0591235
907	0	0.0591235
907.5	0	0.0591235
908	0	0.0591235
908.5	0	0.0591235
909	0	0.0591235
909.5	0	0.0591235
910	0	0.0591235
910.5	0.00342058	0.0588403
911	0.122487	0.0588764
911.5	0.131932	0.0589197
912	0.128621	0.0589526
912.5	0.123829	0.0589935
913	0.133073	0.0590322
913.5	0.127449	0.0590694
914	0.127449	0.0591066
914.5	0.127449	0.0591483
915	0.127449	0.0591854
915.5	0.127449	0.0592225
916	0.127449	0.0592595
916.5	0.127449	0.0592965
917	0.127449	0.0593334
917.5	0.127449	0.0593703
918	0.127449	0.0594071
918.5	0.127449	0.0594485
919	0.127449	0.0594853
919.5	0.127449	0.0594991
920	0	0.0594991
920.5	0.0301471	0.0594572
921	0.127449	0.0594939
921.5	0.127449	0.0595305
922	0.127449	0.0595671
922.5	0.127449	0.0596037
923	0.127449	0.0596448
923.5	0.127449	0.0596813
924	0.127449	0.0597177
924.5	0.127449	0.0597541
925	0.127449	0.0597905
925.5	0.127449	0.0598268
926	0.11156	0.0598308
926.5	0	0.0598308
927	0	0.0598308
927.5	0	0.0598308
928	0	0.0598308
928.5	0	0.0598308
929	0	0.0598308
929.5	0	0.0598308
930	0	0.0598308
930.5	0	0.0598308
931	0	0.0598308
931.5	0	0.0598308
932	0	0.0598308
932.5	0	0.0598308
933	0	0.0598308
933.5	0	0.0598308
934	0	0.0598308
934.5	0	0.0598308
935	0	0.0598308
935.5	0	0.0598308
936	0	0.0598308
936.5	0	0.0598308
937	0	0.0598308
937.5	0.000659016	0.0590727
938	0.102857	0.0590979
938.5	0.141789	0.0591421
939	0.138612	0.0591856
939.5	0.127382	0.0592217
940	0.114879	0.0592503
940.5	0.138565	0.0592936
941	0.103098	0.0593186
941.5	0.154093	0.0593703
942	0.110597	0.0593976
942.5	0.092504	0.0594036
943	0	0.0594036
943.5	0	0.0594036
944	0	0.0594036
944.5	0	0.0594036
945	0	0.0594036
945.5	0.0141047	0.0592423
946	0.127413	0.0592781
946.5	0.12749	0.0593139
947	0.127201	0.0593183
947.5	0	0.0593183
948	0.0167414	0.0592547
948.5	0.126095	0.05929
949	0.126689	0.0592945
949.5	0	0.0592945
950	0	0.0592945
950.5	0.00796621	0.0591872
951	0.127501	0.0592229
951.5	0.128699	0.0592588
952	0.127449	0.0592944
952.5	0.126587	0.0593297
953	0.127466	0.0593519
953.5	0.064738	0.059356
954	0.127459	0.0593915
954.5	0.12437	0.0594261
955	0.115546	0.0594543
955.5	0.138134	0.0594968
956	0.119979	0.0595301
956.5	0.140604	0.0595683
957	0.124298	0.0596071
957.5	0.130712	0.059643
958	0.128875	0.0596785
958.5	0.127346	0.0597136
959	0.121487	0.0597472
959.5	0.134003	0.0597837
960	0.127485	0.0598188
960.5	0.124744	0.0598574
961	0.130679	0.0598931
961.5	0.12615	0.0599276
962	0.127346	0.0599625
962.5	0.127501	0.0599973
963	0.127351	0.0600321
963.5	0.127501	0.0600668
964	0.127449	0.0601016
964.5	0.130367	0.0601414
965	0.127449	0.060176
965.5	0.124869	0.06021
966	0.124358	0.0602438
966.5	0.130739	0.0602791
967	0.127485	0.0603136
967.5	0.129284	0.0603529
968	0.112925	0.0603795
968.5	0.102353	0.0603895
969	0	0.0603895
969.5	0	0.0603895
970	0	0.0603895
970.5	0	0.0603895
971	0	0.0603895
971.5	0	0.0603895
972	0	0.0603895
972.5	0	0.0603895
973	0	0.0603895
973.5	0	0.0603895
974	0	0.0603895
974.5	0	0.0603895
975	0	0.0603895
975.5	0	0.0603895
976	0.0040494	0.0599384
976.5	0.127031	0.0599726
977	0.117706	0.0600044
977.5	0.132935	0.0600399
978	0.132818	0.0600754
978.5	0.112696	0.0601056
979	0.0549557	0.0601033
979.5	0.165468	0.060165
980	0.161955	0.0602107
980.5	0.132446	0.0602459
981	0.127685	0.0602843
981.5	0.127387	0.0603182
982	0.127546	0.0603564
982.5	0.127346	0.0603903
983	0.129901	0.0604248
983.5	0.127449	0.0604586
984	0.127449	0.0604924
984.5	0.127449	0.0605178
985	0	0.0605178
985.5	0	0.0605178
986	0	0.0605178
986.5	0.010936	0.0604087
987	0.127192	0.0604424
987.5	0.12799	0.0604762
988	0.120106	0.060508
988.5	0.129489	0.0605421
989	0.129265	0.0605761
989.5	0.117524	0.0606071
990	0.138474	0.0606475
990.5	0.125306	0.0606805
991	0.128619	0.0607142
991.5	0.12333	0.0607466
992	0.143296	0.0607558
992.5	0	0.0607558
993	0	0.0607558
993.5	0	0.0607558
994	0.0200965	0.0606592
994.5	0.127449	0.0606967
995	0.127449	0.06073
995.5	0.127449	0.0607633
996	0.127449	0.0607966
996.5	0.127449	0.0608298
997	0.127449	0.060863
997.5	0.109922	0.0608877
998	0.0971438	0.0609055
998.5	0.126732	0.0609425
999	0.0852912	0.0609538
999.5	0.132568	0.0609923
1000	0.138566	0.0610322
1000.5	0.127449	0.0610651
1001	0.124615	0.0610973
1001.5	0.122345	0.061125
1002	0.1205	0.0611561
1002.5	0.136296	0.0611909
1003	0.126586	0.0612276
1003.5	0.123006	0.0612593
1004	0.0995366	0.0612775
1004.5	0.157875	0.0613256
1005	0.135292	0.0613644
1005.5	0.125677	0.0613966
1006	0.126081	0.0614288
1006.5	0.0945106	0.0614453
1007	0.154123	0.0614926
1007.5	0.137042	0.0615272
1008	0.127449	0.0615637
1008.5	0.116325	0.0615896
1009	0.13769	0.0616286
1009.5	0.112703	0.0616534
1010	0.129507	0.0616862
1010.5	0.0947167	0.0617026
1011	0.105344	0.0617253
1011.5	0.198887	0.06179
1012	0.117335	0.0618159
1012.5	0.134827	0.0618582
1013	0	0.0618582
1013.5	0	0.0618582
1014	0	0.0618582
1014.5	0	0.0618582
1015	0	0.0618582
1015.5	0	0.0618582
1016	0	0.0618582
1016.5	0	0.0618582
1017	0	0.0618582
1017.5	0	0.0618582
1018	0	0.0618582
1018.5	0	0.0618582
1019	0	0.0618582
1019.5	0	0.0618582
1020	0.00420502	0.061433
1020.5	0.127501	0.0614651
1021	0.127413	0.0614972
1021.5	0.127431	0.0615332
1022	0.127428	0.0615652
1022.5	0.127423	0.0615972
1023	0.127573	0.0616292
1023.5	0.126603	0.0616609
1024	0.121586	0.0616914
1024.5	0.128293	0.0617234
1025	0.134435	0.0617568
1025.5	0.127766	0.0617927
1026	0.116742	0.0618145
1026.5	0.133964	0.0618394
1027	0	0.0618394
1027.5	0	0.0618394
1028	0	0.0618394
1028.5	0	0.0618394
1029	0.00286064	0.0616809
1029.5	0.130576	0.0617133
1030	0.12749	0.0617331
1030.5	0	0.0617331
1031	0	0.0617331
1031.5	0	0.0617331
1032	0	0.0617331
1032.5	0	0.0617331
1033	0	0.0617331
1033.5	0	0.0617331
1034	0	0.0617331
1034.5	0	0.0617331
1035	0	0.0617331
1035.5	0	0.0617331
1036	0	0.0617331
1036.5	0	0.0617331
1037	0.00655889	0.0613483
1037.5	0.13241	0.061381
1038	0.126658	0.0614124
1038.5	0.124673	0.0614472
1039	0.127415	0.0614708
1039.5	0	0.0614708
1040	0	0.0614708
1040.5	0	0.0614708
1041	0	0.0614708
1041.5	0	0.0614708
1042	0	0.0614708
1042.5	0	0.0614708
1043	0	0.0614708
1043.5	0	0.0614708
1044	0.0122132	0.0612264
1044.5	0.12624	0.0612576
1045	0.127766	0.0612655
1045.5	0.0715546	0.0612742
1046	0.128138	0.0613058
1046.5	0.127434	0.0613371
1047	0.117676	0.0613624
1047.5	0.127449	0.0613977
1048	0.127449	0.061429
1048.5	0.0329569	0.0614159
1049	0.128502	0.0614474
1049.5	0.127449	0.0614786
1050	0.127272	0.0615136
1050.5	0.124183	0.0615402
1051	0.129612	0.0615758
1051.5	0.122622	0.061602
1052	0.123416	0.0616321
1052.5	0.129445	0.0616636
1053	0.13273	0.0616958
1053.5	0.121265	0.061729
1054	0.126387	0.0617597
1054.5	0.0927134	0.0617722
1055	0.12651	0.0618029
1055.5	0.158094	0.061853
1056	0.123249	0.0618829
1056.5	0	0.0618829
1057	0	0.0618829
1057.5	0	0.0618829
1058	0	0.0618829
1058.5	0	0.0618829
1059	0.0077421	0.0617263
1059.5	0.127449	0.061757
1060	0.127449	0.0617878
1060.5	0.127449	0.0618185
1061	0.127449	0.0618492
1061.5	0.127449	0.0618799
1062	0.125218	0.06191
1062.5	0.124478	0.0619399
1063	0.131837	0.0619636
1063.5	0	0.0619636
1064	0	0.0619636
1064.5	0	0.0619636
1065	0	0.0619636
1065.5	0.00585964	0.0618215
1066	0.127377	0.0618521
1066.5	0.127392	0.0618826
1067	0	0.0618826
1067.5	0	0.0618826
1068	0	0.0618826
1068.5	0	0.0618826
1069	0	0.0618826
1069.5	0	0.0618826
1070	0	0.0618826
1070.5	0	0.0618826
1071	0	0.0618826
1071.5	0	0.0618826
1072	0.00998215	0.0616142
1072.5	0.127315	0.0616294
1073	0	0.0616294
1073.5	0	0.0616294
1074	0	0.0616294
1074.5	0	0.0616294
1075	0	0.0616294
1075.5	0.010101	0.0614794
1076	0	0.0614794
1076.5	0	0.0614794
1077	0	0.0614794
1077.5	0	0.0614794
1078	0	0.0614794
1078.5	0	0.0614794
1079	0	0.0614794
1079.5	0	0.0614794
1080	0	0.0614794
1080.5	0	0.0614794
1081	0	0.0614794
1081.5	0	0.0614794
1082	0	0.0614794
1082.5	0	0.0614794
1083	0	0.0614794
1083.5	0	0.0614794
1084	0	0.0614794
1084.5	0	0.0614794
1085	0.00244054	0.0609506
1085.5	0.130416	0.0609817
1086	0.127665	0.0610121
1086.5	0.0991252	0.0610177
1087	0	0.0610177
1087.5	0	0.0610177
1088	0.00972076	0.060941
1088.5	0.021197	0.0609138
1089	0.125842	0.0609437
1089.5	0.127169	0.0609739
1090	0.127054	0.0610041
1090.5	0.129531	0.0610386
1091	0.127283	0.0610688
1091.5	0.127147	0.0610989
1092	0.127919	0.0611292
1092.5	0.127449	0.0611593
1093	0.127449	0.0611894
1093.5	0.127449	0.0612232
1094	0.127449	0.0612532
1094.5	0.127449	0.061257
1095	0	0.061257
1095.5	0	0.061257
1096	0	0.061257
1096.5	0.0196431	0.0611653
1097	0.105833	0.0611684
1097.5	0	0.0611684
1098	0	0.0611684
1098.5	0	0.0611684
1099	0	0.0611684
1099.5	0	0.0611684
1100	0	0.0611684
1100.5	0.00987521	0.0609819
1101	0.130723	0.0610125
1101.5	0.130487	0.0610431
1102	0.117152	0.0610706
1102.5	0.101549	0.0610877
1103	0.070071	0.0610914
1103.5	0.121692	0.0611021
1104	0	0.0611021
1104.5	0	0.0611021
1105	0	0.0611021
1105.5	0	0.0611021
1106	0	0.0611021
1106.5	0	0.0611021
1107	0	0.0611021
1107.5	0	0.0611021
1108	0	0.0611021
1108.5	0	0.0611021
1109	0	0.0611021
1109.5	0	0.0611021
1110	0.00686966	0.0607648
1110.5	0.127449	0.0607983
1111	0.127406	0.0608281
1111.5	0.127493	0.0608578
1112	0.127297	0.0608875
1112.5	0.127623	0.0609135
1113	0	0.0609135
1113.5	0	0.0609135
1114	0	0.0609135
1114.5	0	0.0609135
1115	0	0.0609135
1115.5	0	0.0609135
1116	0	0.0609135
1116.5	0	0.0609135
1117	0	0.0609135
1117.5	0.0108266	0.0606845
1118	0.142354	0.060721
1118.5	0.130729	0.0607513
1119	0.127823	0.060755
1119.5	0	0.060755
1120	0	0.060755
1120.5	0	0.060755
1121	0	0.060755
1121.5	0	0.060755
1122	0	0.060755
1122.5	0	0.060755
1123	0	0.060755
1123.5	0.00158126	0.0604917
1124	0.127947	0.0605214
1124.5	0.127459	0.0605509
1125	0.130759	0.0605849
1125.5	0.126856	0.0606142
1126	0.127485	0.0606437
1126.5	0.127459	0.0606731
1127	0.127408	0.0607025
1127.5	0.120923	0.0607304
1128	0.124967	0.0607592
1128.5	0.12906	0.0607888
1129	0.135873	0.0608198
1129.5	0.117575	0.0608468
1130	0.122451	0.0608714
1130.5	0.134975	0.0609098
1131	0.08105	0.0609185
1131.5	0.153774	0.0609564
1132	0.114493	0.060976
1132.5	0.11226	0.0610047
1133	0.158078	0.0610475
1133.5	0.123551	0.0610758
1134	0	0.0610758
1134.5	0	0.0610758
1135	0	0.0610758
1135.5	0	0.0610758
1136	0.00943349	0.0609615
1136.5	0.149088	0.0609862
1137	0	0.0609862
1137.5	0	0.0609862
1138	0	0.0609862
1138.5	0.0181328	0.0609042
1139	0.127693	0.0609332
1139.5	0.127211	0.0609621
1140	0.127021	0.0609945
1140.5	0.127307	0.0610234
1141	0.128098	0.0610524
1141.5	0.128486	0.0610815
1142	0.127449	0.0611103
1142.5	0.123826	0.0611383
1143	0.130744	0.0611678
1143.5	0.110058	0.0611893
1144	0.126392	0.0612178
1144.5	0.120623	0.061245
1145	0.10807	0.0612659
1145.5	0.150237	0.0613068
1146	0.154885	0.0613359
1146.5	0	0.0613359
1147	0	0.0613359
1147.5	0.0285355	0.0612884
1148	0.124003	0.0613128
1148.5	0.127421	0.0613449
1149	0.130739	0.0613741
1149.5	0.12675	0.0614025
1150	0.119941	0.0614293
1150.5	0.12638	0.0614575
1151	0.136455	0.0614877
1151.5	0.102428	0.0615042
1152	0.124196	0.0615353
1152.5	0.126547	0.0615635
1153	0.154043	0.0616047
1153.5	0.128707	0.0616332
1154	0.126414	0.0616613
1154.5	0.127444	0.0616896
1155	0.130126	0.0617183
1155.5	0.127449	0.061736
1156	0	0.061736
1156.5	0	0.061736
1157	0	0.061736
1157.5	0	0.061736
1158	0	0.061736
1158.5	0	0.061736
1159	0	0.061736
1159.5	0.0129497	0.0615563
1160	0.127563	0.0615845
1160.5	0.127475	0.0616126
1161	0.128202	0.0616409
1161.5	0.125729	0.0616686
1162	0.127568	0.0616967
1162.5	0.0469497	0.0616903
1163	0.126671	0.0617182
1163.5	0.124978	0.0617457
1164	0.129484	0.0617777
1164.5	0.128507	0.0618059
1165	0.127449	0.0618338
1165.5	0.127449	0.0618617
1166	0.127449	0.0618826
1166.5	0.0187491	0.0618671
1167	0	0.0618671
1167.5	0	0.0618671
1168	0	0.0618671
1168.5	0	0.0618671
1169	0	0.0618671
1169.5	0	0.0618671
1170	0	0.0618671
1170.5	0	0.0618671
1171	0	0.0618671
1171.5	0.010663	0.0616404
1172	0.119049	0.0616696
1172.5	0.0627236	0.06167
1173	0.1214	0.0616998
1173.5	0.176635	0.0617129
1174	0.0187035	0.061682
1174.5	0.122892	0.0617121
1175	0.127485	0.0617399
1175.5	0.124118	0.0617635
1176	0.135475	0.0617964
1176.5	0.120108	0.0618225
1177	0.136364	0.0618518
1177.5	0.117732	0.0618773
1178	0.123149	0.061904
1178.5	0.140157	0.061934
1179	0.0926589	0.0619473
1179.5	0.110768	0.0619679
1180	0.0877441	0.0619778
1180.5	0.152554	0.0620255
1181	0.0721089	0.0620292
1181.5	0.151777	0.0620727
1182	0.133067	0.0621012
1182.5	0	0.0621012
1183	0	0.0621012
1183.5	0	0.0621012
1184	0	0.0621012
1184.5	0	0.0621012
1185	0	0.0621012
1185.5	0	0.0621012
1186	0	0.0621012
1186.5	0	0.0621012
1187	0	0.0621012
1187.5	0	0.0621012
1188	0	0.0621012
1188.5	0	0.0621012
1189	0	0.0621012
1189.5	0	0.0621012
1190	0.00196503	0.0616949
1190.5	0.127449	0.0617223
1191	0.124519	0.0617491
1191.5	0.130172	0.0617804
1192	0.124672	0.0618072
1192.5	0.127459	0.0618345
1193	0.127382	0.0618617
1193.5	0.127361	0.061889
1194	0.130504	0.0619168
1194.5	0.127449	0.061944
1195	0.127449	0.0619746
1195.5	0.127449	0.0619983
1196	0	0.0619983
1196.5	0	0.0619983
1197	0	0.0619983
1197.5	0	0.0619983
1198	0	0.0619983
1198.5	0	0.0619983
1199	0	0.0619983
1199.5	0	0.0619983
1200	0	0.0619983
1200.5	0	0.0619983
1201	0	0.0619983
1201.5	0	0.0619983
1202	0	0.0619983
1202.5	0	0.0619983
1203	0.00311558	0.0616261
1203.5	0.127584	0.0616532
1204	0.127318	0.0616735
1204.5	0	0.0616735
1205	0	0.0616735
1205.5	0	0.0616735
1206	0	0.0616735
1206.5	0.00904449	0.0615592
1207	0.132224	0.0615907
1207.5	0.135175	0.0616121
1208	0.0240483	0.0615916
1208.5	0.127433	0.0616186
1209	0.125766	0.0616453
1209.5	0.128839	0.0616691
1210	0	0.0616691
1210.5	0	0.0616691
1211	0	0.0616691
1211.5	0	0.0616691
1212	0	0.0616691
1212.5	0	0.0616691
1213	0	0.0616691
1213.5	0	0.0616691
1214	0	0.0616691
1214.5	0	0.0616691
1215	0	0.0616691
1215.5	0	0.0616691
1216	0	0.0616691
1216.5	0	0.0616691
1217	0.00724864	0.0613281
1217.5	0.150814	0.0613666
1218	0.0948811	0.0613803
1218.5	0.161113	0.0614204
1219	0.120609	0.0614459
1219.5	0.132905	0.0614737
1220	0.117912	0.0614985
1220.5	0.113403	0.0615193
1221	0.152104	0.0615539
1221.5	0.123407	0.0615798
1222	0.129499	0.0616104
1222.5	0.128434	0.0616372
1223	0.05006	0.0616328
1223.5	0.127542	0.0616595
1224	0.127125	0.0616794
1224.5	0	0.0616794
1225	0.00671002	0.0616266
1225.5	0.12747	0.0616532
1226	0.127459	0.0616798
1226.5	0.128511	0.0617066
1227	0.12747	0.0617332
1227.5	0.127387	0.0617597
1228	0.127518	0.0617895
1228.5	0.127382	0.061816
1229	0.127501	0.0618425
1229.5	0.127294	0.0618557
1230	0	0.0618557
1230.5	0	0.0618557
1231	0	0.0618557
1231.5	0	0.0618557
1232	0	0.0618557
1232.5	0	0.0618557
1233	0.0126899	0.0617068
1233.5	0.127158	0.0617365
1234	0.127778	0.0617629
1234.5	0.127449	0.0617893
1235	0.124067	0.0618118
1235.5	0.124784	0.0618408
1236	0.130625	0.0618677
1236.5	0.130525	0.0618946
1237	0.127449	0.0618979
1237.5	0	0.0618979
1238	0	0.0618979
1238.5	0	0.0618979
1239	0	0.0618979
1239.5	0.0106198	0.0617748
1240	0.121492	0.0617999
1240.5	0.130587	0.0618267
1241	0.127516	0.0618529
1241.5	0.130621	0.0618831
1242	0.127408	0.0619092
1242.5	0.127371	0.0619354
1243	0.126889	0.0619614
1243.5	0.128425	0.0619877
1244	0.126807	0.0620136
1244.5	0.127428	0.0620397
1245	0.128044	0.0620691
1245.5	0.127449	0.0620951
1246	0.127449	0.0621211
1246.5	0.127449	0.0621471
1247	0.127449	0.0621731
1247.5	0.126442	0.0621988
1248	0.128473	0.0622249
1248.5	0.127449	0.0622508
1249	0.126996	0.0622766
1249.5	0.12628	0.0623054
1250	0.127485	0.0623313
1250.5	0.127973	0.0623539
1251	0.116246	0.0623744
1251.5	0.134749	0.0624083
1252	0.130948	0.0624347
1252.5	0.127449	0.0624605
1253	0.127449	0.0624894
1253.5	0.127449	0.0625151
1254	0.127449	0.0625407
1254.5	0.125396	0.062566
1255	0.12433	0.062591
1255.5	0.130718	0.0626172
1256	0.124836	0.0626423
1256.5	0.127744	0.0626679
1257	0.124399	0.0626928
1257.5	0.124595	0.0627178
1258	0.143406	0.0627319
1258.5	0	0.0627319
1259	0	0.0627319
1259.5	0	0.0627319
1260	0	0.0627319
1260.5	0	0.0627319
1261	0	0.0627319
1261.5	0	0.0627319
1262	0	0.0627319
1262.5	0.00986167	0.0625307
1263	0.105242	0.0625485
1263.5	0.138807	0.0625794
1264	0.136037	0.0626064
1264.5	0.132458	0.062636
1265	0.116053	0.0626561
1265.5	0.119245	0.0626769
1266	0.135755	0.0627071
1266.5	0.112751	0.0627292
1267	0.139791	0.0627567
1267.5	0.129599	0.0627856
1268	0.113161	0.062805
1268.5	0.142218	0.0628363
1269	0.129279	0.0628619
1269.5	0.100783	0.0628783
1270	0.133095	0.0629045
1270.5	0.139748	0.0629318
1271	0.138693	0.0629624
1271.5	0.115163	0.0629849
1272	0.120652	0.0630086
1272.5	0.126176	0.0630304
1273	0.124034	0.0630578
1273.5	0.162196	0.0630919
1274	0.120331	0.0631155
1274.5	0.104899	0.0631328
1275	0.127449	0.0631578
1275.5	0.127449	0.0631828
1276	0.127449	0.0632077
1276.5	0.127449	0.0632327
1277	0.127449	0.0632514
1277.5	0	0.0632514
1278	0.0532536	0.0632421
1278.5	0.126367	0.0632668
1279	0.132998	0.0632927
1279.5	0.098206	0.0633036
1280	0	0.0633036
1280.5	0	0.0633036
1281	0	0.0633036
1281.5	0	0.0633036
1282	0	0.0633036
1282.5	0	0.0633036
1283	0	0.0633036
1283.5	0	0.0633036
1284	0	0.0633036
1284.5	0	0.0633036
1285	0	0.0633036
1285.5	0	0.0633036
1286	0	0.0633036
1286.5	0	0.0633036
1287	0	0.0633036
1287.5	0	0.0633036
1288	0	0.0633036
1288.5	0	0.0633036
1289	0	0.0633036
1289.5	0	0.0633036
1290	0	0.0633036
1290.5	0.00141233	0.0627675
1291	0.129609	0.0627927
1291.5	0.127449	0.0628175
1292	0.127449	0.0628454
1292.5	0.127449	0.0628701
1293	0.127449	0.0628949
1293.5	0.127449	0.0629196
1294	0.127449	0.0629351
1294.5	0	0.0629351
1295	0	0.0629351
1295.5	0	0.0629351
1296	0	0.0629351
1296.5	0	0.0629351
1297	0	0.0629351
1297.5	0	0.0629351
1298	0.00745775	0.0627541
1298.5	0.127449	0.0627788
1299	0.127449	0.0628035
1299.5	0.127449	0.0628281
1300	0.127449	0.0628527
1300.5	0.127449	0.0628774
1301	0.127449	0.062902
1301.5	0.127449	0.0629296
1302	0.127449	0.0629542
1302.5	0.127449	0.0629787
1303	0.127449	0.0630032
1303.5	0.124839	0.0630272
1304	0.127506	0.0630517
1304.5	0.127166	0.0630761
1305	0.129344	0.0631009
1305.5	0.0719298	0.0631046
1306	0.142368	0.0631349
1306.5	0.123528	0.0631585
1307	0.174904	0.0631971
1307.5	0.136183	0.063223
1308	0.126527	0.0632502
1308.5	0.105515	0.0632671
1309	0.0983666	0.0632779
1309.5	0.102366	0.0632917
1310	0	0.0632917
1310.5	0	0.0632917
1311	0	0.0632917
1311.5	0	0.0632917
1312	0	0.0632917
1312.5	0	0.0632917
1313	0	0.0632917
1313.5	0	0.0632917
1314	0	0.0632917
1314.5	0	0.0632917
1315	0	0.0632917
1315.5	0	0.0632917
1316	0	0.0632917
1316.5	0	0.0632917
1317	0.00312869	0.0629459
1317.5	0.0890404	0.0629582
1318	0.152309	0.0629863
1318.5	0.103681	0.0630051
1319	0.119622	0.0630249
1319.5	0.147132	0.0630591
1320	0.187409	0.0631028
1320.5	0	0.0631028
1321	0	0.0631028
1321.5	0.0358672	0.063071
1322	0.127449	0.0630951
1322.5	0.127449	0.0631192
1323	0.127449	0.0631433
1323.5	0.127449	0.0631674
1324	0.127449	0.0631915
1324.5	0.127449	0.0632185
1325	0.127449	0.0632245
1325.5	0.0564229	0.0632202
1326	0.126522	0.063244
1326.5	0.114342	0.0632653
1327	0.14401	0.0632853
1327.5	0	0.0632853
1328	0.0136117	0.0632419
1328.5	0.0852548	0.0632496
1329	0.173579	0.0632911
1329.5	0.108035	0.0632985
1330	0	0.0632985
1330.5	0	0.0632985
1331	0	0.0632985
1331.5	0	0.0632985
1332	0	0.0632985
1332.5	0	0.0632985
1333	0	0.0632985
1333.5	0	0.0632985
1334	0	0.0632985
1334.5	0.0073981	0.0630751
1335	0.130279	0.0631025
1335.5	0.127454	0.0631264
1336	0.126345	0.06315
1336.5	0.127485	0.0631739
1337	0.127516	0.0631977
1337.5	0.130455	0.063222
1338	0.127449	0.0632458
1338.5	0.127449	0.0632726
1339	0.127385	0.0632963
1339.5	0.100756	0.0633029
1340	0.0969801	0.0633213
1340.5	0.179898	0.0633594
1341	0.125492	0.0633827
1341.5	0.135458	0.0634109
1342	0.12949	0.0634379
1342.5	0.110266	0.0634554
1343	0.131233	0.0634827
1343.5	0.126499	0.0635061
1344	0.144341	0.0635357
1344.5	0.127449	0.0635593
1345	0.127449	0.0635828
1345.5	0.122404	0.0636054
1346	0.127563	0.0636289
1346.5	0.127408	0.0636465
1347	0	0.0636465
1347.5	0	0.0636465
1348	0.0144553	0.0635867
1348.5	0.127449	0.0636102
1349	0.127449	0.0636336
1349.5	0.127449	0.06366
1350	0.127449	0.0636834
1350.5	0.127449	0.0637068
1351	0.127177	0.0637301
1351.5	0.127428	0.0637535
1352	0.127496	0.0637768
1352.5	0.127413	0.0638001
1353	0.12749	0.0638234
1353.5	0.127467	0.0638497
1354	0.127449	0.0638729
1354.5	0.127511	0.0638962
1355	0.124251	0.0639188
1355.5	0.13075	0.0639426
1356	0.121374	0.0639647
1356.5	0.132264	0.0639887
1357	0.12944	0.0640122
1357.5	0.127449	0.0640383
1358	0.127449	0.0640614
1358.5	0.124402	0.0640839
1359	0.127485	0.064107
1359.5	0.127511	0.0641301
1360	0.122641	0.0641523
1360.5	0.125662	0.0641722
1361	0.116439	0.0641904
1361.5	0.0882513	0.0641999
1362	0.142254	0.0642285
1362.5	0.126206	0.0642512
1363	0.146729	0.0642838
1363.5	0.14021	0.0643089
1364	0.0694809	0.0643102
1364.5	0	0.0643102
1365	0	0.0643102
1365.5	0	0.0643102
1366	0.013903	0.0642264
1366.5	0.137215	0.0642479
1367	0.129942	0.0642741
1367.5	0.127449	0.0642999
1368	0.127449	0.0643228
1368.5	0.127449	0.0643456
1369	0.126333	0.0643682
1369.5	0.127439	0.0643911
1370	0.127428	0.0644139
1370.5	0.12749	0.0644366
1371	0.127423	0.0644594
1371.5	0.127418	0.0644822
1372	0.127523	0.0645077
1372.5	0.127346	0.0645304
1373	0.128654	0.0645534
1373.5	0.127449	0.064576
1374	0.127449	0.0645987
1374.5	0.127449	0.0646214
1375	0.127449	0.064644
1375.5	0.127449	0.0646694
1376	0.127449	0.0646779
1376.5	0	0.0646779
1377	0	0.0646779
1377.5	0	0.0646779
1378	0.0171947	0.0645988
1378.5	0.127449	0.0646214
1379	0.127449	0.064644
1379.5	0.127449	0.0646553
1380	0	0.0646553
1380.5	0	0.0646553
1381	0	0.0646553
1381.5	0	0.0646553
1382	0	0.0646553
1382.5	0	0.0646553
1383	0	0.0646553
1383.5	0	0.0646553
1384	0	0.0646553
1384.5	0	0.0646553
1385	0	0.0646553
1385.5	0	0.0646553
1386	0	0.0646553
1386.5	0	0.0646553
1387	0	0.0646553
1387.5	0	0.0646553
1388	0	0.0646553
1388.5	0.00675431	0.0642655
1389	0.127449	0.0642881
1389.5	0.127449	0.0643106
1390	0.123137	0.0643323
1390.5	0.12302	0.0643539
1391	0.121604	0.0643726
1391.5	0.126349	0.0643977
1392	0.145302	0.0644229
1392.5	0	0.0644229
1393	0	0.0644229
1393.5	0.0310107	0.0643863
1394	0.127449	0.0644087
1394.5	0.126794	0.0644254
1395	0	0.0644254
1395.5	0	0.0644254
1396	0	0.0644254
1396.5	0	0.0644254
1397	0	0.0644254
1397.5	0	0.0644254
1398	0	0.0644254
1398.5	0	0.0644254
1399	0	0.0644254
1399.5	0.00454833	0.0642027
1400	0.127449	0.0642251
1400.5	0.125454	0.0642471
1401	0.127393	0.0642695
1401.5	0.127614	0.0642918
1402	0.127392	0.0643141
1402.5	0.116615	0.0643343
1403	0.122382	0.064353
1403.5	0.143753	0.064384
1404	0.127814	0.0644063
1404.5	0.127449	0.0644286
1405	0.127449	0.0644508
1405.5	0.127449	0.064473
1406	0.127449	0.0644952
1406.5	0.127449	0.0645201
1407	0.127449	0.0645312
1407.5	0	0.0645312
1408	0	0.0645312
1408.5	0	0.0645312
1409	0	0.0645312
1409.5	0	0.0645312
1410	0	0.0645312
1410.5	0	0.0645312
1411	0	0.0645312
1411.5	0	0.0645312
1412	0	0.0645312
1412.5	0.00146384	0.0642905
1413	0.0467169	0.06428
1413.5	0.127435	0.0643049
1414	0.12749	0.064327
1414.5	0.127439	0.0643491
1415	0.127439	0.0643712
1415.5	0.12749	0.0643932
1416	0.127387	0.0644153
1416.5	0.12747	0.0644373
1417	0.0932699	0.0644477
1417.5	0.128889	0.0644671
1418	0	0.0644671
1418.5	0	0.0644671
1419	0	0.0644671
1419.5	0.00768239	0.064385
1420	0.112634	0.064404
1420.5	0.153232	0.064433
1421	0	0.064433
1421.5	0	0.064433
1422	0	0.064433
1422.5	0	0.064433
1423	0	0.064433
1423.5	0.0206756	0.0643391
1424	0.125119	0.0643607
1424.5	0.127537	0.0643826
1425	0.127413	0.0644045
1425.5	0.107125	0.06442
1426	0.129786	0.0644311
1426.5	0.0670949	0.0644325
1427	0.121388	0.0644558
1427.5	0.174982	0.0644907
1428	0.107885	0.0645063
1428.5	0.190991	0.0645538
1429	0.132764	0.0645765
1429.5	0.123095	0.0645975
1430	0.132305	0.0646201
1430.5	0.125771	0.0646415
1431	0.129381	0.0646664
1431.5	0.129444	0.0646802
1432	0.113672	0.0647039
1432.5	0.152459	0.0647293
1433	0.118678	0.0647518
1433.5	0.110408	0.0647677
1434	0.110672	0.0647837
1434.5	0.119578	0.0648013
1435	0.103218	0.0648157
1435.5	0.0970668	0.0648266
1436	0.139017	0.064853
1436.5	0.126353	0.0648744
1437	0.144037	0.0648985
1437.5	0.140789	0.0649281
1438	0.150455	0.0649593
1438.5	0.166232	0.0649927
1439	0.0926597	0.064996
1439.5	0	0.064996
1440	0	0.064996
1440.5	0	0.064996
1441	0.0101577	0.0649073
1441.5	0.117911	0.0649172
1442	0	0.0649172
1442.5	0	0.0649172
1443	0	0.0649172
1443.5	0	0.0649172
1444	0	0.0649172
1444.5	0	0.0649172
1445	0	0.0649172
1445.5	0	0.0649172
1446	0	0.0649172
1446.5	0	0.0649172
1447	0	0.0649172
1447.5	0.00374287	0.0646499
1448	0.165897	0.0646765
1448.5	0	0.0646765
1449	0.0366431	0.0646557
1449.5	0.120468	0.0646759
1450	0.135469	0.0647015
1450.5	0.120108	0.0647215
1451	0.116405	0.0647384
1451.5	0.0649082	0.0647385
1452	0.0736291	0.0647418
1452.5	0.0664548	0.0647422
1453	0.126854	0.0647688
1453.5	0.123306	0.0647894
1454	0.157838	0.0648214
1454.5	0.184399	0.0648636
1455	0.13025	0.0648854
1455.5	0.124396	0.0649061
1456	0.131919	0.0649309
1456.5	0.0995056	0.0649422
1457	0.142057	0.0649686
1457.5	0.138698	0.0649945
1458	0.105483	0.0650091
1458.5	0.108108	0.065022
1459	0.165505	0.0650581
1459.5	0.123265	0.0650785
1460	0.117906	0.0650979
1460.5	0.119913	0.0651102
1461	0.111851	0.0651305
1461.5	0.0739636	0.0651331
1462	0	0.0651331
1462.5	0.0720112	0.0651383
1463	0.128653	0.0651596
1463.5	0.129794	0.0651649
1464	0	0.0651649
1464.5	0	0.0651649
1465	0	0.0651649
1465.5	0	0.0651649
1466	0	0.0651649
1466.5	0	0.0651649
1467	0	0.0651649
1467.5	0	0.0651649
1468	0	0.0651649
1468.5	0	0.0651649
1469	0	0.0651649
1469.5	0	0.0651649
1470	0	0.0651649
1470.5	0	0.0651649
1471	0	0.0651649
1471.5	0	0.0651649
1472	0	0.0651649
1472.5	0	0.0651649
1473	0	0.0651649
1473.5	0.000752791	0.0647069
1474	0.134096	0.0647097
1474.5	0	0.0647097
1475	0	0.0647097
1475.5	0	0.0647097
1476	0	0.0647097
1476.5	0	0.0647097
1477	0	0.0647097
1477.5	0	0.0647097
1478	0	0.0647097
1478.5	0	0.0647097
1479	0	0.0647097
1479.5	0	0.0647097
1480	0	0.0647097
1480.5	0	0.0647097
1481	0	0.0647097
1481.5	0	0.0647097
1482	0	0.0647097
1482.5	0.00438318	0.0643435
1483	0.126251	0.0643644
1483.5	0.16166	0.0643964
1484	0.11041	0.0644119
1484.5	0.141492	0.0644379
1485	0.136094	0.0644491
1485.5	0	0.0644491
1486	0	0.0644491
1486.5	0.013568	0.0643894
1487	0.134872	0.0644144
1487.5	0.129113	0.0644356
1488	0.127449	0.0644566
1488.5	0.127449	0.0644802
1489	0.127449	0.0645011
1489.5	0.127449	0.0645116
1490	0	0.0645116
1490.5	0.0498701	0.0644991
1491	0.127402	0.06452
1491.5	0.127361	0.0645409
1492	0.127465	0.0645618
1492.5	0.12748	0.0645827
1493	0.126884	0.0646034
1493.5	0.127408	0.0646164
1494	0	0.0646164
1494.5	0	0.0646164
1495	0	0.0646164
1495.5	0	0.0646164
1496	0	0.0646164
1496.5	0	0.0646164
1497	0	0.0646164
1497.5	0	0.0646164
1498	0.00167689	0.0644188
1498.5	0.126727	0.0644421
1499	0.127408	0.0644629
1499.5	0.128524	0.0644839
1500	0.127449	0.0645046
1500.5	0.127449	0.0645254
1501	0.127449	0.0645462
1501.5	0.0475556	0.0645405
1502	0.127449	0.0645613
1502.5	0.127449	0.0645846
1503	0.127449	0.0645872
1503.5	0	0.0645872
1504	0	0.0645872
1504.5	0	0.0645872
1505	0	0.0645872
1505.5	0	0.0645872
1506	0	0.0645872
1506.5	0	0.0645872
1507	0	0.0645872
1507.5	0	0.0645872
1508	0	0.0645872
1508.5	0	0.0645872
1509	0	0.0645872
1509.5	0	0.0645872
1510	0	0.0645872
1510.5	0	0.0645872
1511	0	0.0645872
1511.5	0.000877113	0.0642082
1512	0.127315	0.0642288
1512.5	0.129128	0.0642498
1513	0.127449	0.0642705
1513.5	0.127449	0.0642912
1514	0.127449	0.0643118
1514.5	0.127365	0.0643324
1515	0.127449	0.0643531
1515.5	0.127119	0.0643556
1516	0	0.0643556
1516.5	0	0.0643556
1517	0	0.0643556
1517.5	0	0.0643556
1518	0	0.0643556
1518.5	0	0.0643556
1519	0	0.0643556
1519.5	0	0.0643556
1520	0	0.0643556
1520.5	0	0.0643556
1521	0	0.0643556
1521.5	0	0.0643556
1522	0	0.0643556
1522.5	0	0.0643556
1523	0	0.0643556
1523.5	0.000924002	0.0640003
1524	0.0972061	0.0640109
1524.5	0.161925	0.064014
1525	0	0.064014
1525.5	0.0132048	0.0639742
1526	0	0.0639742
1526.5	0	0.0639742
1527	0	0.0639742
1527.5	0	0.0639742
1528	0	0.0639742
1528.5	0.00958349	0.0638571
1529	0.0810659	0.0638625
1529.5	0.162225	0.0638907
1530	0.077214	0.0638951
1530.5	0.107852	0.0639056
1531	0.0864685	0.0639137
1531.5	0.0270305	0.0638996
1532	0.0135176	0.0638804
1532.5	0.116476	0.0638967
1533	0.0485841	0.0638919
1533.5	0.0863103	0.0638999
1534	0.113237	0.0639155
1534.5	0.128741	0.0639311
1535	0	0.0639311
1535.5	0	0.0639311
1536	0	0.0639311
1536.5	0	0.0639311
1537	0.00296486	0.0638256
1537.5	0.127449	0.0638332
1538	0	0.0638332
1538.5	0.0364328	0.0638101
1539	0.127449	0.0638306
1539.5	0.127449	0.0638536
1540	0.127449	0.063874
1540.5	0.127449	0.0638945
1541	0.127449	0.0639149
1541.5	0.125478	0.063935
1542	0.127537	0.0639554
1542.5	0.126327	0.0639756
1543	0.128517	0.0639961
1543.5	0.127408	0.0640164
1544	0.12744	0.0640393
1544.5	0.12747	0.0640596
1545	0.127501	0.06408
1545.5	0.127444	0.0641003
1546	0.127402	0.0641205
1546.5	0.128264	0.0641409
1547	0.127377	0.0641612
1547.5	0.127584	0.0641815
1548	0.126907	0.0642041
1548.5	0.129233	0.0642246
1549	0.126136	0.0642446
1549.5	0.12879	0.064265
1550	0.127449	0.0642852
1550.5	0.127449	0.0643054
1551	0.127449	0.0643255
1551.5	0.127378	0.0643482
1552	0.127399	0.0643607
1552.5	0	0.0643607
1553	0.0396532	0.0643417
1553.5	0.127428	0.0643619
1554	0.130237	0.0643824
1554.5	0.127072	0.0644024
1555	0.107456	0.0644166
1555.5	0.122347	0.0644358
1556	0.113598	0.0644512
1556.5	0.0763051	0.0644543
1557	0.0690026	0.064456
1557.5	0.0572764	0.0644541
1558	0.071999	0.0644568
1558.5	0.069433	0.0644578
1559	0.0522358	0.0644519
1559.5	0.113269	0.0644672
1560	0.179161	0.0644834
1560.5	0	0.0644834
1561	0	0.0644834
1561.5	0	0.0644834
1562	0	0.0644834
1562.5	0	0.0644834
1563	0	0.0644834
1563.5	0	0.0644834
1564	0	0.0644834
1564.5	0	0.0644834
1565	0.0119066	0.0643054
1565.5	0.125875	0.0643251
1566	0.121591	0.064344
1566.5	0.133986	0.064365
1567	0.115853	0.0643739
1567.5	0.0742849	0.0643786
1568	0.127222	0.0643985
1568.5	0.126406	0.064401
1569	0	0.064401
1569.5	0	0.064401
1570	0	0.064401
1570.5	0.0252585	0.0643387
1571	0.126577	0.0643585
1571.5	0.127522	0.0643783
1572	0.127511	0.0643982
1572.5	0.127459	0.0644181
1573	0.127377	0.0644379
1573.5	0.127371	0.0644577
1574	0	0.0644577
1574.5	0	0.0644577
1575	0	0.0644577
1575.5	0	0.0644577
1576	0	0.0644577
1576.5	0	0.0644577
1577	0.0156477	0.0643485
1577.5	0.127449	0.0643683
1578	0.127449	0.0643881
1578.5	0.125673	0.0644076
1579	0.127437	0.0644273
1579.5	0	0.0644273
1580	0	0.0644273
1580.5	0.0155639	0.0643804
1581	0.109326	0.0643947
1581.5	0.119499	0.0644131
1582	0.0925277	0.0644222
1582.5	0.13972	0.0644437
1583	0.0862435	0.0644512
1583.5	0.34167	0.0644876
1584	0	0.0644876
1584.5	0	0.0644876
1585	0	0.0644876
1585.5	0	0.0644876
1586	0.0140337	0.0643982
1586.5	0.127449	0.0644179
1587	0.127449	0.0644376
1587.5	0.127449	0.0644474
1588	0	0.0644474
1588.5	0	0.0644474
1589	0	0.0644474
1589.5	0	0.0644474
1590	0	0.0644474
1590.5	0	0.0644474
1591	0	0.0644474
1591.5	0	0.0644474
1592	0	0.0644474
1592.5	0	0.0644474
1593	0	0.0644474
1593.5	0	0.0644474
1594	0.00927522	0.064212
1594.5	0.127449	0.0642267
1595	0	0.0642267
1595.5	0	0.0642267
1596	0	0.0642267
1596.5	0	0.0642267
1597	0	0.0642267
1597.5	0	0.0642267
1598	0	0.0642267
1598.5	0.0114391	0.0640901
1599	0.123955	0.0641092
1599.5	0.127336	0.0641288
1600	0.131462	0.0641464
