3.5	0.0022569	0.360585
4	0.128274	0.138164
4.5	0.128518	0.133451
5	0.127418	0.131459
5.5	0.127509	0.13039
6	0.127067	0.130032
6.5	0	0.130032
7	0	0.130032
7.5	0.0230828	0.0845047
8	0.127389	0.089733
8.5	0.127485	0.0930005
9	0.124674	0.0962363
9.5	0.127506	0.0987865
10	0.130712	0.101139
10.5	0.127413	0.102986
11	0.121469	0.104255
11.5	0.134031	0.105999
12	0.121441	0.106937
12.5	0.132612	0.108449
13	0.12825	0.109465
13.5	0.127361	0.110345
14	0.127439	0.111145
14.5	0.127481	0.111876
15	0.128483	0.112582
15.5	0.127449	0.112739
16	0.0431466	0.10769
16.5	0.127449	0.108437
17	0.12612	0.109088
17.5	0.127449	0.109733
18	0.127402	0.110333
18.5	0.127418	0.110894
19	0.127589	0.111424
19.5	0.127467	0.111978
20	0.127311	0.112153
20.5	0	0.112153
21	0	0.112153
21.5	0	0.112153
22	0	0.112153
22.5	0	0.112153
23	0	0.112153
23.5	0	0.112153
24	0	0.112153
24.5	0	0.112153
25	0.00589734	0.0859158
25.5	0.127449	0.0866156
26	0	0.0866156
26.5	0	0.0866156
27	0	0.0866156
27.5	0	0.0866156
28	0	0.0866156
28.5	0	0.0866156
29	0.00431832	0.0749133
29.5	0.127473	0.0757848
30	0.127748	0.0768671
30.5	0.127449	0.0777887
31	0.12374	0.0786351
31.5	0.130788	0.0795284
32	0.11887	0.0802561
32.5	0.135944	0.0811425
33	0.122889	0.0818649
33.5	0.116121	0.0824051
34	0.117999	0.0830254
34.5	0.13263	0.0838758
35	0.149489	0.0848588
35.5	0.125557	0.0854157
36	0.126621	0.0861222
36.5	0.128877	0.086753
37	0.119488	0.0872658
37.5	0.12462	0.0876132
38	0	0.0876132
38.5	0	0.0876132
39	0	0.0876132
39.5	0.0145611	0.0832403
40	0.122972	0.0837957
40.5	0.122	0.0842609
41	0.0945652	0.0844203
41.5	0.0540221	0.0840716
42	0	0.0840716
42.5	0	0.0840716
43	0	0.0840716
43.5	0	0.0840716
44	0	0.0840716
44.5	0	0.0840716
45	0.00219272	0.0770223
45.5	0.127449	0.0773193
46	0	0.0773193
46.5	0.0454543	0.0764243
47	0.127356	0.0770012
47.5	0.127514	0.0774963
48	0	0.0774963
48.5	0	0.0774963
49	0	0.0774963
49.5	0	0.0774963
50	0	0.0774963
50.5	0	0.0774963
51	0	0.0774963
51.5	0	0.0774963
52	0	0.0774963
52.5	0	0.0774963
53	0	0.0774963
53.5	0	0.0774963
54	0	0.0774963
54.5	0	0.0774963
55	0	0.0774963
55.5	0	0.0774963
56	0	0.0774963
56.5	0	0.0774963
57	0	0.0774963
57.5	0	0.0774963
58	0	0.0774963
58.5	0	0.0774963
59	0	0.0774963
59.5	0	0.0774963
60	0	0.0774963
60.5	0	0.0774963
61	0.0046199	0.0602845
61.5	0.127558	0.0608551
62	0.127434	0.0614155
62.5	0.12833	0.062039
63	0.127449	0.0625799
63.5	0.127449	0.0631119
64	0.127449	0.0636353
64.5	0.127449	0.0641503
65	0.127146	0.0646558
65.5	0.127377	0.0651541
66	0.127485	0.0656451
66.5	0.127573	0.0661886
67	0.127356	0.066663
67.5	0.127567	0.0670727
68	0	0.0670727
68.5	0	0.0670727
69	0	0.0670727
69.5	0	0.0670727
70	0	0.0670727
70.5	0.0207107	0.0649761
71	0.128767	0.0654939
71.5	0.127449	0.0659422
72	0.127449	0.0663841
72.5	0.127449	0.0668197
73	0.127449	0.0672491
73.5	0.124628	0.0676617
74	0.127351	0.0680788
74.5	0.130503	0.0685016
75	0.124455	0.0688962
75.5	0.12749	0.0693465
76	0.127454	0.0697409
76.5	0.124065	0.0700703
77	0.112465	0.0703919
77.5	0.12338	0.0707558
78	0.147883	0.0711952
78.5	0.112849	0.0715039
79	0.145834	0.0719804
79.5	0.11645	0.0722563
80	0.0998142	0.0723699
80.5	0.0340917	0.0720267
81	0.11791	0.0723417
81.5	0.138956	0.0727754
82	0.153415	0.0732481
82.5	0.154741	0.0738229
83	0.173664	0.0744465
83.5	0.127449	0.0747725
84	0.127449	0.0750946
84.5	0.127449	0.0754127
85	0.127449	0.075727
85.5	0.127449	0.0760375
86	0.116781	0.0763027
86.5	0.110673	0.0765081
87	0.129226	0.0768145
87.5	0.105529	0.0769923
88	0.0971588	0.0771078
88.5	0.145839	0.0774992
89	0.154079	0.077955
89.5	0.153446	0.0783589
90	0.135506	0.0787031
90.5	0.112885	0.0788942
91	0.123501	0.0791532
91.5	0.116425	0.079353
92	0.154144	0.0798259
92.5	0.127449	0.0800892
93	0.127128	0.0803486
93.5	0.12732	0.0806058
94	0.127651	0.0808613
94.5	0.127273	0.0811128
95	0.12714	0.0812373
95.5	0.0334362	0.0808714
96	0.0724331	0.080822
96.5	0.129937	0.0811088
97	0.127449	0.0813528
97.5	0.127449	0.0815942
98	0.116533	0.0817932
98.5	0.13986	0.0820674
99	0.119337	0.082247
99.5	0.110463	0.0824139
100	0.142498	0.0827223
100.5	0.129463	0.0829558
101	0.110621	0.0830966
101.5	0.126067	0.0832877
102	0.150108	0.0836423
102.5	0.131627	0.0839022
103	0.127145	0.0841167
103.5	0.127375	0.0842502
104	0	0.0842502
104.5	0	0.0842502
105	0	0.0842502
105.5	0	0.0842502
106	0	0.0842502
106.5	0	0.0842502
107	0	0.0842502
107.5	0	0.0842502
108	0	0.0842502
108.5	0.00149815	0.0801255
109	0.127408	0.0803462
109.5	0.127579	0.0805653
110	0.127315	0.0807816
110.5	0.127465	0.0809964
111	0.124473	0.0812002
111.5	0.130592	0.08142
112	0.127522	0.0816291
112.5	0.12744	0.0818618
113	0.126026	0.0820626
113.5	0.126943	0.0822642
114	0.127273	0.08244
114.5	0.123822	0.0826525
115	0.0875411	0.0826721
115.5	0.103073	0.0827691
116	0.142417	0.0830319
116.5	0.176755	0.0834734
117	0.123292	0.0836519
117.5	0.129665	0.0838472
118	0.1262	0.084031
118.5	0.129591	0.0842228
119	0.129653	0.0843895
119.5	0.126476	0.0845696
120	0.114938	0.0847119
120.5	0.13761	0.0849695
121	0.130741	0.0851564
121.5	0.127449	0.0853329
122	0.126193	0.0855043
122.5	0.127449	0.0856778
123	0.123251	0.0858379
123.5	0.132939	0.0860231
124	0.0620171	0.0859224
124.5	0.0853194	0.0859196
125	0.147214	0.0861347
125.5	0.11272	0.086256
126	0.166588	0.0865339
126.5	0.169195	0.0869078
127	0.0540657	0.0868691
127.5	0	0.0868691
128	0	0.0868691
128.5	0	0.0868691
129	0	0.0868691
129.5	0	0.0868691
130	0	0.0868691
130.5	0	0.0868691
131	0.0107614	0.0842593
131.5	0.127449	0.0844253
132	0.127449	0.0845902
132.5	0.127449	0.0847537
133	0.127449	0.0849161
133.5	0.127449	0.0850972
134	0.121991	0.0852063
134.5	0	0.0852063
135	0	0.0852063
135.5	0.0100526	0.0843178
136	0.0847026	0.0843187
136.5	0	0.0843187
137	0	0.0843187
137.5	0	0.0843187
138	0	0.0843187
138.5	0.0199957	0.0830106
139	0.123124	0.0831614
139.5	0.126246	0.0833189
140	0.137716	0.0835231
140.5	0.127356	0.0836807
141	0.127465	0.0838374
141.5	0.127459	0.083993
142	0.127818	0.0841483
142.5	0.127449	0.0843017
143	0.127449	0.084454
143.5	0.127449	0.084624
144	0.127449	0.084774
144.5	0.0844914	0.0847731
145	0.130668	0.0849289
145.5	0.117505	0.0850513
146	0.162094	0.0851038
146.5	0.0336912	0.0847691
147	0.128919	0.0849188
147.5	0.122745	0.0850531
148	0.115839	0.085154
148.5	0.113495	0.0852486
149	0.146203	0.085406
149.5	0.139938	0.0856363
150	0.127449	0.0857944
150.5	0.124907	0.085928
151	0.129866	0.0860719
151.5	0.1254	0.0862048
152	0.127335	0.0863413
152.5	0.12764	0.0864775
153	0.127373	0.0866123
153.5	0.127511	0.0867464
154	0.127402	0.0868795
154.5	0.12742	0.0870282
155	0.127371	0.0871593
155.5	0.127328	0.0872895
156	0.127743	0.0874198
156.5	0.127371	0.0875484
157	0.129652	0.0876812
157.5	0.12748	0.0878084
158	0.124907	0.087929
158.5	0.129896	0.0880761
159	0.124327	0.0881937
159.5	0.127579	0.0883179
160	0.127413	0.0884409
160.5	0.112094	0.0885147
161	0.116168	0.0885976
161.5	0.126645	0.0887318
162	0.157167	0.0889472
162.5	0.125188	0.0890614
163	0.127413	0.0891798
163.5	0.106804	0.0892284
164	0.0681618	0.0891981
164.5	0	0.0891981
165	0	0.0891981
165.5	0	0.0891981
166	0	0.0891981
166.5	0.0250118	0.088087
167	0.127449	0.0882055
167.5	0.127449	0.0883233
168	0.127212	0.0884399
168.5	0.127315	0.088498
169	0	0.088498
169.5	0	0.088498
170	0	0.088498
170.5	0	0.088498
171	0	0.088498
171.5	0	0.088498
172	0.008296	0.0866984
172.5	0.128343	0.0868189
173	0.125539	0.086933
173.5	0.126185	0.0870478
174	0.0916882	0.0870618
174.5	0.127449	0.0871781
175	0.127449	0.0872936
175.5	0.127449	0.0874086
176	0.127449	0.0875228
176.5	0.127449	0.0876365
177	0.127449	0.0877494
177.5	0.127449	0.0878758
178	0.125304	0.0879832
178.5	0.124355	0.088088
179	0.131401	0.0881764
179.5	0	0.0881764
180	0	0.0881764
180.5	0	0.0881764
181	0	0.0881764
181.5	0	0.0881764
182	0.0202682	0.0869987
182.5	0.115209	0.0870845
183	0.141527	0.087219
183.5	0.0841804	0.0872096
184	0.105095	0.0872539
184.5	0.12937	0.0872681
185	0	0.0872681
185.5	0	0.0872681
186	0	0.0872681
186.5	0.0128838	0.0862783
187	0.127449	0.0864025
187.5	0.127449	0.0865123
188	0.124617	0.0866163
188.5	0.127459	0.0867249
189	0.127506	0.0868331
189.5	0.127402	0.0869405
190	0.127485	0.0870475
190.5	0.127485	0.0871539
191	0.127356	0.0872596
191.5	0.127547	0.087365
192	0.127403	0.0874826
192.5	0.127506	0.0875868
193	0.127539	0.0876776
193.5	0.124678	0.0877878
194	0.130701	0.087896
194.5	0.127423	0.0879979
195	0.121516	0.0880882
195.5	0.133186	0.0882127
196	0.127547	0.0883132
196.5	0.130211	0.0884178
197	0.127449	0.0885171
197.5	0.127449	0.0886159
198	0.127449	0.0887142
198.5	0.127449	0.088812
199	0.127449	0.0889214
199.5	0.127449	0.0890182
200	0.127449	0.0891144
200.5	0.127449	0.0892102
201	0.127449	0.0893055
201.5	0.122643	0.0893917
202	0.0947722	0.0894051
202.5	0.158284	0.0895766
203	0.129531	0.0896615
203.5	0.121589	0.0897542
204	0.0884299	0.0897524
204.5	0.0835475	0.0897293
205	0.138671	0.0898529
205.5	0.171148	0.0900189
206	0.172598	0.0902412
206.5	0.126873	0.0903305
207	0.127356	0.0904201
207.5	0.114442	0.0904847
208	0.129602	0.0905773
208.5	0.126652	0.0906644
209	0.114291	0.0907118
209.5	0.13272	0.0908203
210	0.13505	0.0909446
210.5	0.132275	0.0910393
211	0.134017	0.0911484
211.5	0.12049	0.0912127
212	0.132348	0.0913062
212.5	0.127417	0.0914019
213	0.124429	0.0914814
213.5	0.130581	0.0915709
214	0.127444	0.0916548
214.5	0.124399	0.091733
215	0.130609	0.0918213
215.5	0.127585	0.0919043
216	0.12895	0.0919997
216.5	0.0831347	0.0919801
217	0.0754689	0.0919399
217.5	0.108012	0.0919781
218	0.125158	0.0920363
218.5	0.0664893	0.0919802
219	0.0872012	0.0919662
219.5	0.0928013	0.0919678
220	0.139015	0.0920782
220.5	0.0663848	0.0920222
221	0.0720586	0.0919723
221.5	0.100903	0.0919946
222	0.0902284	0.0919911
222.5	0.0540416	0.0918905
223	0.0948587	0.0918972
223.5	0.0949978	0.0919042
224	0.161919	0.0920119
224.5	0	0.0920119
225	0	0.0920119
225.5	0	0.0920119
226	0	0.0920119
226.5	0	0.0920119
227	0	0.0920119
227.5	0.0107247	0.090685
228	0.1232	0.0907587
228.5	0.113388	0.0908074
229	0.157858	0.0909552
229.5	0.13026	0.0910494
230	0.127449	0.0911285
230.5	0.127449	0.0912073
231	0.127449	0.0912857
231.5	0.127449	0.0913638
232	0.127449	0.0914415
232.5	0.127449	0.0915189
233	0.127449	0.0916056
233.5	0.127449	0.0916823
234	0.127449	0.0917587
234.5	0.127449	0.0918348
235	0.127449	0.0919105
235.5	0.127449	0.0919859
236	0.127449	0.092061
236.5	0.127449	0.0921358
237	0.127449	0.0922196
237.5	0.127449	0.0922937
238	0.122093	0.092359
238.5	0.107921	0.0923686
239	0.0705802	0.0923069
239.5	0.134509	0.0924216
240	0.116285	0.0924692
240.5	0.172653	0.0926536
241	0.149289	0.0927664
241.5	0.123315	0.0928317
242	0.123487	0.092897
242.5	0.132365	0.092985
243	0.133702	0.0930648
243.5	0.127449	0.0931354
244	0.127449	0.0931442
244.5	0	0.0931442
245	0	0.0931442
245.5	0	0.0931442
246	0	0.0931442
246.5	0	0.0931442
247	0	0.0931442
247.5	0	0.0931442
248	0	0.0931442
248.5	0	0.0931442
249	0	0.0931442
249.5	0.00658583	0.0910491
250	0.127449	0.0911218
250.5	0.127449	0.0911942
251	0.124403	0.0912619
251.5	0.119629	0.0912844
252	0.0431984	0.0911439
252.5	0	0.0911439
253	0	0.0911439
253.5	0	0.0911439
254	0	0.0911439
254.5	0	0.0911439
255	0	0.0911439
255.5	0	0.0911439
256	0.0134698	0.0898901
256.5	0.127439	0.0899631
257	0.127511	0.090036
257.5	0.127421	0.0901176
258	0.128192	0.0901359
258.5	0.0281304	0.0899325
259	0.127449	0.0900048
259.5	0.127449	0.0900768
260	0.127449	0.0901575
260.5	0.127449	0.0902289
261	0.127449	0.0903001
261.5	0.125551	0.0903683
262	0.124409	0.0904347
262.5	0.130745	0.0905094
263	0.127299	0.0905793
263.5	0.127969	0.090597
264	0	0.090597
264.5	0	0.090597
265	0	0.090597
265.5	0	0.090597
266	0	0.090597
266.5	0	0.090597
267	0	0.090597
267.5	0	0.090597
268	0	0.090597
268.5	0	0.090597
269	0	0.090597
269.5	0	0.090597
270	0	0.090597
270.5	0.00848079	0.0883218
271	0.128771	0.0883955
271.5	0.127449	0.0884672
272	0.127449	0.0885387
272.5	0.127449	0.0886099
273	0.127449	0.0886897
273.5	0.127449	0.0887604
274	0.127449	0.0888308
274.5	0.127449	0.0889009
275	0.127449	0.0889708
275.5	0.127449	0.0890405
276	0.125353	0.0891072
276.5	0.127544	0.0891764
277	0.127098	0.0892449
277.5	0.101628	0.0892658
278	0.131985	0.0893583
278.5	0.149561	0.0894616
279	0.125501	0.089527
279.5	0.0996716	0.0895443
280	0.0853091	0.0895373
280.5	0.117429	0.0895911
281	0.12925	0.0896691
281.5	0.129529	0.0897386
282	0.125903	0.0897952
282.5	0.0287848	0.089676
283	0.107676	0.0897089
283.5	0.1327	0.0897905
284	0.139939	0.0898707
284.5	0.0986203	0.089888
285	0.0790997	0.089869
285.5	0.161861	0.0899927
286	0.145824	0.0900884
286.5	0.157346	0.090195
287	0	0.090195
287.5	0	0.090195
288	0	0.090195
288.5	0.0264926	0.0897319
289	0.123367	0.0897918
289.5	0.0997781	0.0898083
290	0.15754	0.0899259
290.5	0.123239	0.089985
291	0.116375	0.0900283
291.5	0.126835	0.0900995
292	0.152833	0.0901999
292.5	0.12764	0.0902636
293	0.127439	0.0903268
293.5	0.125777	0.0903878
294	0.127417	0.0904584
294.5	0.127439	0.0905209
295	0.111013	0.0905408
295.5	0.0816284	0.0905203
296	0.127371	0.0905824
296.5	0.124422	0.0906406
297	0.131871	0.0907158
297.5	0.127449	0.0907773
298	0.127449	0.0908386
298.5	0.127449	0.0908997
299	0.127449	0.0909606
299.5	0.127449	0.090991
300	0	0.090991
300.5	0	0.090991
301	0	0.090991
301.5	0.00687964	0.0903474
302	0.133425	0.0904153
302.5	0.127698	0.0904842
303	0.124143	0.090541
303.5	0.130936	0.0906055
304	0.127449	0.0906659
304.5	0.0804319	0.0906626
305	0	0.0906626
305.5	0	0.0906626
306	0	0.0906626
306.5	0.0228275	0.0901242
307	0.127449	0.0901847
307.5	0.127449	0.0902451
308	0.127449	0.0903052
308.5	0.127449	0.0903652
309	0.127449	0.0904324
309.5	0.127449	0.0904919
310	0.124534	0.0905479
310.5	0.12747	0.0906071
311	0.123891	0.0906551
311.5	0.133175	0.0907282
312	0.127449	0.0907868
312.5	0.122693	0.0908396
313	0.131997	0.0909107
313.5	0.127449	0.0909688
314	0.127449	0.0910266
314.5	0.127449	0.0910842
315	0.119825	0.0911205
315.5	0.112037	0.0911627
316	0.149589	0.0912509
316.5	0.123171	0.0913029
317	0.134	0.0913667
317.5	0.129688	0.0914331
318	0.125056	0.0914867
318.5	0.130049	0.0915458
319	0.124996	0.091599
319.5	0.127418	0.0916548
320	0.12931	0.0917125
320.5	0.124281	0.0917644
321	0.131241	0.0918313
321.5	0.127449	0.0918864
322	0.127449	0.0919414
322.5	0.127449	0.0919962
323	0.127449	0.0920508
323.5	0.109596	0.0920743
324	0.137755	0.0921555
324.5	0.129503	0.0922048
325	0.121039	0.0922571
325.5	0.132897	0.0923167
326	0.13036	0.0923806
326.5	0.120644	0.0924204
327	0.133577	0.0924876
327.5	0.101566	0.0925006
328	0.140739	0.0925834
328.5	0.113478	0.0926145
329	0	0.0926145
329.5	0	0.0926145
330	0	0.0926145
330.5	0	0.0926145
331	0	0.0926145
331.5	0	0.0926145
332	0.0156189	0.0917907
332.5	0.127449	0.0918441
333	0.127449	0.0918641
333.5	0	0.0918641
334	0	0.0918641
334.5	0	0.0918641
335	0	0.0918641
335.5	0	0.0918641
336	0.0190439	0.0911425
336.5	0	0.0911425
337	0	0.0911425
337.5	0	0.0911425
338	0	0.0911425
338.5	0	0.0911425
339	0	0.0911425
339.5	0.0179126	0.0903791
340	0.127449	0.0904333
340.5	0.127449	0.0904874
341	0.116787	0.0905293
341.5	0.136244	0.0905916
342	0.123347	0.0906408
342.5	0.122652	0.0906831
343	0.116145	0.0907185
343.5	0.139717	0.0908075
344	0.132633	0.0908656
344.5	0.119077	0.0909038
345	0.0790457	0.0908865
345.5	0.035869	0.0908513
346	0.0636763	0.0907927
346.5	0.0276097	0.090688
347	0.0753925	0.0906649
347.5	0.150988	0.0907559
348	0.194024	0.0909013
348.5	0.120513	0.090946
349	0.116314	0.0909807
349.5	0.120673	0.0910253
350	0.136502	0.0910856
350.5	0.0923216	0.0910862
351	0	0.0910862
351.5	0	0.0910862
352	0	0.0910862
352.5	0	0.0910862
353	0	0.0910862
353.5	0.0186892	0.0903918
354	0.123265	0.0904396
354.5	0.130592	0.0904945
355	0.116662	0.0905346
355.5	0.132602	0.0905911
356	0.132601	0.0906475
356.5	0.123172	0.0906944
357	0	0.0906944
357.5	0	0.0906944
358	0	0.0906944
358.5	0	0.0906944
359	0	0.0906944
359.5	0	0.0906944
360	0	0.0906944
360.5	0.00786741	0.0897692
361	0.127476	0.0898212
361.5	0.127481	0.0898794
362	0.127459	0.089931
362.5	0.124291	0.0899793
363	0.125898	0.0899855
363.5	0	0.0899855
364	0	0.0899855
364.5	0	0.0899855
365	0	0.0899855
365.5	0	0.0899855
366	0	0.0899855
366.5	0	0.0899855
367	0	0.0899855
367.5	0	0.0899855
368	0	0.0899855
368.5	0	0.0899855
369	0	0.0899855
369.5	0	0.0899855
370	0	0.0899855
370.5	0	0.0899855
371	0	0.0899855
371.5	0	0.0899855
372	0	0.0899855
372.5	0	0.0899855
373	0	0.0899855
373.5	0	0.0899855
374	0	0.0899855
374.5	0	0.0899855
375	0	0.0899855
375.5	0	0.0899855
376	0	0.0899855
376.5	0	0.0899855
377	0	0.0899855
377.5	0	0.0899855
378	0	0.0899855
378.5	0	0.0899855
379	0	0.0899855
379.5	0	0.0899855
380	0	0.0899855
380.5	0	0.0899855
381	0.0017083	0.0856906
381.5	0.123374	0.0857413
382	0.137541	0.0858193
382.5	0.122214	0.0858625
383	0.133609	0.0859289
383.5	0.127449	0.0859693
384	0.0719662	0.0859452
384.5	0.144285	0.0860118
385	0	0.0860118
385.5	0	0.0860118
386	0	0.0860118
386.5	0	0.0860118
387	0	0.0860118
387.5	0	0.0860118
388	0	0.0860118
388.5	0	0.0860118
389	0.00171897	0.0850142
389.5	0.122833	0.0850643
390	0.125948	0.0851104
390.5	0.138287	0.0851805
391	0.102671	0.0852047
391.5	0.152358	0.085276
392	0.119471	0.0853164
392.5	0	0.0853164
393	0	0.0853164
393.5	0	0.0853164
394	0	0.0853164
394.5	0	0.0853164
395	0	0.0853164
395.5	0	0.0853164
396	0	0.0853164
396.5	0	0.0853164
397	0.0122344	0.084364
397.5	0.127749	0.0844181
398	0.127449	0.0844718
398.5	0.127449	0.0845253
399	0.127449	0.0845788
399.5	0.12572	0.0846306
400	0.129027	0.0846919
400.5	0.127449	0.0847449
401	0.127449	0.0847978
401.5	0.127449	0.0848505
402	0.127449	0.0849031
402.5	0.12455	0.0849532
403	0.127335	0.0850055
403.5	0.108427	0.0850351
404	0.142173	0.085106
404.5	0.123291	0.0851544
405	0.136036	0.0852202
405.5	0.124439	0.0852693
406	0.127397	0.0853209
406.5	0.124429	0.0853698
407	0.135258	0.08542
407.5	0.0971037	0.085434
408	0.0776533	0.0854224
408.5	0.12347	0.0854701
409	0.126331	0.0855202
409.5	0.0632369	0.0854929
410	0.140045	0.0855531
410.5	0.107582	0.0855767
411	0.139692	0.0856587
411.5	0.156972	0.0857461
412	0.127449	0.0857963
412.5	0.127449	0.0858465
413	0.127449	0.0858965
413.5	0.127449	0.0859464
414	0.127449	0.0859526
414.5	0	0.0859526
415	0	0.0859526
415.5	0	0.0859526
416	0	0.0859526
416.5	0	0.0859526
417	0	0.0859526
417.5	0	0.0859526
418	0	0.0859526
418.5	0	0.0859526
419	0	0.0859526
419.5	0	0.0859526
420	0.00363771	0.0846744
420.5	0	0.0846744
421	0	0.0846744
421.5	0	0.0846744
422	0.0117818	0.0843266
422.5	0.11053	0.0843576
423	0.139669	0.0844169
423.5	0.0665714	0.0843968
424	0.0140794	0.0843037
424.5	0.0784882	0.0842982
425	0.092474	0.0843097
425.5	0.189157	0.0844333
426	0.110528	0.084464
426.5	0.185229	0.084585
427	0.105624	0.0846108
427.5	0.0671596	0.0845964
428	0.0906271	0.084605
428.5	0.169208	0.0847157
429	0.14164	0.0847676
429.5	0.116463	0.0848127
430	0.0632162	0.0847876
430.5	0.0157826	0.0847073
431	0.13659	0.084763
431.5	0.0986638	0.0847811
432	0.09005	0.0847864
432.5	0.0986706	0.0848044
433	0.16581	0.0848937
433.5	0.136477	0.0849213
434	0	0.0849213
434.5	0	0.0849213
435	0	0.0849213
435.5	0	0.0849213
436	0	0.0849213
436.5	0	0.0849213
437	0.00206128	0.084194
437.5	0.127449	0.0842431
438	0.127449	0.0842921
438.5	0.127449	0.0843409
439	0.127449	0.0843896
439.5	0.127449	0.0843957
440	0	0.0843957
440.5	0	0.0843957
441	0	0.0843957
441.5	0	0.0843957
442	0	0.0843957
442.5	0	0.0843957
443	0	0.0843957
443.5	0	0.0843957
444	0	0.0843957
444.5	0	0.0843957
445	0	0.0843957
445.5	0	0.0843957
446	0	0.0843957
446.5	0	0.0843957
447	0.00790137	0.0830261
447.5	0.127413	0.0830753
448	0.127516	0.0831245
448.5	0.127496	0.0831736
449	0.129998	0.0832307
449.5	0.127449	0.0832795
450	0.127449	0.0833282
450.5	0.127449	0.0833768
451	0.127449	0.0834252
451.5	0.127449	0.0834494
452	0	0.0834494
452.5	0	0.0834494
453	0	0.0834494
453.5	0	0.0834494
454	0.011383	0.0830086
454.5	0.127449	0.0830571
455	0.127449	0.0831055
455.5	0.127449	0.0831598
456	0.127449	0.083208
456.5	0.126912	0.0832557
457	0.127361	0.0833036
457.5	0.127038	0.0833512
458	0.127539	0.083399
458.5	0.0602996	0.0833726
459	0.0885211	0.0833756
459.5	0.0811128	0.0833722
460	0.117999	0.0834025
460.5	0	0.0834025
461	0.0281196	0.0832677
461.5	0.112347	0.0833031
462	0.146669	0.0833696
462.5	0.127579	0.083417
463	0.127413	0.0834642
463.5	0.104967	0.0834886
464	0.145858	0.0835542
464.5	0.123254	0.0835761
465	0	0.0835761
465.5	0.00615603	0.0833626
466	0.12749	0.0833802
466.5	0	0.0833802
467	0.0494045	0.0832871
467.5	0.124424	0.0833318
468	0.130652	0.0833808
468.5	0.127394	0.0834332
469	0.121062	0.0834699
469.5	0.0449823	0.0834267
470	0.0951702	0.083437
470.5	0.139193	0.083511
471	0.129666	0.0835588
471.5	0.108122	0.0835816
472	0.0790094	0.0835768
472.5	0.108233	0.083592
473	0.0404955	0.0835387
473.5	0.0795974	0.0835329
474	0.112732	0.0835502
474.5	0	0.0835502
475	0	0.0835502
475.5	0	0.0835502
476	0	0.0835502
476.5	0	0.0835502
477	0	0.0835502
477.5	0	0.0835502
478	0	0.0835502
478.5	0	0.0835502
479	0	0.0835502
479.5	0	0.0835502
480	0	0.0835502
480.5	0	0.0835502
481	0	0.0835502
481.5	0.00609345	0.0822988
482	0.135405	0.0823567
482.5	0.123791	0.082395
483	0.136612	0.0824535
483.5	0.127496	0.0824996
484	0.127289	0.0825456
484.5	0.127592	0.0825974
485	0.127062	0.082643
485.5	0.123998	0.082681
486	0.127418	0.0827038
486.5	0	0.0827038
487	0	0.0827038
487.5	0	0.0827038
488	0	0.0827038
488.5	0	0.0827038
489	0	0.0827038
489.5	0	0.0827038
490	0	0.0827038
490.5	0.00325809	0.0819185
491	0.127449	0.0819242
491.5	0	0.0819242
492	0	0.0819242
492.5	0	0.0819242
493	0	0.0819242
493.5	0	0.0819242
494	0	0.0819242
494.5	0.012048	0.0813684
495	0.0539346	0.0813603
495.5	0.104691	0.0813993
496	0.129728	0.0814468
496.5	0.0966658	0.0814643
497	0.0461802	0.0814279
497.5	0.204348	0.0815521
498	0.15282	0.0816186
498.5	0.120294	0.0816594
499	0.198884	0.0816967
499.5	0	0.0816967
500	0	0.0816967
500.5	0	0.0816967
501	0	0.0816967
501.5	0	0.0816967
502	0	0.0816967
502.5	0	0.0816967
503	0	0.0816967
503.5	0	0.0816967
504	0	0.0816967
504.5	0	0.0816967
505	0	0.0816967
505.5	0	0.0816967
506	0	0.0816967
506.5	0	0.0816967
507	0	0.0816967
507.5	0	0.0816967
508	0.000839291	0.0801991
508.5	0.132862	0.0802483
509	0.126734	0.0802938
509.5	0.128351	0.0803055
510	0	0.0803055
510.5	0	0.0803055
511	0	0.0803055
511.5	0	0.0803055
512	0	0.0803055
512.5	0	0.0803055
513	0	0.0803055
513.5	0	0.0803055
514	0	0.0803055
514.5	0.00145531	0.0794739
515	0.127449	0.07952
515.5	0.120611	0.0795618
516	0.117879	0.0796016
516.5	0	0.0796016
517	0	0.0796016
517.5	0.0111434	0.0794141
518	0.117736	0.0794538
518.5	0.126609	0.0794992
519	0.126482	0.07955
519.5	0.14211	0.0796102
520	0.0679967	0.0795999
520.5	0	0.0795999
521	0	0.0795999
521.5	0	0.0795999
522	0	0.0795999
522.5	0	0.0795999
523	0	0.0795999
523.5	0	0.0795999
524	0.00785906	0.0790497
524.5	0.12738	0.0791011
525	0.12677	0.0791463
525.5	0.126177	0.0791911
526	0.128599	0.0792372
526.5	0.124498	0.0792808
527	0.130707	0.079328
527.5	0.125088	0.0793718
528	0.12768	0.0794171
528.5	0.127368	0.0794621
529	0.119786	0.0795022
529.5	0.0324101	0.0794589
530	0.0791553	0.0794586
530.5	0.143925	0.079512
531	0.0648224	0.0794951
531.5	0.129811	0.0795412
532	0.16613	0.0796185
532.5	0.0575345	0.0795958
533	0.248638	0.0797368
533.5	0.12463	0.0797847
534	0.127459	0.079829
534.5	0.127223	0.079873
535	0.13068	0.0799189
535.5	0.127768	0.079963
536	0.127418	0.0800069
536.5	0.12749	0.0800508
537	0.124421	0.0800927
537.5	0.132147	0.0801448
538	0.127449	0.0801884
538.5	0.127449	0.0802318
539	0.127449	0.0802752
539.5	0.127449	0.0803186
540	0.127449	0.0803618
540.5	0.127449	0.0804104
541	0.127449	0.0804535
541.5	0.127449	0.0804804
542	0.0570981	0.0804505
542.5	0.127408	0.0804934
543	0.124419	0.0805345
543.5	0.130706	0.0805791
544	0.12433	0.0806199
544.5	0.119617	0.0806341
545	0	0.0806341
545.5	0.0240862	0.0804982
546	0.108158	0.0805019
546.5	0	0.0805019
547	0	0.0805019
547.5	0	0.0805019
548	0	0.0805019
548.5	0	0.0805019
549	0	0.0805019
549.5	0	0.0805019
550	0	0.0805019
550.5	0	0.0805019
551	0	0.0805019
551.5	0	0.0805019
552	0	0.0805019
552.5	0	0.0805019
553	0	0.0805019
553.5	0	0.0805019
554	0	0.0805019
554.5	0	0.0805019
555	0.00250322	0.0791725
555.5	0.100649	0.0791937
556	0.138725	0.079212
556.5	0.0215975	0.0791363
557	0	0.0791363
557.5	0.0223537	0.0790285
558	0.0965591	0.0790464
558.5	0.105223	0.0790675
559	0.183271	0.0791719
559.5	0.0884927	0.0791763
560	0	0.0791763
560.5	0	0.0791763
561	0	0.0791763
561.5	0	0.0791763
562	0	0.0791763
562.5	0	0.0791763
563	0	0.0791763
563.5	0	0.0791763
564	0	0.0791763
564.5	0	0.0791763
565	0	0.0791763
565.5	0	0.0791763
566	0	0.0791763
566.5	0	0.0791763
567	0.00305083	0.0781345
567.5	0.127449	0.0781775
568	0.127449	0.0782205
568.5	0.127449	0.0782634
569	0.127449	0.0783062
569.5	0.127449	0.078349
570	0.12714	0.0783968
570.5	0.126631	0.0784073
571	0	0.0784073
571.5	0	0.0784073
572	0	0.0784073
572.5	0	0.0784073
573	0	0.0784073
573.5	0	0.0784073
574	0	0.0784073
574.5	0	0.0784073
575	0.0129114	0.0778504
575.5	0.124301	0.0778914
576	0.130722	0.0779357
576.5	0.127392	0.0779782
577	0.127527	0.0780207
577.5	0.129226	0.0780694
578	0.127751	0.0781119
578.5	0.127361	0.0781541
579	0.127454	0.0781963
579.5	0.125562	0.0782374
580	0.124575	0.0782779
580.5	0.0788412	0.0782783
581	0.133504	0.0783177
581.5	0.0511383	0.078296
582	0	0.078296
582.5	0	0.078296
583	0	0.078296
583.5	0	0.078296
584	0	0.078296
584.5	0	0.078296
585	0	0.078296
585.5	0	0.078296
586	0	0.078296
586.5	0	0.078296
587	0	0.078296
587.5	0	0.078296
588	0	0.078296
588.5	0	0.078296
589	0	0.078296
589.5	0	0.078296
590	0	0.078296
590.5	0	0.078296
591	0	0.078296
591.5	0	0.078296
592	0	0.078296
592.5	0	0.078296
593	0	0.078296
593.5	0	0.078296
594	0	0.078296
594.5	0	0.078296
595	0	0.078296
595.5	0	0.078296
596	0	0.078296
596.5	0	0.078296
597	0	0.078296
597.5	0	0.078296
598	0	0.078296
598.5	0	0.078296
599	0	0.078296
599.5	0	0.078296
600	0.00168766	0.0759085
600.5	0.124709	0.0759548
601	0.130756	0.0759988
601.5	0.127465	0.0760412
602	0.12144	0.0760804
602.5	0.137416	0.0761271
603	0.127449	0.0761745
603.5	0.127449	0.0762166
604	0.127449	0.0762586
604.5	0.126347	0.0762845
605	0	0.0762845
605.5	0	0.0762845
606	0	0.0762845
606.5	0.0143334	0.0760596
607	0.0771353	0.0760605
607.5	0.118548	0.0760931
608	0.0863888	0.0761024
608.5	0.162008	0.0761711
609	0.136485	0.0762169
609.5	0.0858702	0.0762256
610	0.116438	0.0762569
610.5	0.14161	0.0763106
611	0.0884105	0.0763212
611.5	0.259245	0.0763394
612	0.0169427	0.076249
612.5	0.0754293	0.0762483
613	0.129561	0.0762907
613.5	0.0848141	0.0762971
614	0.0649631	0.0762949
614.5	0.0111734	0.0762201
615	0	0.0762201
615.5	0	0.0762201
616	0	0.0762201
616.5	0	0.0762201
617	0	0.0762201
617.5	0	0.0762201
618	0.0148632	0.0758512
618.5	0.127402	0.0758925
619	0.127435	0.075908
619.5	0	0.075908
620	0	0.075908
620.5	0	0.075908
621	0.0267419	0.0757212
621.5	0.127449	0.0757624
622	0.127449	0.0758035
622.5	0.127449	0.0758446
623	0.127449	0.0758702
623.5	0	0.0758702
624	0	0.0758702
624.5	0	0.0758702
625	0	0.0758702
625.5	0	0.0758702
626	0	0.0758702
626.5	0	0.0758702
627	0	0.0758702
627.5	0	0.0758702
628	0	0.0758702
628.5	0	0.0758702
629	0	0.0758702
629.5	0.00469767	0.075111
630	0.146866	0.0751721
630.5	0.125912	0.0752124
631	0.123158	0.0752514
631.5	0.156889	0.0753034
632	0.128584	0.0753551
632.5	0.127449	0.0753958
633	0.125421	0.0754356
633.5	0.127569	0.0754763
634	0.12942	0.0755178
634.5	0.127449	0.0755583
635	0.127449	0.0755735
635.5	0	0.0755735
636	0	0.0755735
636.5	0	0.0755735
637	0.0100343	0.0753309
637.5	0.127449	0.0753714
638	0.127449	0.0754118
638.5	0.127449	0.0754521
639	0.127449	0.0754924
639.5	0.127449	0.0754974
640	0	0.0754974
640.5	0	0.0754974
641	0	0.0754974
641.5	0	0.0754974
642	0	0.0754974
642.5	0	0.0754974
643	0	0.0754974
643.5	0	0.0754974
644	0	0.0754974
644.5	0.0100404	0.0749391
645	0.127444	0.0749794
645.5	0.12113	0.0750119
646	0.129746	0.0750531
646.5	0.077131	0.0750548
647	0.112255	0.0750871
647.5	0.161998	0.0751394
648	0.152132	0.0752133
648.5	0.129452	0.075254
649	0.0830965	0.0752598
649.5	0.135317	0.0753083
650	0.154208	0.0753703
650.5	0.126234	0.0754094
651	0.110591	0.0754364
651.5	0.0904594	0.0754484
652	0.169074	0.0754886
652.5	0	0.0754886
653	0	0.0754886
653.5	0.0410458	0.0753975
654	0.0974384	0.0754139
654.5	0.0903364	0.0754258
655	0.107822	0.0754475
655.5	0.18226	0.0755392
656	0.171901	0.0756065
656.5	0.127449	0.0756505
657	0.127449	0.0756554
657.5	0.0509521	0.0756205
658	0.127692	0.0756596
658.5	0.127582	0.0756986
659	0.127449	0.0757374
659.5	0.127449	0.0757617
660	0	0.0757617
660.5	0	0.0757617
661	0.0326246	0.0756513
661.5	0.119865	0.0756865
662	0.0633126	0.0756772
662.5	0.148334	0.0757238
663	0.058599	0.0757203
663.5	0	0.0757203
664	0	0.0757203
664.5	0	0.0757203
665	0	0.0757203
665.5	0	0.0757203
666	0	0.0757203
666.5	0	0.0757203
667	0	0.0757203
667.5	0	0.0757203
668	0	0.0757203
668.5	0	0.0757203
669	0	0.0757203
669.5	0.00340085	0.074969
670	0.127509	0.0750127
670.5	0.121124	0.075044
671	0.108068	0.0750691
671.5	0.154888	0.0751296
672	0.127449	0.0751682
672.5	0.127449	0.075197
673	0	0.075197
673.5	0	0.075197
674	0.0195606	0.0750639
674.5	0.126181	0.0751066
675	0.146778	0.0751579
675.5	0.127449	0.0751866
676	0	0.0751866
676.5	0	0.0751866
677	0	0.0751866
677.5	0	0.0751866
678	0	0.0751866
678.5	0	0.0751866
679	0	0.0751866
679.5	0.00756996	0.0747721
680	0.127449	0.0748104
680.5	0.127449	0.0748487
681	0.127449	0.0748869
681.5	0.127449	0.0749251
682	0.127449	0.0749632
682.5	0.127449	0.075006
683	0.127449	0.075044
683.5	0.127449	0.075082
684	0.127449	0.0751198
684.5	0.127449	0.0751577
685	0.127449	0.0751955
685.5	0.127449	0.0752332
686	0.127449	0.0752708
686.5	0.127449	0.0752944
687	0	0.0752944
687.5	0	0.0752944
688	0	0.0752944
688.5	0	0.0752944
689	0	0.0752944
689.5	0	0.0752944
690	0	0.0752944
690.5	0	0.0752944
691	0	0.0752944
691.5	0	0.0752944
692	0.00687604	0.0747276
692.5	0.127387	0.0747653
693	0.129037	0.0748083
693.5	0.127449	0.0748365
694	0	0.0748365
694.5	0	0.0748365
695	0	0.0748365
695.5	0	0.0748365
696	0	0.0748365
696.5	0	0.0748365
697	0	0.0748365
697.5	0	0.0748365
698	0	0.0748365
698.5	0.00305881	0.0743069
699	0.127258	0.0743444
699.5	0.126393	0.0743816
700	0.127184	0.074419
700.5	0.127502	0.0744564
701	0.127142	0.0744937
701.5	0.125769	0.0745304
702	0.130706	0.074569
702.5	0.121422	0.0746036
703	0.159315	0.0746155
703.5	0	0.0746155
704	0	0.0746155
704.5	0	0.0746155
705	0.0098032	0.0743938
705.5	0.127496	0.074431
706	0.127496	0.0744682
706.5	0.127449	0.0745099
707	0.127449	0.074547
707.5	0.127449	0.074584
708	0.127449	0.0746209
708.5	0.127449	0.0746578
709	0.127449	0.0746946
709.5	0.127449	0.0747314
710	0.127449	0.0747681
710.5	0.127449	0.0748094
711	0.127449	0.074846
711.5	0.127449	0.0748826
712	0	0.0748826
712.5	0	0.0748826
713	0	0.0748826
713.5	0	0.0748826
714	0	0.0748826
714.5	0	0.0748826
715	0	0.0748826
715.5	0	0.0748826
716	0	0.0748826
716.5	0.00470622	0.0743906
717	0.127563	0.0744272
717.5	0.127067	0.0744636
718	0.127786	0.0745003
718.5	0.127516	0.0745367
719	0.128428	0.0745781
719.5	0.120687	0.0746074
720	0.132119	0.0746503
720.5	0.127485	0.0746866
721	0.122585	0.0747079
721.5	0.0569456	0.0746909
722	0.0881067	0.0746959
722.5	0	0.0746959
723	0	0.0746959
723.5	0	0.0746959
724	0	0.0746959
724.5	0.00327199	0.0744583
725	0	0.0744583
725.5	0	0.0744583
726	0	0.0744583
726.5	0.0134046	0.0742607
727	0.0971442	0.074276
727.5	0.125961	0.0743072
728	0.107737	0.074334
728.5	0.216973	0.0743411
729	0	0.0743411
729.5	0	0.0743411
730	0	0.0743411
730.5	0	0.0743411
731	0	0.0743411
731.5	0	0.0743411
732	0	0.0743411
732.5	0	0.0743411
733	0	0.0743411
733.5	0	0.0743411
734	0	0.0743411
734.5	0	0.0743411
735	0	0.0743411
735.5	0	0.0743411
736	0	0.0743411
736.5	0	0.0743411
737	0	0.0743411
737.5	0.00583152	0.0734624
738	0.125843	0.073498
738.5	0.128568	0.0735345
739	0.128944	0.073562
739.5	0.0777728	0.0735638
740	0	0.0735638
740.5	0	0.0735638
741	0	0.0735638
741.5	0	0.0735638
742	0	0.0735638
742.5	0	0.0735638
743	0	0.0735638
743.5	0	0.0735638
744	0	0.0735638
744.5	0	0.0735638
745	0	0.0735638
745.5	0.00247463	0.0729564
746	0.0903369	0.0729686
746.5	0.0949405	0.0729833
747	0.049873	0.0729686
747.5	0.14038	0.0730193
748	0.193972	0.0730587
748.5	0.0717645	0.0730573
749	0.202686	0.0731448
749.5	0.127449	0.0731806
750	0.127449	0.0732164
750.5	0.127449	0.0732522
751	0.127449	0.0732879
751.5	0.127195	0.0733234
752	0.127587	0.0733591
752.5	0.127465	0.0733946
753	0.124363	0.0734289
753.5	0.127523	0.0734689
754	0.12747	0.0734954
754.5	0	0.0734954
755	0	0.0734954
755.5	0	0.0734954
756	0	0.0734954
756.5	0	0.0734954
757	0	0.0734954
757.5	0	0.0734954
758	0	0.0734954
758.5	0	0.0734954
759	0	0.0734954
759.5	0	0.0734954
760	0	0.0734954
760.5	0	0.0734954
761	0	0.0734954
761.5	0	0.0734954
762	0.00579312	0.0727704
762.5	0.127423	0.0728059
763	0.12749	0.0728413
763.5	0.127454	0.0728767
764	0.124355	0.0729108
764.5	0.130576	0.0729472
765	0.106436	0.0729505
765.5	0	0.0729505
766	0	0.0729505
766.5	0.0162328	0.0728068
767	0.127734	0.0728422
767.5	0.118178	0.0728697
768	0.0983365	0.0728883
768.5	0.1573	0.0729378
769	0.0963117	0.0729552
769.5	0.21607	0.0729824
770	0	0.0729824
770.5	0	0.0729824
771	0.0302731	0.0728815
771.5	0.133084	0.072923
772	0.134061	0.0729603
772.5	0.127449	0.0729777
773	0	0.0729777
773.5	0	0.0729777
774	0	0.0729777
774.5	0	0.0729777
775	0.00855025	0.0727479
775.5	0.127449	0.0727828
776	0.127449	0.072822
776.5	0.127449	0.0728263
777	0	0.0728263
777.5	0	0.0728263
778	0	0.0728263
778.5	0	0.0728263
779	0	0.0728263
779.5	0	0.0728263
780	0	0.0728263
780.5	0	0.0728263
781	0	0.0728263
781.5	0	0.0728263
782	0	0.0728263
782.5	0	0.0728263
783	0	0.0728263
783.5	0	0.0728263
784	0	0.0728263
784.5	0	0.0728263
785	0	0.0728263
785.5	0.00582474	0.0720188
786	0.129884	0.0720545
786.5	0.127428	0.0720893
787	0.127573	0.0721242
787.5	0.127459	0.0721589
788	0.126462	0.0721976
788.5	0.12762	0.0722323
789	0.128267	0.0722672
789.5	0.124771	0.0723007
790	0.129102	0.0723315
790.5	0.120576	0.0723673
791	0.139806	0.0724058
791.5	0.124152	0.072439
792	0.13053	0.0724788
792.5	0.127449	0.0725131
793	0.127449	0.0725474
793.5	0.127449	0.0725645
794	0	0.0725645
794.5	0	0.0725645
795	0.013452	0.0724338
795.5	0.120456	0.0724654
796	0.138469	0.0725079
796.5	0.12856	0.0725424
797	0.127449	0.0725764
797.5	0.127449	0.0726105
798	0.127449	0.0726444
798.5	0.127449	0.0726784
799	0.127449	0.0727123
799.5	0.127449	0.0727334
800	0	0.0727334
800.5	0	0.0727334
801	0	0.0727334
801.5	0	0.0727334
802	0	0.0727334
802.5	0	0.0727334
803	0.00838753	0.0724324
803.5	0.127449	0.0724663
804	0.127449	0.0725001
804.5	0.127449	0.0725339
805	0.125164	0.0725668
805.5	0.12734	0.0726004
806	0.127381	0.0726341
806.5	0.12414	0.0726665
807	0.0896638	0.0726776
807.5	0.111846	0.0726947
808	0.0403552	0.0726868
808.5	0.0663315	0.0726794
809	0.234854	0.0727802
809.5	0.127434	0.0728136
810	0.127454	0.072847
810.5	0.130565	0.0728813
811	0.127465	0.0729146
811.5	0.127638	0.0729521
812	0.127351	0.0729852
812.5	0.128532	0.0730187
813	0.126489	0.0730515
813.5	0.128424	0.0730849
814	0.125228	0.0731171
814.5	0.0736723	0.0731175
815	0.0973056	0.0731319
815.5	0.113318	0.0731559
816	0.167991	0.073194
816.5	0	0.073194
817	0	0.073194
817.5	0	0.073194
818	0	0.073194
818.5	0	0.073194
819	0	0.073194
819.5	0	0.073194
820	0	0.073194
820.5	0	0.073194
821	0	0.073194
821.5	0	0.073194
822	0	0.073194
822.5	0	0.073194
823	0	0.073194
823.5	0	0.073194
824	0	0.073194
824.5	0.00631174	0.0724855
825	0.131229	0.0725196
825.5	0.124186	0.0725514
826	0.124315	0.0725832
826.5	0.130799	0.0726171
827	0.13026	0.072655
827.5	0.127439	0.0726878
828	0.127563	0.0727205
828.5	0.126708	0.0727246
829	0	0.0727246
829.5	0	0.0727246
830	0	0.0727246
830.5	0	0.0727246
831	0	0.0727246
831.5	0.0113804	0.0724693
832	0.127449	0.0725019
832.5	0.126218	0.0725341
833	0.127522	0.0725668
833.5	0.127351	0.0725993
834	0.125394	0.0726311
834.5	0.129583	0.0726643
835	0.127391	0.0726845
835.5	0	0.0726845
836	0	0.0726845
836.5	0	0.0726845
837	0	0.0726845
837.5	0	0.0726845
838	0.0220962	0.0724909
838.5	0.115167	0.0725187
839	0.137319	0.0725497
839.5	0.134344	0.0725929
840	0.127568	0.0726252
840.5	0.128679	0.0726579
841	0.127568	0.0726901
841.5	0.127439	0.0727223
842	0.126417	0.072758
842.5	0.127228	0.07277
843	0	0.07277
843.5	0	0.07277
844	0	0.07277
844.5	0	0.07277
845	0	0.07277
845.5	0	0.07277
846	0	0.07277
846.5	0	0.07277
847	0	0.07277
847.5	0	0.07277
848	0	0.07277
848.5	0	0.07277
849	0	0.07277
849.5	0	0.07277
850	0	0.07277
850.5	0	0.07277
851	0	0.07277
851.5	0	0.07277
852	0	0.07277
852.5	0	0.07277
853	0	0.07277
853.5	0.00555881	0.0718776
854	0.129815	0.0719105
854.5	0.127449	0.0719145
855	0	0.0719145
855.5	0	0.0719145
856	0	0.0719145
856.5	0	0.0719145
857	0	0.0719145
857.5	0	0.0719145
858	0	0.0719145
858.5	0	0.0719145
859	0	0.0719145
859.5	0	0.0719145
860	0	0.0719145
860.5	0	0.0719145
861	0	0.0719145
861.5	0	0.0719145
862	0	0.0719145
862.5	0	0.0719145
863	0	0.0719145
863.5	0	0.0719145
864	0	0.0719145
864.5	0	0.0719145
865	0	0.0719145
865.5	0	0.0719145
866	0	0.0719145
866.5	0.00257651	0.0709359
867	0.0396638	0.0709144
867.5	0	0.0709144
868	0	0.0709144
868.5	0	0.0709144
869	0	0.0709144
869.5	0.0144555	0.0707376
870	0.127397	0.0707698
870.5	0.124242	0.0708009
871	0.110619	0.0708237
871.5	0.0831172	0.0708304
872	0.19191	0.0708987
872.5	0.127449	0.0709308
873	0.127449	0.0709668
873.5	0.127449	0.0709987
874	0.127449	0.0710267
874.5	0	0.0710267
875	0	0.0710267
875.5	0.015398	0.0709292
876	0.124336	0.0709601
876.5	0.130408	0.0709969
877	0.123864	0.0710238
877.5	0.127495	0.0710595
878	0.130679	0.0710923
878.5	0.127382	0.071124
879	0.12748	0.0711556
879.5	0.124385	0.0711863
880	0.12749	0.0712179
880.5	0.12852	0.0712498
881	0.127413	0.0712813
881.5	0.107907	0.0713025
882	0.0486451	0.0712901
882.5	0.0588388	0.0712825
883	0	0.0712825
883.5	0	0.0712825
884	0	0.0712825
884.5	0	0.0712825
885	0	0.0712825
885.5	0	0.0712825
886	0.00459965	0.0710248
886.5	0.0637639	0.0710197
887	0.12204	0.0710457
887.5	0.129683	0.0710818
888	0.129159	0.0710898
888.5	0	0.0710898
889	0.050675	0.0710577
889.5	0.127449	0.071089
890	0.127449	0.0710969
890.5	0.00938933	0.0710387
891	0.127486	0.071074
891.5	0.127526	0.0711013
892	0.10586	0.0711042
892.5	0	0.0711042
893	0.0319138	0.0710393
893.5	0.127346	0.0710704
894	0.129867	0.0711023
894.5	0.0742774	0.0711042
895	0.127542	0.0711354
895.5	0.124424	0.0711655
896	0.129281	0.0711971
896.5	0.116985	0.0712246
897	0.127397	0.0712555
897.5	0.126988	0.0712863
898	0.124409	0.0713163
898.5	0.129873	0.0713479
899	0.128948	0.0713792
899.5	0.127449	0.07141
900	0.127449	0.0714408
900.5	0.127449	0.0714754
901	0.127449	0.0715061
901.5	0.127449	0.0715367
902	0.115919	0.0715601
902.5	0.121648	0.0715817
903	0.107829	0.0716081
903.5	0.129715	0.0716393
904	0.0830822	0.0716453
904.5	0.0811448	0.0716473
905	0.085729	0.0716602
905.5	0.1355	0.0716971
906	0.099744	0.0717117
906.5	0.157646	0.0717591
907	0.127155	0.0717893
907.5	0.127444	0.0718196
908	0.127958	0.0718539
908.5	0.127449	0.0718841
909	0.127449	0.0719143
909.5	0.11646	0.0719342
910	0.11043	0.0719583
910.5	0	0.0719583
911	0	0.0719583
911.5	0	0.0719583
912	0	0.0719583
912.5	0	0.0719583
913	0	0.0719583
913.5	0	0.0719583
914	0	0.0719583
914.5	0	0.0719583
915	0	0.0719583
915.5	0	0.0719583
916	0	0.0719583
916.5	0	0.0719583
917	0	0.0719583
917.5	0	0.0719583
918	0	0.0719583
918.5	0	0.0719583
919	0	0.0719583
919.5	0	0.0719583
920	0	0.0719583
920.5	0	0.0719583
921	0	0.0719583
921.5	0.00546709	0.071127
922	0.127477	0.071161
922.5	0.127304	0.0711911
923	0.126917	0.0711949
923.5	0	0.0711949
924	0	0.0711949
924.5	0	0.0711949
925	0	0.0711949
925.5	0	0.0711949
926	0.00908604	0.0709624
926.5	0.130231	0.0709933
927	0.105946	0.0709961
927.5	0	0.0709961
928	0	0.0709961
928.5	0	0.0709961
929	0	0.0709961
929.5	0	0.0709961
930	0	0.0709961
930.5	0	0.0709961
931	0	0.0709961
931.5	0.00317196	0.0706347
932	0.128703	0.0706652
932.5	0	0.0706652
933	0	0.0706652
933.5	0	0.0706652
934	0	0.0706652
934.5	0	0.0706652
935	0	0.0706652
935.5	0	0.0706652
936	0	0.0706652
936.5	0	0.0706652
937	0	0.0706652
937.5	0.00858278	0.0703008
938	0.0991926	0.0703057
938.5	0	0.0703057
939	0	0.0703057
939.5	0	0.0703057
940	0.0101029	0.070156
940.5	0.12928	0.0701904
941	0.119413	0.0702145
941.5	0.132693	0.070246
942	0.135686	0.0702823
942.5	0.057384	0.0702748
943	0.145714	0.0703137
943.5	0	0.0703137
944	0.039461	0.0702811
944.5	0.127449	0.070311
945	0.127449	0.0703409
945.5	0.127449	0.0703707
946	0.127449	0.0704006
946.5	0.123528	0.0704292
947	0.13115	0.0704638
947.5	0.122744	0.0704886
948	0.129834	0.0705227
948.5	0.126115	0.070552
949	0.12924	0.0705821
949.5	0.127684	0.0705933
950	0	0.0705933
950.5	0	0.0705933
951	0	0.0705933
951.5	0	0.0705933
952	0	0.0705933
952.5	0	0.0705933
953	0	0.0705933
953.5	0.0109081	0.0703222
954	0.127449	0.0703518
954.5	0.127449	0.0703814
955	0.117115	0.0704077
955.5	0.0627698	0.0704037
956	0.199916	0.070473
956.5	0.126563	0.0705022
957	0.130238	0.0705324
957.5	0.127449	0.0705618
958	0.119867	0.0705888
958.5	0.130582	0.070619
959	0.130788	0.0706492
959.5	0.124256	0.0706775
960	0.130409	0.0707113
960.5	0.127459	0.0707405
961	0.124345	0.0707687
961.5	0.13259	0.0707993
962	0.127449	0.0708284
962.5	0.127449	0.0708574
963	0.127449	0.0708865
963.5	0.127449	0.0709191
964	0.127449	0.0709481
964.5	0.127449	0.0709589
965	0	0.0709589
965.5	0	0.0709589
966	0.0308019	0.0708846
966.5	0.127449	0.0709135
967	0.127449	0.0709424
967.5	0.117512	0.0709682
968	0.125616	0.0709929
968.5	0.135372	0.0710277
969	0.114285	0.0710523
969.5	0.144351	0.0710894
970	0.127413	0.0711181
970.5	0.126916	0.0711466
971	0.124471	0.0711744
971.5	0.12889	0.0712035
972	0.129381	0.0712362
972.5	0.125854	0.0712608
973	0.126216	0.0712925
973.5	0.125139	0.0713203
974	0.129883	0.0713495
974.5	0.130377	0.0713788
975	0.127397	0.0714072
975.5	0.127481	0.0714391
976	0.129366	0.071468
976.5	0.126784	0.0714926
977	0.107929	0.0715116
977.5	0.110289	0.0715343
978	0.137297	0.0715613
978.5	0.0907405	0.0715732
979	0.213522	0.071632
979.5	0.135081	0.0716509
980	0.101214	0.0716743
980.5	0.135185	0.0717083
981	0.194623	0.0717235
981.5	0	0.0717235
982	0	0.0717235
982.5	0	0.0717235
983	0	0.0717235
983.5	0	0.0717235
984	0	0.0717235
984.5	0	0.0717235
985	0	0.0717235
985.5	0.0080344	0.0714069
986	0.127449	0.071435
986.5	0.125226	0.0714624
987	0.127089	0.0714903
987.5	0.128043	0.0715185
988	0.129114	0.0715434
988.5	0.125967	0.0715675
989	0	0.0715675
989.5	0	0.0715675
990	0	0.0715675
990.5	0	0.0715675
991	0.0149976	0.0714177
991.5	0.132437	0.0714506
992	0.143573	0.0714865
992.5	0.126911	0.0715142
993	0.127352	0.071535
993.5	0	0.071535
994	0	0.071535
994.5	0	0.071535
995	0	0.071535
995.5	0	0.071535
996	0	0.071535
996.5	0	0.071535
997	0	0.071535
997.5	0	0.071535
998	0	0.071535
998.5	0	0.071535
999	0	0.071535
999.5	0	0.071535
1000	0	0.071535
1000.5	0	0.071535
1001	0.00577451	0.0709978
1001.5	0.121367	0.0710174
1002	0.0269657	0.0709917
1002.5	0.150561	0.0710332
1003	0.126247	0.0710606
1003.5	0.107618	0.0710793
1004	0.184771	0.0711275
1004.5	0.134932	0.0711646
1005	0.161772	0.0712084
1005.5	0.10981	0.0712277
1006	0.120234	0.0712532
1006.5	0.151957	0.0712864
1007	0.119288	0.0713085
1007.5	0	0.0713085
1008	0	0.0713085
1008.5	0	0.0713085
1009	0	0.0713085
1009.5	0	0.0713085
1010	0	0.0713085
1010.5	0	0.0713085
1011	0	0.0713085
1011.5	0	0.0713085
1012	0	0.0713085
1012.5	0	0.0713085
1013	0	0.0713085
1013.5	0	0.0713085
1014	0	0.0713085
1014.5	0	0.0713085
1015	0	0.0713085
1015.5	0	0.0713085
1016	0	0.0713085
1016.5	0	0.0713085
1017	0	0.0713085
1017.5	0	0.0713085
1018	0	0.0713085
1018.5	0	0.0713085
1019	0	0.0713085
1019.5	0	0.0713085
1020	0	0.0713085
1020.5	0	0.0713085
1021	0	0.0713085
1021.5	0	0.0713085
1022	0	0.0713085
1022.5	0	0.0713085
1023	0	0.0713085
1023.5	0	0.0713085
1024	0	0.0713085
1024.5	0	0.0713085
1025	0	0.0713085
1025.5	0	0.0713085
1026	0	0.0713085
1026.5	0	0.0713085
1027	0	0.0713085
1027.5	0	0.0713085
1028	0	0.0713085
1028.5	0	0.0713085
1029	0	0.0713085
1029.5	0	0.0713085
1030	0	0.0713085
1030.5	0	0.0713085
1031	0	0.0713085
1031.5	0	0.0713085
1032	0	0.0713085
1032.5	0	0.0713085
1033	0	0.0713085
1033.5	0	0.0713085
1034	0	0.0713085
1034.5	0	0.0713085
1035	0.00167404	0.0694108
1035.5	0.122455	0.0694371
1036	0.135721	0.0694668
1036.5	0.119554	0.0694923
1037	0.122592	0.0695186
1037.5	0.136107	0.0695483
1038	0.129501	0.0695798
1038.5	0.130734	0.0696082
1039	0.12431	0.0696349
1039.5	0.127449	0.0696623
1040	0.124926	0.0696891
1040.5	0.134164	0.0697182
1041	0.127397	0.0697456
1041.5	0.127449	0.0697764
1042	0.127449	0.0698037
1042.5	0.127459	0.069831
1043	0.121492	0.0698438
1043.5	0	0.0698438
1044	0	0.0698438
1044.5	0	0.0698438
1045	0	0.0698438
1045.5	0	0.0698438
1046	0	0.0698438
1046.5	0	0.0698438
1047	0	0.0698438
1047.5	0	0.0698438
1048	0	0.0698438
1048.5	0	0.0698438
1049	0	0.0698438
1049.5	0	0.0698438
1050	0	0.0698438
1050.5	0.00201925	0.0693406
1051	0.0785343	0.0693441
1051.5	0.155069	0.0693897
1052	0.117737	0.0694142
1052.5	0.126382	0.0694412
1053	0.211815	0.0694462
1053.5	0.0809039	0.0694568
1054	0.0925334	0.069468
1054.5	0.116506	0.0694891
1055	0.129726	0.0695064
1055.5	0	0.0695064
1056	0.00937476	0.0694586
1056.5	0	0.0694586
1057	0	0.0694586
1057.5	0	0.0694586
1058	0	0.0694586
1058.5	0	0.0694586
1059	0	0.0694586
1059.5	0	0.0694586
1060	0	0.0694586
1060.5	0	0.0694586
1061	0	0.0694586
1061.5	0	0.0694586
1062	0.00490953	0.0690689
1062.5	0.123919	0.0690919
1063	0.130327	0.0691232
1063.5	0.124345	0.0691494
1064	0.141818	0.069157
1064.5	0	0.069157
1065	0	0.069157
1065.5	0	0.069157
1066	0	0.069157
1066.5	0	0.069157
1067	0	0.069157
1067.5	0	0.069157
1068	0	0.069157
1068.5	0	0.069157
1069	0.00881904	0.0688548
1069.5	0.125052	0.0688846
1070	0.127171	0.0689116
1070.5	0.127552	0.0689386
1071	0.127261	0.0689655
1071.5	0	0.0689655
1072	0	0.0689655
1072.5	0	0.0689655
1073	0	0.0689655
1073.5	0	0.0689655
1074	0	0.0689655
1074.5	0	0.0689655
1075	0	0.0689655
1075.5	0	0.0689655
1076	0	0.0689655
1076.5	0	0.0689655
1077	0	0.0689655
1077.5	0	0.0689655
1078	0	0.0689655
1078.5	0	0.0689655
1079	0	0.0689655
1079.5	0.00555285	0.0684661
1080	0.130346	0.0684972
1080.5	0.127496	0.0685242
1081	0.127444	0.0685511
1081.5	0.124447	0.0685772
1082	0.130734	0.0686049
1082.5	0.127141	0.0686317
1083	0.126851	0.0686584
1083.5	0.127206	0.0686851
1084	0.13017	0.068716
1084.5	0.127449	0.0687427
1085	0.125407	0.0687689
1085.5	0.12724	0.0687956
1086	0.124467	0.0688215
1086.5	0.116076	0.0688421
1087	0.143529	0.0688572
1087.5	0	0.0688572
1088	0	0.0688572
1088.5	0	0.0688572
1089	0.0134578	0.0687382
1089.5	0	0.0687382
1090	0	0.0687382
1090.5	0	0.0687382
1091	0	0.0687382
1091.5	0	0.0687382
1092	0	0.0687382
1092.5	0	0.0687382
1093	0	0.0687382
1093.5	0	0.0687382
1094	0	0.0687382
1094.5	0	0.0687382
1095	0.00406079	0.0683948
1095.5	0	0.0683948
1096	0	0.0683948
1096.5	0	0.0683948
1097	0	0.0683948
1097.5	0	0.0683948
1098	0	0.0683948
1098.5	0	0.0683948
1099	0	0.0683948
1099.5	0	0.0683948
1100	0	0.0683948
1100.5	0	0.0683948
1101	0	0.0683948
1101.5	0	0.0683948
1102	0	0.0683948
1102.5	0	0.0683948
1103	0	0.0683948
1103.5	0	0.0683948
1104	0	0.0683948
1104.5	0.00161836	0.067807
1105	0.0899839	0.0678158
1105.5	0.0985522	0.0678313
1106	0.0474426	0.0678221
1106.5	0.0510899	0.0678151
1107	0.147286	0.0678535
1107.5	0.204702	0.0679105
1108	0.129238	0.0679408
1108.5	0.131028	0.0679682
1109	0.127449	0.0679946
1109.5	0.127449	0.0680178
1110	0	0.0680178
1110.5	0	0.0680178
1111	0.0298367	0.0679634
1111.5	0.127605	0.0679899
1112	0.127208	0.0680195
1112.5	0.128522	0.0680462
1113	0.12749	0.0680725
1113.5	0.127397	0.0680989
1114	0.127371	0.0681252
1114.5	0.127473	0.0681482
1115	0	0.0681482
1115.5	0	0.0681482
1116	0.0347643	0.0681008
1116.5	0.127584	0.0681271
1117	0.128919	0.0681536
1117.5	0.11507	0.068168
1118	0	0.068168
1118.5	0	0.068168
1119	0	0.068168
1119.5	0.00727842	0.0680504
1120	0.12762	0.0680766
1120.5	0.118896	0.0681006
1121	0.132221	0.0681279
1121.5	0.131697	0.0681583
1122	0.127423	0.0681844
1122.5	0.124424	0.0682098
1123	0.130538	0.0682365
1123.5	0.124414	0.0682618
1124	0.127994	0.068288
1124.5	0.127417	0.0683139
1125	0.121657	0.0683385
1125.5	0.13613	0.0683698
1126	0.127449	0.0683957
1126.5	0.127449	0.0684216
1127	0.127449	0.0684475
1127.5	0.126792	0.0684731
1128	0.128113	0.0684991
1128.5	0	0.0684991
1129	0.0374949	0.0684703
1129.5	0.0809674	0.0684746
1130	0.105359	0.0684917
1130.5	0.123372	0.0685164
1131	0.149762	0.0685504
1131.5	0.0529564	0.0685422
1132	0.0499066	0.0685344
1132.5	0.0754254	0.0685376
1133	0.0555198	0.0685327
1133.5	0.043261	0.0685206
1134	0.098702	0.0685354
1134.5	0.105129	0.0685499
1135	0.0301472	0.0685322
1135.5	0.110941	0.0685481
1136	0.0223006	0.0685338
1136.5	0	0.0685338
1137	0	0.0685338
1137.5	0	0.0685338
1138	0	0.0685338
1138.5	0	0.0685338
1139	0	0.0685338
1139.5	0	0.0685338
1140	0.0111413	0.0683205
1140.5	0.127173	0.068346
1141	0.128096	0.0683492
1141.5	0	0.0683492
1142	0	0.0683492
1142.5	0.0200841	0.0682665
1143	0.130717	0.0682928
1143.5	0.115644	0.0683125
1144	0.0704027	0.0683135
1144.5	0.0997504	0.0683222
1145	0.01118	0.0682871
1145.5	0.161232	0.068299
1146	0	0.068299
1146.5	0	0.068299
1147	0	0.068299
1147.5	0	0.068299
1148	0	0.068299
1148.5	0	0.068299
1149	0	0.068299
1149.5	0	0.068299
1150	0.00163328	0.0680197
1150.5	0.0925611	0.0680306
1151	0.0830674	0.0680368
1151.5	0.0846549	0.0680448
1152	0.0511874	0.0680381
1152.5	0.0754027	0.0680414
1153	0.105337	0.0680583
1153.5	0.2092	0.0681182
1154	0.163343	0.0681619
1154.5	0.127449	0.0681872
1155	0.127449	0.0682126
1155.5	0.12693	0.0682378
1156	0.127511	0.0682631
1156.5	0.126149	0.068288
1157	0.123305	0.0683062
1157.5	0	0.0683062
1158	0	0.0683062
1158.5	0	0.0683062
1159	0	0.0683062
1159.5	0	0.0683062
1160	0	0.0683062
1160.5	0	0.0683062
1161	0	0.0683062
1161.5	0	0.0683062
1162	0	0.0683062
1162.5	0	0.0683062
1163	0	0.0683062
1163.5	0	0.0683062
1164	0	0.0683062
1164.5	0.00819057	0.0679096
1165	0.127449	0.0679159
1165.5	0	0.0679159
1166	0	0.0679159
1166.5	0	0.0679159
1167	0.0132827	0.067805
1167.5	0.124423	0.0678295
1168	0.130626	0.0678554
1168.5	0.124423	0.0678799
1169	0.127434	0.0679051
1169.5	0.124389	0.0679295
1170	0.124404	0.0679539
1170.5	0.127351	0.067979
1171	0.137676	0.0680062
1171.5	0.110092	0.0680267
1172	0.0948392	0.0680381
1172.5	0.110715	0.0680562
1173	0.113179	0.068075
1173.5	0.18507	0.0681173
1174	0.153977	0.0681584
1174.5	0.12529	0.0681829
1175	0.124399	0.0682071
1175.5	0.13435	0.0682334
1176	0.0883503	0.068238
1176.5	0.104132	0.068261
1177	0.0555698	0.0682565
1177.5	0.112554	0.0682775
1178	0.110084	0.0682978
1178.5	0.072056	0.0682981
1179	0.038142	0.068277
1179.5	0.0925922	0.0682788
1180	0.00811383	0.0682294
1180.5	0.0719981	0.0682307
1181	0.0949835	0.068242
1181.5	0.129708	0.0682704
1182	0.12975	0.0682736
1182.5	0.00926379	0.0682312
1183	0.0359587	0.0682192
1183.5	0.113708	0.0682458
1184	0.162082	0.0682843
1184.5	0.162057	0.068315
1185	0.0244364	0.0682912
1185.5	0.19	0.0683337
1186	0	0.0683337
1186.5	0	0.0683337
1187	0	0.0683337
1187.5	0	0.0683337
1188	0	0.0683337
1188.5	0	0.0683337
1189	0	0.0683337
1189.5	0	0.0683337
1190	0.00343288	0.0680838
1190.5	0.119742	0.0681009
1191	0.0626265	0.068098
1191.5	0.130324	0.0681232
1192	0.12474	0.0681472
1192.5	0.127366	0.0681717
1193	0.12749	0.0681962
1193.5	0.127335	0.0682207
1194	0	0.0682207
1194.5	0	0.0682207
1195	0	0.0682207
1195.5	0	0.0682207
1196	0	0.0682207
1196.5	0.0104552	0.0680754
1197	0.124787	0.0680993
1197.5	0.130227	0.0681244
1198	0.127449	0.0681519
1198.5	0.127449	0.0681672
1199	0	0.0681672
1199.5	0	0.0681672
1200	0	0.0681672
1200.5	0	0.0681672
1201	0	0.0681672
1201.5	0	0.0681672
1202	0.00429928	0.0679727
1202.5	0.127449	0.0679972
1203	0.127449	0.0680216
1203.5	0.127449	0.068049
1204	0.127449	0.0680734
1204.5	0.127449	0.0680977
1205	0.127449	0.068122
1205.5	0.127449	0.0681463
1206	0.127449	0.0681706
1206.5	0.116579	0.0681922
1207	0.12613	0.0682162
1207.5	0.138841	0.068246
1208	0.127692	0.0682672
1208.5	0.124548	0.0682937
1209	0.125726	0.0683175
1209.5	0.132293	0.0683426
1210	0.0864767	0.0683454
1210.5	0.00929946	0.0683041
1211	0.127449	0.0683282
1211.5	0.127449	0.0683523
1212	0.127449	0.0683764
1212.5	0.127449	0.0684004
1213	0.127449	0.0684245
1213.5	0.127449	0.0684485
1214	0.127449	0.0684725
1214.5	0.121756	0.0684952
1215	0.132976	0.0685234
1215.5	0.120719	0.068543
1216	0.116494	0.068559
1216.5	0.0599656	0.0685543
1217	0.114513	0.0685699
1217.5	0.0689794	0.0685701
1218	0.0682388	0.06857
1218.5	0.0330486	0.0685561
1219	0	0.0685561
1219.5	0	0.0685561
1220	0.0216086	0.0685001
1220.5	0.0441726	0.0684894
1221	0.0656694	0.068488
1221.5	0.126428	0.0685116
1222	0.199557	0.0685286
1222.5	0	0.0685286
1223	0	0.0685286
1223.5	0	0.0685286
1224	0	0.0685286
1224.5	0	0.0685286
1225	0	0.0685286
1225.5	0.00217914	0.0683331
1226	0	0.0683331
1226.5	0	0.0683331
1227	0	0.0683331
1227.5	0	0.0683331
1228	0	0.0683331
1228.5	0	0.0683331
1229	0.00209153	0.0681304
1229.5	0.128484	0.0681545
1230	0.127449	0.0681783
1230.5	0.127449	0.068202
1231	0.127449	0.0682258
1231.5	0.127449	0.0682495
1232	0.125012	0.0682727
1232.5	0.127522	0.0682965
1233	0.127201	0.0683024
1233.5	0	0.0683024
1234	0	0.0683024
1234.5	0	0.0683024
1235	0	0.0683024
1235.5	0	0.0683024
1236	0	0.0683024
1236.5	0	0.0683024
1237	0	0.0683024
1237.5	0	0.0683024
1238	0	0.0683024
1238.5	0.00928257	0.0680197
1239	0.127408	0.0680434
1239.5	0.123397	0.0680662
1240	0.134209	0.0680912
1240.5	0.119392	0.0681075
1241	0	0.0681075
1241.5	0	0.0681075
1242	0	0.0681075
1242.5	0	0.0681075
1243	0	0.0681075
1243.5	0	0.0681075
1244	0	0.0681075
1244.5	0	0.0681075
1245	0	0.0681075
1245.5	0	0.0681075
1246	0	0.0681075
1246.5	0	0.0681075
1247	0	0.0681075
1247.5	0	0.0681075
1248	0	0.0681075
1248.5	0	0.0681075
1249	0	0.0681075
1249.5	0.00604108	0.0676548
1250	0.124469	0.0676778
1250.5	0.127587	0.0676955
1251	0.0834162	0.0677003
1251.5	0.0137902	0.0676757
1252	0	0.0676757
1252.5	0	0.0676757
1253	0	0.0676757
1253.5	0	0.0676757
1254	0	0.0676757
1254.5	0	0.0676757
1255	0	0.0676757
1255.5	0	0.0676757
1256	0	0.0676757
1256.5	0	0.0676757
1257	0	0.0676757
1257.5	0	0.0676757
1258	0	0.0676757
1258.5	0	0.0676757
1259	0	0.0676757
1259.5	0	0.0676757
1260	0	0.0676757
1260.5	0	0.0676757
1261	0	0.0676757
1261.5	0	0.0676757
1262	0	0.0676757
1262.5	0	0.0676757
1263	0	0.0676757
1263.5	0	0.0676757
1264	0	0.0676757
1264.5	0	0.0676757
1265	0	0.0676757
1265.5	0	0.0676757
1266	0	0.0676757
1266.5	0	0.0676757
1267	0.00250142	0.066867
1267.5	0.0884129	0.0668715
1268	0.0995474	0.0668919
1268.5	0.107981	0.0669037
1269	0.121998	0.0669317
1269.5	0.162012	0.0669608
1270	0.0705044	0.0669623
1270.5	0.10776	0.0669764
1271	0	0.0669764
1271.5	0	0.0669764
1272	0	0.0669764
1272.5	0	0.0669764
1273	0	0.0669764
1273.5	0	0.0669764
1274	0	0.0669764
1274.5	0	0.0669764
1275	0.00186045	0.0667604
1275.5	0	0.0667604
1276	0	0.0667604
1276.5	0	0.0667604
1277	0	0.0667604
1277.5	0	0.0667604
1278	0.0141625	0.0666233
1278.5	0.0863418	0.0666317
1279	0.100805	0.0666463
1279.5	0.110672	0.0666634
1280	0.0332282	0.0666511
1280.5	0.0902212	0.0666607
1281	0.169988	0.066698
1281.5	0.201111	0.0667554
1282	0.133712	0.06678
1282.5	0.12729	0.0667975
1283	0	0.0667975
1283.5	0.0486737	0.0667815
1284	0.127294	0.0668048
1284.5	0.127284	0.0668077
1285	0	0.0668077
1285.5	0	0.0668077
1286	0	0.0668077
1286.5	0	0.0668077
1287	0	0.0668077
1287.5	0	0.0668077
1288	0.00792938	0.0666264
1288.5	0	0.0666264
1289	0.0117604	0.0665979
1289.5	0	0.0665979
1290	0	0.0665979
1290.5	0	0.0665979
1291	0	0.0665979
1291.5	0	0.0665979
1292	0.00236476	0.0664326
1292.5	0.127449	0.0664559
1293	0.127449	0.0664734
1293.5	0	0.0664734
1294	0	0.0664734
1294.5	0	0.0664734
1295	0	0.0664734
1295.5	0	0.0664734
1296	0	0.0664734
1296.5	0	0.0664734
1297	0	0.0664734
1297.5	0	0.0664734
1298	0	0.0664734
1298.5	0	0.0664734
1299	0	0.0664734
1299.5	0	0.0664734
1300	0	0.0664734
1300.5	0	0.0664734
1301	0	0.0664734
1301.5	0	0.0664734
1302	0	0.0664734
1302.5	0	0.0664734
1303	0	0.0664734
1303.5	0.000736727	0.065935
1304	0.127449	0.0659583
1304.5	0.127248	0.0659816
1305	0.0718378	0.065984
1305.5	0.136253	0.0660089
1306	0.110717	0.0660259
1306.5	0.0721097	0.0660264
1307	0	0.0660264
1307.5	0	0.0660264
1308	0	0.0660264
1308.5	0.00985897	0.0659237
1309	0.0885308	0.0659329
1309.5	0.108053	0.0659376
1310	0.134649	0.0659835
1310.5	0.13018	0.0660072
1311	0.127449	0.0660303
1311.5	0.127449	0.0660534
1312	0.127449	0.0660765
1312.5	0.127449	0.0660996
1313	0.127449	0.0661227
1313.5	0.127449	0.0661486
1314	0.127449	0.0661716
1314.5	0.125376	0.0661942
1315	0.127411	0.0662172
1315.5	0.127766	0.0662374
1316	0.0719884	0.0662398
1316.5	0.0996095	0.0662518
1317	0.140308	0.066277
1317.5	0.0987322	0.0662907
1318	0.117695	0.0663116
1318.5	0.0231181	0.0663004
1319	0.0185525	0.0662851
1319.5	0.012232	0.0662587
1320	0	0.0662587
1320.5	0	0.0662587
1321	0	0.0662587
1321.5	0	0.0662587
1322	0	0.0662587
1322.5	0	0.0662587
1323	0	0.0662587
1323.5	0.00380775	0.0660639
1324	0.127449	0.0660867
1324.5	0.127449	0.0661096
1325	0.127449	0.0661325
1325.5	0.125325	0.0661549
1326	0.127311	0.0661634
1326.5	0	0.0661634
1327	0	0.0661634
1327.5	0	0.0661634
1328	0	0.0661634
1328.5	0.00550891	0.0660331
1329	0.114219	0.0660481
1329.5	0.143842	0.06608
1330	0.12474	0.0661023
1330.5	0.127382	0.066125
1331	0.127516	0.0661478
1331.5	0.130143	0.0661739
1332	0.125944	0.0661963
1332.5	0.128294	0.0662192
1333	0.127465	0.0662419
1333.5	0.126577	0.0662644
1334	0.0926476	0.0662744
1334.5	0.0473608	0.0662674
1335	0.127428	0.06629
1335.5	0.127366	0.0663069
1336	0	0.0663069
1336.5	0	0.0663069
1337	0	0.0663069
1337.5	0	0.0663069
1338	0	0.0663069
1338.5	0	0.0663069
1339	0	0.0663069
1339.5	0	0.0663069
1340	0	0.0663069
1340.5	0	0.0663069
1341	0	0.0663069
1341.5	0	0.0663069
1342	0	0.0663069
1342.5	0	0.0663069
1343	0.0010321	0.0659366
1343.5	0.110317	0.0659554
1344	0.11776	0.0659606
1344.5	0	0.0659606
1345	0	0.0659606
1345.5	0.0215917	0.0659005
1346	0.127449	0.0659259
1346.5	0.127449	0.0659485
1347	0.127449	0.0659513
1347.5	0.0352526	0.065931
1348	0.127449	0.0659563
1348.5	0.127449	0.0659788
1349	0.127449	0.0660013
1349.5	0.127449	0.0660238
1350	0.127449	0.0660463
1350.5	0.127449	0.0660687
1351	0.127449	0.0660911
1351.5	0.127449	0.0661135
1352	0.127449	0.0661387
1352.5	0.127449	0.0661611
1353	0.127449	0.0661835
1353.5	0.127449	0.0662058
1354	0.127449	0.0662281
1354.5	0.127449	0.0662504
1355	0.127449	0.0662727
1355.5	0.127449	0.066295
1356	0.127449	0.06632
1356.5	0.127449	0.0663339
1357	0	0.0663339
1357.5	0	0.0663339
1358	0	0.0663339
1358.5	0	0.0663339
1359	0	0.0663339
1359.5	0	0.0663339
1360	0	0.0663339
1360.5	0	0.0663339
1361	0	0.0663339
1361.5	0.00456753	0.0660996
1362	0.169725	0.0661384
1362.5	0.129372	0.066161
1363	0.146773	0.0661927
1363.5	0.113491	0.0662095
1364	0.154344	0.0662424
1364.5	0.123376	0.0662638
1365	0.122446	0.0662823
1365.5	0.134846	0.0663086
1366	0.123077	0.0663298
1366.5	0.126097	0.0663517
1367	0.129221	0.0663601
1367.5	0	0.0663601
1368	0	0.0663601
1368.5	0	0.0663601
1369	0.0236335	0.0662874
1369.5	0.127449	0.0663094
1370	0.127449	0.0663314
1370.5	0.127449	0.0663535
1371	0.127449	0.0663782
1371.5	0.127449	0.0664002
1372	0.127449	0.0664221
1372.5	0.127449	0.0664441
1373	0.127449	0.0664633
1373.5	0	0.0664633
1374	0	0.0664633
1374.5	0	0.0664633
1375	0	0.0664633
1375.5	0	0.0664633
1376	0	0.0664633
1376.5	0	0.0664633
1377	0	0.0664633
1377.5	0	0.0664633
1378	0	0.0664633
1378.5	0	0.0664633
1379	0	0.0664633
1379.5	0	0.0664633
1380	0	0.0664633
1380.5	0	0.0664633
1381	0	0.0664633
1381.5	0	0.0664633
1382	0	0.0664633
1382.5	0	0.0664633
1383	0	0.0664633
1383.5	0	0.0664633
1384	0	0.0664633
1384.5	0	0.0664633
1385	0	0.0664633
1385.5	0	0.0664633
1386	0	0.0664633
1386.5	0	0.0664633
1387	0	0.0664633
1387.5	0	0.0664633
1388	0	0.0664633
1388.5	0	0.0664633
1389	0	0.0664633
1389.5	0	0.0664633
1390	0	0.0664633
1390.5	0.000902118	0.0656413
1391	0	0.0656413
1391.5	0	0.0656413
1392	0	0.0656413
1392.5	0	0.0656413
1393	0	0.0656413
1393.5	0	0.0656413
1394	0	0.0656413
1394.5	0	0.0656413
1395	0	0.0656413
1395.5	0.00459171	0.0654165
1396	0	0.0654165
1396.5	0	0.0654165
1397	0	0.0654165
1397.5	0	0.0654165
1398	0	0.0654165
1398.5	0	0.0654165
1399	0	0.0654165
1399.5	0	0.0654165
1400	0	0.0654165
1400.5	0	0.0654165
1401	0	0.0654165
1401.5	0	0.0654165
1402	0	0.0654165
1402.5	0.00448939	0.0651122
1403	0.120283	0.0651328
1403.5	0.132304	0.0651584
1404	0.129756	0.0651807
1404.5	0.127435	0.0652053
1405	0.12749	0.0652271
1405.5	0.127449	0.065249
1406	0.12437	0.0652703
1406.5	0.130625	0.0652926
1407	0.127371	0.0653144
1407.5	0.127522	0.0653362
1408	0.124434	0.0653574
1408.5	0.12475	0.0653787
1409	0.124335	0.0653999
1409.5	0.13649	0.065426
1410	0.128557	0.0654479
1410.5	0.107675	0.0654632
1411	0.115726	0.0654753
1411.5	0.131988	0.0655062
1412	0.138703	0.0655327
1412.5	0.136646	0.0655587
1413	0	0.0655587
1413.5	0	0.0655587
1414	0	0.0655587
1414.5	0	0.0655587
1415	0	0.0655587
1415.5	0	0.0655587
1416	0	0.0655587
1416.5	0	0.0655587
1417	0	0.0655587
1417.5	0	0.0655587
1418	0.00427892	0.0653205
1418.5	0.127433	0.0653421
1419	0.127496	0.0653637
1419.5	0.127978	0.0653854
1420	0.083048	0.0653913
1420.5	0.117628	0.065411
1421	0.153636	0.0654427
1421.5	0.319513	0.0654515
1422	0	0.0654515
1422.5	0	0.0654515
1423	0	0.0654515
1423.5	0	0.0654515
1424	0	0.0654515
1424.5	0	0.0654515
1425	0	0.0654515
1425.5	0	0.0654515
1426	0	0.0654515
1426.5	0	0.0654515
1427	0	0.0654515
1427.5	0	0.0654515
1428	0	0.0654515
1428.5	0	0.0654515
1429	0	0.0654515
1429.5	0	0.0654515
1430	0	0.0654515
1430.5	0	0.0654515
1431	0	0.0654515
1431.5	0.00374809	0.0649995
1432	0.12649	0.0650208
1432.5	0	0.0650208
1433	0	0.0650208
1433.5	0.00552817	0.0649618
1434	0	0.0649618
1434.5	0	0.0649618
1435	0	0.0649618
1435.5	0.00810309	0.0648849
1436	0.0499007	0.0648783
1436.5	0.11928	0.0648958
1437	0.117838	0.0649155
1437.5	0.0664136	0.064916
1438	0.0752246	0.0649197
1438.5	0.058935	0.0649175
1439	0.157813	0.0649497
1439.5	0.204874	0.0649981
1440	0.132699	0.0650204
1440.5	0.117372	0.0650399
1441	0.0926777	0.065048
1441.5	0.0442347	0.0650403
1442	0.114028	0.0650474
1442.5	0.0469171	0.0650368
1443	0.135587	0.0650595
1443.5	0.215535	0.0650709
1444	0	0.0650709
1444.5	0	0.0650709
1445	0	0.0650709
1445.5	0	0.0650709
1446	0	0.0650709
1446.5	0.013737	0.0649491
1447	0.11325	0.0649653
1447.5	0.110691	0.064981
1448	0.161781	0.0650135
1448.5	0.127449	0.0650348
1449	0.105644	0.0650494
1449.5	0.0903444	0.0650585
1450	0.0563088	0.0650568
1450.5	0	0.0650568
1451	0.0184644	0.0650294
1451.5	0.03708	0.0650131
1452	0.048583	0.0650076
1452.5	0.0749248	0.0650112
1453	0.16866	0.0650311
1453.5	0	0.0650311
1454	0	0.0650311
1454.5	0	0.0650311
1455	0	0.0650311
1455.5	0	0.0650311
1456	0	0.0650311
1456.5	0	0.0650311
1457	0	0.0650311
1457.5	0	0.0650311
1458	0	0.0650311
1458.5	0	0.0650311
1459	0	0.0650311
1459.5	0.00235962	0.064745
1460	0.0518657	0.0647423
1460.5	0.0719871	0.0647456
1461	0.0852526	0.0647546
1461.5	0.0831489	0.0647606
1462	0.140227	0.0647837
1462.5	0.215921	0.0647988
1463	0.0594431	0.0647954
1463.5	0.185066	0.0648373
1464	0.178568	0.0648749
1464.5	0.127387	0.064896
1465	0.127511	0.0649171
1465.5	0.127361	0.0649381
1466	0.127387	0.0649591
1466.5	0.127465	0.0649802
1467	0.127202	0.0650038
1467.5	0.12755	0.0650248
1468	0.130006	0.0650462
1468.5	0.127695	0.0650672
1469	0.126977	0.065075
1469.5	0	0.065075
1470	0	0.065075
1470.5	0	0.065075
1471	0	0.065075
1471.5	0	0.065075
1472	0	0.065075
1472.5	0.00618276	0.0649225
1473	0.127449	0.0649434
1473.5	0.127449	0.0649643
1474	0.127449	0.0649879
1474.5	0.127449	0.0650088
1475	0.127449	0.0650297
1475.5	0.127449	0.0650505
1476	0.127449	0.0650714
1476.5	0.127449	0.0650923
1477	0.127449	0.0651131
1477.5	0.127449	0.0651365
1478	0.127266	0.0651573
1478.5	0.12762	0.0651781
1479	0.127461	0.0651989
1479.5	0.125937	0.0652194
1480	0.127532	0.0652401
1480.5	0.127615	0.0652453
1481	0	0.0652453
1481.5	0	0.0652453
1482	0	0.0652453
1482.5	0.00658364	0.0651508
1483	0.0616263	0.0651496
1483.5	0.149319	0.0651765
1484	0.179474	0.0652103
1484.5	0	0.0652103
1485	0	0.0652103
1485.5	0.0151568	0.0651578
1486	0.12744	0.0651811
1486.5	0.124871	0.0652013
1487	0.1218	0.0652185
1487.5	0.0995178	0.0652222
1488	0	0.0652222
1488.5	0.0115934	0.0651733
1489	0.127449	0.0651939
1489.5	0.127475	0.0652146
1490	0.127504	0.0652378
1490.5	0.120623	0.0652547
1491	0.130327	0.0652784
1491.5	0	0.0652784
1492	0	0.0652784
1492.5	0	0.0652784
1493	0	0.0652784
1493.5	0	0.0652784
1494	0	0.0652784
1494.5	0	0.0652784
1495	0	0.0652784
1495.5	0	0.0652784
1496	0	0.0652784
1496.5	0.0014378	0.0650452
1497	0.119592	0.0650523
1497.5	0	0.0650523
1498	0	0.0650523
1498.5	0	0.0650523
1499	0	0.0650523
1499.5	0	0.0650523
1500	0	0.0650523
1500.5	0	0.0650523
1501	0	0.0650523
1501.5	0	0.0650523
1502	0	0.0650523
1502.5	0	0.0650523
1503	0.00619082	0.0648037
1503.5	0.127397	0.0648242
1504	0.127459	0.0648448
1504.5	0.130677	0.0648659
1505	0.127449	0.0648864
1505.5	0.122612	0.0648987
1506	0	0.0648987
1506.5	0	0.0648987
1507	0.0180823	0.0648446
1507.5	0.127449	0.0648651
1508	0.127281	0.0648856
1508.5	0.127366	0.064906
1509	0.125409	0.0649261
1509.5	0.127448	0.0649466
1510	0.129537	0.0649673
1510.5	0.127558	0.0649878
1511	0.127352	0.0650107
1511.5	0.127573	0.0650311
1512	0.127325	0.0650515
1512.5	0.12776	0.0650693
1513	0	0.0650693
1513.5	0	0.0650693
1514	0	0.0650693
1514.5	0	0.0650693
1515	0	0.0650693
1515.5	0	0.0650693
1516	0	0.0650693
1516.5	0	0.0650693
1517	0	0.0650693
1517.5	0	0.0650693
1518	0	0.0650693
1518.5	0	0.0650693
1519	0	0.0650693
1519.5	0	0.0650693
1520	0	0.0650693
1520.5	0	0.0650693
1521	0	0.0650693
1521.5	0	0.0650693
1522	0	0.0650693
1522.5	0.00700009	0.0646838
1523	0.13075	0.0647047
1523.5	0.12435	0.0647245
1524	0.119436	0.064741
1524.5	0.137025	0.0647601
1525	0.0647543	0.0647601
1525.5	0.0809821	0.0647663
1526	0.0602521	0.0647647
1526.5	0.138992	0.0647812
1527	0.174707	0.0648331
1527.5	0.129589	0.0648536
1528	0.106158	0.0648596
1528.5	0	0.0648596
1529	0.0262303	0.0648294
1529.5	0.0499509	0.0648248
1530	0.0540347	0.0648207
1530.5	0.0422468	0.0648124
1531	0.0925991	0.0648217
1531.5	0.115852	0.064833
1532	0.0529737	0.0648284
1532.5	0.0949579	0.0648381
1533	0.114289	0.0648515
1533.5	0.0875554	0.0648581
1534	0	0.0648581
1534.5	0.0332709	0.0648338
1535	0.235865	0.0648895
1535.5	0.127449	0.0649096
1536	0.127449	0.0649222
1536.5	0	0.0649222
1537	0.0381318	0.0649006
1537.5	0.127449	0.0649056
1538	0	0.0649056
1538.5	0	0.0649056
1539	0	0.0649056
1539.5	0	0.0649056
1540	0	0.0649056
1540.5	0	0.0649056
1541	0	0.0649056
1541.5	0	0.0649056
1542	0	0.0649056
1542.5	0	0.0649056
1543	0	0.0649056
1543.5	0	0.0649056
1544	0	0.0649056
1544.5	0	0.0649056
1545	0	0.0649056
1545.5	0	0.0649056
1546	0	0.0649056
1546.5	0	0.0649056
1547	0	0.0649056
1547.5	0	0.0649056
1548	0	0.0649056
1548.5	0	0.0649056
1549	0.00396372	0.0644375
1549.5	0.128124	0.0644577
1550	0.127449	0.0644777
1550.5	0.127449	0.0644977
1551	0.127449	0.0645178
1551.5	0.127449	0.0645378
1552	0.127449	0.0645578
1552.5	0.126206	0.0645776
1553	0.124902	0.0645971
1553.5	0.127444	0.0646196
1554	0.130097	0.06464
1554.5	0.12718	0.0646598
1555	0.129003	0.06468
1555.5	0.122295	0.0646991
1556	0.0486747	0.0646941
1556.5	0.0905197	0.0647027
1557	0.0785985	0.0647063
1557.5	0.0442633	0.0646993
1558	0.0528812	0.0646948
1558.5	0.129561	0.064715
1559	0.107773	0.064717
1559.5	0.0259083	0.0646944
1560	0.129539	0.0646969
1560.5	0	0.0646969
1561	0	0.0646969
1561.5	0	0.0646969
1562	0	0.0646969
1562.5	0	0.0646969
1563	0	0.0646969
1563.5	0	0.0646969
1564	0	0.0646969
1564.5	0	0.0646969
1565	0	0.0646969
1565.5	0	0.0646969
1566	0	0.0646969
1566.5	0	0.0646969
1567	0	0.0646969
1567.5	0	0.0646969
1568	0	0.0646969
1568.5	0	0.0646969
1569	0.00249082	0.0643215
1569.5	0.123869	0.0643384
1570	0	0.0643384
1570.5	0	0.0643384
1571	0	0.0643384
1571.5	0	0.0643384
1572	0	0.0643384
1572.5	0	0.0643384
1573	0	0.0643384
1573.5	0	0.0643384
1574	0	0.0643384
1574.5	0	0.0643384
1575	0	0.0643384
1575.5	0	0.0643384
1576	0	0.0643384
1576.5	0	0.0643384
1577	0	0.0643384
1577.5	0	0.0643384
1578	0	0.0643384
1578.5	0	0.0643384
1579	0	0.0643384
1579.5	0	0.0643384
1580	0.00519033	0.0639415
1580.5	0.140433	0.0639632
1581	0.124929	0.0639826
1581.5	0.0844173	0.0639886
1582	0.114366	0.0639952
1582.5	0	0.0639952
1583	0.0373206	0.0639739
1583.5	0	0.0639739
1584	0	0.0639739
1584.5	0	0.0639739
1585	0	0.0639739
1585.5	0	0.0639739
1586	0	0.0639739
1586.5	0	0.0639739
1587	0	0.0639739
1587.5	0	0.0639739
1588	0	0.0639739
1588.5	0	0.0639739
1589	0	0.0639739
1589.5	0	0.0639739
1590	0	0.0639739
1590.5	0	0.0639739
1591	0	0.0639739
1591.5	0	0.0639739
1592	0	0.0639739
1592.5	0	0.0639739
1593	0	0.0639739
1593.5	0	0.0639739
1594	0	0.0639739
1594.5	0	0.0639739
1595	0	0.0639739
1595.5	0	0.0639739
1596	0	0.0639739
1596.5	0.00403513	0.063462
1597	0.127449	0.0634817
1597.5	0.127449	0.0635015
1598	0.127449	0.0635212
1598.5	0.127079	0.0635409
1599	0.126997	0.0635606
1599.5	0.12738	0.0635827
1600	0.128358	0.0636026
