2.5	0.0192271	0.146885
3	0.127449	0.135111
3.5	0.127449	0.132006
4	0.124574	0.130004
4.5	0.127377	0.129456
5	0.12748	0.129116
5.5	0.127568	0.128888
6	0.130379	0.129076
6.5	0.127449	0.12889
7	0.127449	0.128743
7.5	0.127449	0.128609
8	0.127449	0.128512
8.5	0.127162	0.128407
9	0.127738	0.128359
9.5	0.127449	0.128298
10	0.127449	0.128244
10.5	0.127449	0.128197
11	0.127449	0.128156
11.5	0.127449	0.128114
12	0.127449	0.128081
12.5	0.126668	0.128013
13	0.128239	0.128023
13.5	0.127449	0.127998
14	0.127449	0.127975
14.5	0.127449	0.12796
15	0	0.12796
15.5	0	0.12796
16	0	0.12796
16.5	0	0.12796
17	0	0.12796
17.5	0	0.12796
18	0	0.12796
18.5	0	0.12796
19	0	0.12796
19.5	0	0.12796
20	0	0.12796
20.5	0	0.12796
21	0	0.12796
21.5	0	0.12796
22	0	0.12796
22.5	0	0.12796
23	0	0.12796
23.5	0	0.12796
24	0	0.12796
24.5	0	0.12796
25	0	0.12796
25.5	0	0.12796
26	0.00604668	0.0683402
26.5	0.127449	0.0689435
27	0	0.0689435
27.5	0.0190904	0.0665196
28	0.127449	0.0666671
28.5	0	0.0666671
29	0	0.0666671
29.5	0	0.0666671
30	0	0.0666671
30.5	0	0.0666671
31	0	0.0666671
31.5	0.00594275	0.0584812
32	0.127437	0.059478
32.5	0.126371	0.0607087
33	0.138277	0.0619914
33.5	0.116151	0.0628082
34	0.133602	0.0637243
34.5	0.0648695	0.0637287
35	0	0.0637287
35.5	0	0.0637287
36	0	0.0637287
36.5	0	0.0637287
37	0.0131289	0.0593933
37.5	0.113353	0.0601327
38	0.138466	0.0612464
38.5	0	0.0612464
39	0	0.0612464
39.5	0	0.0612464
40	0	0.0612464
40.5	0.00312685	0.0574465
41	0.105221	0.057997
41.5	0.144104	0.0591878
42	0.0829513	0.0594699
42.5	0.132466	0.0604336
43	0.320698	0.0609059
43.5	0.0587297	0.0608567
44	0.129152	0.0616494
44.5	0.144395	0.0626047
45	0.12732	0.0633492
45.5	0.127631	0.0640785
46	0.127211	0.0647891
46.5	0.127547	0.0654858
47	0.127431	0.0662505
47.5	0.127361	0.0669143
48	0.127636	0.0675653
48.5	0.128589	0.0682078
49	0.124446	0.0688131
49.5	0.127475	0.0694231
50	0.122076	0.0699887
50.5	0.130636	0.0705914
51	0.130312	0.0712533
51.5	0	0.0712533
52	0	0.0712533
52.5	0.0119095	0.0696959
53	0	0.0696959
53.5	0.0198935	0.0685493
54	0.127611	0.0691092
54.5	0.127449	0.0696578
55	0.127116	0.0701945
55.5	0.127784	0.0707246
56	0.127449	0.0712433
56.5	0.127449	0.0717527
57	0.127449	0.0722529
57.5	0.0916812	0.0724331
58	0.125214	0.0727892
58.5	0.0719921	0.0727799
59	0.102332	0.0730191
59.5	0.0844201	0.0730748
60	0	0.0730748
60.5	0	0.0730748
61	0	0.0730748
61.5	0	0.0730748
62	0.00854779	0.0701071
62.5	0.127457	0.0704004
63	0	0.0704004
63.5	0	0.0704004
64	0	0.0704004
64.5	0	0.0704004
65	0	0.0704004
65.5	0	0.0704004
66	0	0.0704004
66.5	0	0.0704004
67	0	0.0704004
67.5	0	0.0704004
68	0	0.0704004
68.5	0	0.0704004
69	0	0.0704004
69.5	0	0.0704004
70	0	0.0704004
70.5	0.00668854	0.0627511
71	0.127449	0.0631562
71.5	0	0.0631562
72	0	0.0631562
72.5	0	0.0631562
73	0.0190256	0.0618725
73.5	0.127449	0.062325
74	0.127449	0.0627712
74.5	0.127449	0.0632114
75	0.127391	0.0636455
75.5	0.127507	0.0640741
76	0.127449	0.0644968
76.5	0.121515	0.0648928
77	0.0946468	0.0650905
77.5	0.0441676	0.0649426
78	0.110902	0.0652
78.5	0.0973304	0.0654037
79	0	0.0654037
79.5	0	0.0654037
80	0	0.0654037
80.5	0	0.0654037
81	0	0.0654037
81.5	0	0.0654037
82	0	0.0654037
82.5	0	0.0654037
83	0	0.0654037
83.5	0	0.0654037
84	0	0.0654037
84.5	0	0.0654037
85	0	0.0654037
85.5	0	0.0654037
86	0	0.0654037
86.5	0	0.0654037
87	0	0.0654037
87.5	0.00180289	0.0588911
88	0.0294561	0.0586169
88.5	0.100823	0.0588832
89	0.110448	0.0591785
89.5	0.169054	0.0598787
90	0.0945938	0.0600752
90.5	0.145388	0.060544
91	0.11941	0.0608488
91.5	0.115332	0.0611805
92	0.220985	0.0620015
92.5	0.127449	0.0624026
93	0.127449	0.062755
93.5	0.127449	0.0631037
94	0.12702	0.0634474
94.5	0.127266	0.0637458
95	0	0.0637458
95.5	0	0.0637458
96	0	0.0637458
96.5	0.0228778	0.0628547
97	0.130726	0.0631982
97.5	0.126907	0.0635698
98	0.111996	0.0638174
98.5	0.0570712	0.0637886
99	0.112691	0.0640697
99.5	0.110809	0.0643077
100	0.0499238	0.0642384
100.5	0.0985339	0.0644327
101	0.15426	0.0648946
101.5	0.108191	0.0649263
102	0	0.0649263
102.5	0	0.0649263
103	0	0.0649263
103.5	0.0064482	0.063523
104	0.127392	0.0638318
104.5	0.127459	0.0641378
105	0.127615	0.064214
105.5	0	0.064214
106	0	0.064214
106.5	0	0.064214
107	0	0.064214
107.5	0	0.064214
108	0	0.064214
108.5	0	0.064214
109	0.0143047	0.0621654
109.5	0.124082	0.0624207
110	0.130158	0.0627613
110.5	0.127563	0.0630555
111	0.124444	0.0633399
111.5	0.127397	0.0636284
112	0	0.0636284
112.5	0.0477788	0.0634869
113	0.129106	0.0638105
113.5	0.126897	0.0640906
114	0.127397	0.0643694
114.5	0.104984	0.0645315
115	0.0740318	0.0645672
115.5	0.076227	0.0646307
116	0.116469	0.0648454
116.5	0.129628	0.0650514
117	0.035315	0.0648789
117.5	0.157636	0.0652392
118	0.0826173	0.0653246
118.5	0.0925157	0.0654434
119	0.122677	0.0656627
119.5	0.129618	0.0659266
120	0.073477	0.0659608
120.5	0.116066	0.0661612
121	0.0540322	0.0661315
121.5	0	0.0661315
122	0	0.0661315
122.5	0	0.0661315
123	0	0.0661315
123.5	0	0.0661315
124	0.00781107	0.0646869
124.5	0.0699676	0.0647111
125	0.0145559	0.0644909
125.5	0	0.0644909
126	0	0.0644909
126.5	0	0.0644909
127	0.0154344	0.0636915
127.5	0.073295	0.0637325
128	0	0.0637325
128.5	0.0385419	0.0635296
129	0.072207	0.063537
129.5	0	0.063537
130	0	0.063537
130.5	0	0.063537
131	0	0.063537
131.5	0	0.063537
132	0	0.063537
132.5	0.0139516	0.06204
133	0.127418	0.062286
133.5	0.127542	0.0625305
134	0.126043	0.0627704
134.5	0.12761	0.0630113
135	0.127355	0.0632797
135.5	0.109756	0.063454
136	0.0877121	0.0635351
136.5	0.141009	0.0638558
137	0.170154	0.0642192
137.5	0.122096	0.0644389
138	0.130598	0.0646729
138.5	0.127295	0.0648429
139	0	0.0648429
139.5	0	0.0648429
140	0	0.0648429
140.5	0	0.0648429
141	0	0.0648429
141.5	0	0.0648429
142	0	0.0648429
142.5	0	0.0648429
143	0	0.0648429
143.5	0	0.0648429
144	0	0.0648429
144.5	0	0.0648429
145	0.00117798	0.0618756
145.5	0.0967411	0.0619349
146	0.137589	0.0623247
146.5	0.127423	0.0625468
147	0.12277	0.0627593
147.5	0.132168	0.062986
148	0.129137	0.0632065
148.5	0.11066	0.0633674
149	0.117744	0.0635647
149.5	0.155468	0.0638794
150	0.127449	0.0640911
150.5	0.127192	0.064301
151	0.127678	0.0645364
151.5	0.127449	0.0647437
152	0.127361	0.0649496
152.5	0.127537	0.0651544
153	0.127449	0.0653577
153.5	0.127449	0.0655597
154	0.127449	0.0657603
154.5	0.127449	0.0659597
155	0.127392	0.0661824
155.5	0.127241	0.0663787
156	0.127722	0.0665746
156.5	0.127449	0.0667687
157	0.127449	0.0669617
157.5	0.126389	0.0671516
158	0.125062	0.067338
158.5	0.131049	0.0675332
159	0.126638	0.0677199
159.5	0.127423	0.0679301
160	0.127522	0.0681158
160.5	0.122626	0.068226
161	0.119789	0.0684386
161.5	0.138725	0.068663
162	0.129443	0.0687323
162.5	0.0174294	0.068588
163	0	0.068588
163.5	0	0.068588
164	0	0.068588
164.5	0	0.068588
165	0	0.068588
165.5	0	0.068588
166	0	0.068588
166.5	0	0.068588
167	0	0.068588
167.5	0	0.068588
168	0.00134213	0.0662181
168.5	0.125037	0.0663956
169	0.127522	0.0665759
169.5	0.129606	0.066781
170	0.127449	0.0669589
170.5	0.127449	0.0671358
171	0.127449	0.0673117
171.5	0.127449	0.0674865
172	0.127449	0.0676604
172.5	0.121385	0.0678234
173	0	0.0678234
173.5	0	0.0678234
174	0	0.0678234
174.5	0	0.0678234
175	0.00629665	0.0669365
175.5	0.127449	0.0671084
176	0.127449	0.0672793
176.5	0.127449	0.0674705
177	0.127449	0.0676393
177.5	0.127449	0.0678072
178	0.127449	0.0679742
178.5	0.127449	0.0681403
179	0.127449	0.0683054
179.5	0.127449	0.0684696
180	0.127449	0.0686329
180.5	0.127449	0.0688155
181	0.127449	0.0689769
181.5	0.127224	0.0691371
182	0.113735	0.0692397
182.5	0.140254	0.069416
183	0.127541	0.0696137
183.5	0.122472	0.0697444
184	0.0965457	0.0698282
184.5	0.165422	0.0701016
185	0.125973	0.0702538
185.5	0.127547	0.0704075
186	0.12886	0.0705623
186.5	0.127449	0.0707142
187	0.127449	0.0708653
187.5	0.127449	0.0710157
188	0.126504	0.0711638
188.5	0.127394	0.071331
189	0.127397	0.0714787
189.5	0.127423	0.0716258
190	0.127516	0.0717722
190.5	0.127542	0.0719178
191	0.127356	0.0720625
191.5	0.127516	0.0722066
192	0.127465	0.0723499
192.5	0.127394	0.0725101
193	0.127559	0.072652
193.5	0.124257	0.0727881
194	0.130859	0.0729333
194.5	0.127387	0.0730727
195	0.121521	0.0732024
195.5	0.133923	0.0733496
196	0.124301	0.0734823
196.5	0.13129	0.0736422
197	0.127449	0.0737781
197.5	0.127449	0.0738796
198	0.090281	0.0739306
198.5	0.12732	0.0740646
199	0.127475	0.0741981
199.5	0.127444	0.074331
200	0.127421	0.0744796
200.5	0.127579	0.0746113
201	0.127351	0.074742
201.5	0.128816	0.0748741
202	0.126358	0.075002
202.5	0.0589889	0.0749595
203	0.129537	0.0750747
203.5	0.0965973	0.0751355
204	0.154375	0.0753349
204.5	0.196209	0.0755738
205	0	0.0755738
205.5	0.00760898	0.0752292
206	0	0.0752292
206.5	0	0.0752292
207	0	0.0752292
207.5	0.0306878	0.0747857
208	0.0844786	0.0747988
208.5	0	0.0747988
209	0	0.0747988
209.5	0	0.0747988
210	0	0.0747988
210.5	0	0.0747988
211	0	0.0747988
211.5	0	0.0747988
212	0	0.0747988
212.5	0	0.0747988
213	0	0.0747988
213.5	0	0.0747988
214	0	0.0747988
214.5	0	0.0747988
215	0	0.0747988
215.5	0	0.0747988
216	0.0057395	0.0721507
216.5	0.132993	0.0722846
217	0.108199	0.0723695
217.5	0.145791	0.0725346
218	0.0719105	0.072533
218.5	0.120613	0.0726486
219	0.122497	0.0727517
219.5	0.0967461	0.0728143
220	0.169164	0.0729375
220.5	0.0693921	0.0729265
221	0.171722	0.0731121
221.5	0.103771	0.0731967
222	0.0811978	0.0732142
222.5	0.119411	0.0733107
223	0.100851	0.0733785
223.5	0.113613	0.0734664
224	0.132492	0.0736082
224.5	0.224857	0.0739404
225	0.127449	0.0740586
225.5	0.127449	0.0741763
226	0.127449	0.0743081
226.5	0.127449	0.0744247
227	0.127437	0.0745408
227.5	0.125507	0.0746538
228	0.107838	0.0747286
228.5	0.138862	0.0748727
229	0.110318	0.0749504
229.5	0.1581	0.0751137
230	0.127449	0.0752409
230.5	0.127449	0.0753535
231	0.127449	0.0754656
231.5	0.127449	0.0755771
232	0.127449	0.0756883
232.5	0.127449	0.0757989
233	0.125014	0.0759059
233.5	0.127449	0.0759882
234	0	0.0759882
234.5	0	0.0759882
235	0	0.0759882
235.5	0	0.0759882
236	0	0.0759882
236.5	0	0.0759882
237	0	0.0759882
237.5	0	0.0759882
238	0.00506075	0.07459
238.5	0.135986	0.0747099
239	0.102336	0.0747635
239.5	0.120577	0.074864
240	0.0965144	0.0749158
240.5	0.0980694	0.0749546
241	0.116415	0.0750599
241.5	0.215935	0.0752951
242	0.10584	0.0753706
242.5	0.174913	0.0755564
243	0	0.0755564
243.5	0	0.0755564
244	0	0.0755564
244.5	0.0229548	0.0751114
245	0.130895	0.0752215
245.5	0.127449	0.0753272
246	0.127449	0.0754324
246.5	0.127449	0.0755372
247	0.127449	0.0756547
247.5	0.127449	0.0757586
248	0.127449	0.0758621
248.5	0.127449	0.0759652
249	0.127449	0.0760679
249.5	0.127449	0.0761702
250	0.127449	0.076272
250.5	0.127449	0.0762974
251	0	0.0762974
251.5	0	0.0762974
252	0.00410267	0.075745
252.5	0.131426	0.0758512
253	0.127449	0.0759525
253.5	0.127449	0.0760534
254	0.127449	0.0761664
254.5	0.127449	0.0762664
255	0.127449	0.0763661
255.5	0.127449	0.0764654
256	0.126334	0.0765629
256.5	0.127439	0.0766614
257	0.121473	0.0767522
257.5	0.130657	0.0768536
258	0.131366	0.0769681
258.5	0.127449	0.077065
259	0.127449	0.0770892
259.5	0	0.0770892
260	0	0.0770892
260.5	0	0.0770892
261	0	0.0770892
261.5	0	0.0770892
262	0.00233546	0.0761231
262.5	0.130739	0.0762238
263	0.127325	0.0763203
263.5	0.127412	0.0764286
264	0.12749	0.0765246
264.5	0.127501	0.0766202
265	0.127423	0.0767154
265.5	0.127309	0.0768101
266	0.127573	0.0769047
266.5	0.124473	0.0769954
267	0.127325	0.0770891
267.5	0.124365	0.077179
268	0.13429	0.0772794
268.5	0	0.0772794
269	0	0.0772794
269.5	0	0.0772794
270	0	0.0772794
270.5	0	0.0772794
271	0	0.0772794
271.5	0	0.0772794
272	0	0.0772794
272.5	0	0.0772794
273	0	0.0772794
273.5	0	0.0772794
274	0	0.0772794
274.5	0	0.0772794
275	0	0.0772794
275.5	0	0.0772794
276	0	0.0772794
276.5	0	0.0772794
277	0	0.0772794
277.5	0.0041009	0.0747381
278	0.139796	0.0748439
278.5	0.129443	0.0749517
279	0.109919	0.0750148
279.5	0.126421	0.0751068
280	0.142293	0.0752267
280.5	0.129151	0.0753208
281	0.123056	0.0754081
281.5	0.107937	0.0754673
282	0.142151	0.0755857
282.5	0.140082	0.0756887
283	0.125997	0.075778
283.5	0.123548	0.0758642
284	0.132471	0.0759712
284.5	0.11935	0.0760419
285	0.113475	0.0761059
285.5	0.142145	0.0762217
286	0.120614	0.0763031
286.5	0.123246	0.0763871
287	0.129402	0.0764887
287.5	0.11623	0.0765545
288	0.129216	0.0766439
288.5	0.107971	0.0766996
289	0.142156	0.0768129
289.5	0.141003	0.0769371
290	0.115912	0.0770013
290.5	0.136179	0.0770958
291	0.129842	0.0771179
291.5	0	0.0771179
292	0	0.0771179
292.5	0	0.0771179
293	0	0.0771179
293.5	0	0.0771179
294	0	0.0771179
294.5	0	0.0771179
295	0.00898258	0.076102
295.5	0	0.076102
296	0	0.076102
296.5	0	0.076102
297	0	0.076102
297.5	0	0.076102
298	0	0.076102
298.5	0	0.076102
299	0	0.076102
299.5	0	0.076102
300	0	0.076102
300.5	0	0.076102
301	0	0.076102
301.5	0	0.076102
302	0	0.076102
302.5	0	0.076102
303	0	0.076102
303.5	0	0.076102
304	0	0.076102
304.5	0	0.076102
305	0	0.076102
305.5	0	0.076102
306	0	0.076102
306.5	0	0.076102
307	0	0.076102
307.5	0	0.076102
308	0	0.076102
308.5	0	0.076102
309	0	0.076102
309.5	0	0.076102
310	0	0.076102
310.5	0	0.076102
311	0	0.076102
311.5	0	0.076102
312	0	0.076102
312.5	0	0.076102
313	0	0.076102
313.5	0	0.076102
314	0	0.076102
314.5	0.000400583	0.0713571
315	0.118047	0.0714265
315.5	0.135487	0.071533
316	0.114433	0.0715893
316.5	0	0.0715893
317	0	0.0715893
317.5	0	0.0715893
318	0	0.0715893
318.5	0	0.0715893
319	0	0.0715893
319.5	0	0.0715893
320	0	0.0715893
320.5	0	0.0715893
321	0	0.0715893
321.5	0	0.0715893
322	0.00257215	0.0702734
322.5	0.127485	0.0703613
323	0.127413	0.0704489
323.5	0.128095	0.0705368
324	0.113408	0.0706012
324.5	0.13531	0.070706
325	0.132597	0.0707967
325.5	0.129358	0.0708955
326	0.12439	0.0709788
326.5	0.0689211	0.0709759
327	0.130532	0.0710751
327.5	0.125646	0.0711588
328	0.129471	0.0712455
328.5	0.116396	0.0713108
329	0.138743	0.0714158
329.5	0.126232	0.071499
330	0.127322	0.0715829
330.5	0.106026	0.0715907
331	0	0.0715907
331.5	0	0.0715907
332	0	0.0715907
332.5	0	0.0715907
333	0	0.0715907
333.5	0	0.0715907
334	0	0.0715907
334.5	0	0.0715907
335	0	0.0715907
335.5	0	0.0715907
336	0	0.0715907
336.5	0	0.0715907
337	0	0.0715907
337.5	0	0.0715907
338	0	0.0715907
338.5	0	0.0715907
339	0	0.0715907
339.5	0	0.0715907
340	0	0.0715907
340.5	0.00374824	0.069493
341	0.131686	0.0695804
341.5	0.1204	0.0696585
342	0.140049	0.0697513
342.5	0.1268	0.0698446
343	0.0995996	0.0698858
343.5	0.0602392	0.0698711
344	0.0897699	0.0698965
344.5	0.110117	0.0699635
345	0.154271	0.0700885
345.5	0.125764	0.0701593
346	0.117712	0.070233
346.5	0.144188	0.0703265
347	0.102402	0.0703692
347.5	0	0.0703692
348	0.00820311	0.0701973
348.5	0.0747447	0.0702056
349	0.129632	0.0702885
349.5	0.129715	0.0703816
350	0.145849	0.0704866
350.5	0.12432	0.0705354
351	0	0.0705354
351.5	0	0.0705354
352	0	0.0705354
352.5	0	0.0705354
353	0	0.0705354
353.5	0.00738177	0.0699624
354	0.126249	0.0700419
354.5	0.127371	0.0701221
355	0.116662	0.070193
355.5	0.138471	0.0702915
356	0.125784	0.07036
356.5	0.126492	0.0704484
357	0.130533	0.0705298
357.5	0.124243	0.0706061
358	0.130879	0.0706873
358.5	0.12716	0.0706971
359	0	0.0706971
359.5	0	0.0706971
360	0	0.0706971
360.5	0	0.0706971
361	0	0.0706971
361.5	0	0.0706971
362	0	0.0706971
362.5	0	0.0706971
363	0	0.0706971
363.5	0	0.0706971
364	0	0.0706971
364.5	0	0.0706971
365	0.00679153	0.0694767
365.5	0.127454	0.0695552
366	0.128254	0.069644
366.5	0.127449	0.0697221
367	0.127449	0.0698
367.5	0.127449	0.0698777
368	0.127449	0.0699261
368.5	0	0.0699261
369	0	0.0699261
369.5	0	0.0699261
370	0	0.0699261
370.5	0	0.0699261
371	0	0.0699261
371.5	0	0.0699261
372	0	0.0699261
372.5	0	0.0699261
373	0	0.0699261
373.5	0	0.0699261
374	0	0.0699261
374.5	0	0.0699261
375	0	0.0699261
375.5	0	0.0699261
376	0	0.0699261
376.5	0	0.0699261
377	0	0.0699261
377.5	0	0.0699261
378	0	0.0699261
378.5	0	0.0699261
379	0	0.0699261
379.5	0	0.0699261
380	0	0.0699261
380.5	0.00432925	0.0677273
381	0.127297	0.0678049
381.5	0.115128	0.0678728
382	0.129314	0.0679513
382.5	0.12917	0.0680295
383	0.13676	0.0681226
383.5	0.12785	0.0681995
384	0.113412	0.0682568
384.5	0.105296	0.0683001
385	0.0945649	0.06834
385.5	0.147686	0.0684279
386	0.14852	0.0685491
386.5	0.138796	0.0686111
387	0	0.0686111
387.5	0	0.0686111
388	0	0.0686111
388.5	0.0184971	0.0683361
389	0.127449	0.0684113
389.5	0.114543	0.0684766
390	0.138793	0.0685688
390.5	0.112859	0.0686242
391	0.145714	0.068699
391.5	0.118927	0.0687755
392	0.0972894	0.0688109
392.5	0.111706	0.0688495
393	0	0.0688495
393.5	0	0.0688495
394	0	0.0688495
394.5	0.0286635	0.0686253
395	0.127263	0.0686989
395.5	0.132111	0.0687563
396	0	0.0687563
396.5	0	0.0687563
397	0	0.0687563
397.5	0	0.0687563
398	0	0.0687563
398.5	0	0.0687563
399	0	0.0687563
399.5	0	0.0687563
400	0	0.0687563
400.5	0	0.0687563
401	0	0.0687563
401.5	0	0.0687563
402	0	0.0687563
402.5	0	0.0687563
403	0	0.0687563
403.5	0.00192971	0.0674028
404	0.0951352	0.0674312
404.5	0.145379	0.0675462
405	0.130395	0.0676213
405.5	0.130279	0.0677055
406	0.127392	0.0677783
406.5	0.124424	0.0678489
407	0.127846	0.0679216
407.5	0.116206	0.0679779
408	0.132689	0.0680533
408.5	0.124125	0.0681318
409	0.136324	0.0682089
409.5	0.126423	0.0682799
410	0.112714	0.0683405
410.5	0.141587	0.0684299
411	0.130013	0.068439
411.5	0	0.068439
412	0	0.068439
412.5	0	0.068439
413	0	0.068439
413.5	0	0.068439
414	0	0.068439
414.5	0.0139831	0.0679205
415	0.134123	0.0679956
415.5	0.127304	0.0680486
416	0	0.0680486
416.5	0	0.0680486
417	0	0.0680486
417.5	0	0.0680486
418	0	0.0680486
418.5	0.0149599	0.0676475
419	0.116374	0.0677027
419.5	0.138888	0.0677893
420	0.138778	0.0678758
420.5	0.132521	0.0679581
421	0.114462	0.0680037
421.5	0.132296	0.0680946
422	0.133203	0.0681585
422.5	0.119361	0.0682146
423	0	0.0682146
423.5	0	0.0682146
424	0	0.0682146
424.5	0	0.0682146
425	0	0.0682146
425.5	0	0.0682146
426	0	0.0682146
426.5	0	0.0682146
427	0	0.0682146
427.5	0	0.0682146
428	0	0.0682146
428.5	0	0.0682146
429	0	0.0682146
429.5	0	0.0682146
430	0.00518134	0.0670994
430.5	0.132402	0.0671807
431	0.13904	0.0672658
431.5	0.129654	0.0673361
432	0.120638	0.0674006
432.5	0.126077	0.06746
433	0.0810642	0.067463
433.5	0	0.067463
434	0	0.067463
434.5	0	0.067463
435	0	0.067463
435.5	0	0.067463
436	0	0.067463
436.5	0	0.067463
437	0	0.067463
437.5	0	0.067463
438	0	0.067463
438.5	0	0.067463
439	0	0.067463
439.5	0	0.067463
440	0	0.067463
440.5	0	0.067463
441	0	0.067463
441.5	0	0.067463
442	0	0.067463
442.5	0	0.067463
443	0	0.067463
443.5	0	0.067463
444	0	0.067463
444.5	0	0.067463
445	0	0.067463
445.5	0	0.067463
446	0	0.067463
446.5	0	0.067463
447	0	0.067463
447.5	0	0.067463
448	0	0.067463
448.5	0	0.067463
449	0	0.067463
449.5	0	0.067463
450	0.00314229	0.0649537
450.5	0.127465	0.0650224
451	0.127325	0.0650908
451.5	0.127997	0.0651594
452	0.127449	0.0652276
452.5	0.127449	0.0652956
453	0.127449	0.065372
453.5	0.127449	0.0654397
454	0.125004	0.0655058
454.5	0.127413	0.0655732
455	0.130109	0.0656334
455.5	0	0.0656334
456	0	0.0656334
456.5	0.0200413	0.0654763
457	0.127449	0.0655434
457.5	0.126925	0.06561
458	0.12155	0.0656734
458.5	0.126512	0.0657395
459	0.0926918	0.0657694
459.5	0.126651	0.0658354
460	0.122674	0.0658909
460.5	0.148264	0.0659955
461	0.149173	0.0660813
461.5	0.0645457	0.0660809
462	0	0.0660809
462.5	0	0.0660809
463	0.0371666	0.0659617
463.5	0.109364	0.0660089
464	0.215902	0.0660208
464.5	0	0.0660208
465	0	0.0660208
465.5	0	0.0660208
466	0	0.0660208
466.5	0	0.0660208
467	0	0.0660208
467.5	0	0.0660208
468	0	0.0660208
468.5	0	0.0660208
469	0	0.0660208
469.5	0	0.0660208
470	0	0.0660208
470.5	0.00118379	0.0651029
471	0	0.0651029
471.5	0	0.0651029
472	0.0347815	0.0649865
472.5	0.118025	0.0650465
473	0.139932	0.0651178
473.5	0.129644	0.0651923
474	0.0996634	0.0652268
474.5	0.157622	0.0653241
475	0.121459	0.0653855
475.5	0.134037	0.0654534
476	0.12728	0.0655257
476.5	0.128796	0.0655907
477	0.127449	0.0656548
477.5	0	0.0656548
478	0.0553162	0.0656333
478.5	0.127449	0.0656972
479	0.127449	0.0657609
479.5	0.127449	0.0658245
480	0.11763	0.0658824
480.5	0.130576	0.0659474
481	0.130336	0.0660202
481.5	0.124998	0.0660742
482	0.132406	0.0661479
482.5	0.127408	0.0662107
483	0.127587	0.0662343
483.5	0	0.0662343
484	0	0.0662343
484.5	0	0.0662343
485	0	0.0662343
485.5	0	0.0662343
486	0	0.0662343
486.5	0	0.0662343
487	0	0.0662343
487.5	0	0.0662343
488	0.00736304	0.0655889
488.5	0.127449	0.0656515
489	0.127449	0.065714
489.5	0.127449	0.0657764
490	0.127449	0.0658386
490.5	0.125809	0.0658999
491	0.128943	0.0659705
491.5	0.127449	0.0660323
492	0.127449	0.0660941
492.5	0.127449	0.0661557
493	0.12516	0.0662159
493.5	0.129824	0.0662785
494	0.127449	0.0663397
494.5	0.117532	0.0663883
495	0.126236	0.0664487
495.5	0.110223	0.0664992
496	0.150854	0.066588
496.5	0.105238	0.0666229
497	0.149443	0.066702
497.5	0.128772	0.0667631
498	0.126242	0.0668301
498.5	0.13262	0.0668929
499	0.117339	0.06692
499.5	0.061791	0.0669122
500	0.127449	0.066972
500.5	0.127449	0.0670318
501	0.127449	0.0670914
501.5	0.126706	0.0671579
502	0.122949	0.0671935
502.5	0	0.0671935
503	0	0.0671935
503.5	0	0.0671935
504	0	0.0671935
504.5	0	0.0671935
505	0	0.0671935
505.5	0.0171063	0.0668285
506	0	0.0668285
506.5	0	0.0668285
507	0	0.0668285
507.5	0	0.0668285
508	0	0.0668285
508.5	0	0.0668285
509	0	0.0668285
509.5	0	0.0668285
510	0	0.0668285
510.5	0	0.0668285
511	0	0.0668285
511.5	0	0.0668285
512	0	0.0668285
512.5	0	0.0668285
513	0	0.0668285
513.5	0	0.0668285
514	0	0.0668285
514.5	0	0.0668285
515	0	0.0668285
515.5	0.00473227	0.0656256
516	0.126834	0.0656919
516.5	0.126117	0.0657503
517	0.116053	0.0657965
517.5	0	0.0657965
518	0	0.0657965
518.5	0	0.0657965
519	0	0.0657965
519.5	0	0.0657965
520	0	0.0657965
520.5	0	0.0657965
521	0	0.0657965
521.5	0	0.0657965
522	0	0.0657965
522.5	0	0.0657965
523	0	0.0657965
523.5	0	0.0657965
524	0	0.0657965
524.5	0	0.0657965
525	0	0.0657965
525.5	0.00369803	0.0647898
526	0.129029	0.0647973
526.5	0	0.0647973
527	0	0.0647973
527.5	0	0.0647973
528	0	0.0647973
528.5	0	0.0647973
529	0.0135173	0.0644585
529.5	0.144123	0.0645242
530	0.110439	0.0645737
530.5	0.0996573	0.064605
531	0.138867	0.0646764
531.5	0.14744	0.0647596
532	0.129624	0.0648188
532.5	0.129506	0.0648779
533	0.133812	0.0649464
533.5	0.127402	0.0650043
534	0.127506	0.0650621
534.5	0.127182	0.0651197
535	0.124341	0.0651758
535.5	0.127731	0.0652334
536	0.127414	0.0652836
536.5	0	0.0652836
537	0	0.0652836
537.5	0	0.0652836
538	0	0.0652836
538.5	0	0.0652836
539	0	0.0652836
539.5	0	0.0652836
540	0	0.0652836
540.5	0	0.0652836
541	0	0.0652836
541.5	0	0.0652836
542	0.00906435	0.0646528
542.5	0.133221	0.06472
543	0.124389	0.0647757
543.5	0.130723	0.0648342
544	0.12435	0.0648896
544.5	0.134095	0.0649493
545	0.124375	0.0650045
545.5	0.127898	0.0650613
546	0.12636	0.0651173
546.5	0.132062	0.065183
547	0	0.065183
547.5	0	0.065183
548	0	0.065183
548.5	0	0.065183
549	0	0.065183
549.5	0	0.065183
550	0	0.065183
550.5	0	0.065183
551	0	0.065183
551.5	0	0.065183
552	0.0114663	0.0646484
552.5	0.127449	0.0647046
553	0	0.0647046
553.5	0	0.0647046
554	0	0.0647046
554.5	0	0.0647046
555	0.0123647	0.0644644
555.5	0.11047	0.0645057
556	0.145779	0.0645767
556.5	0.0996532	0.0646066
557	0.155051	0.0646973
557.5	0.0831001	0.064713
558	0.11941	0.0647582
558.5	0.108143	0.0647978
559	0.180262	0.0648429
559.5	0	0.0648429
560	0	0.0648429
560.5	0	0.0648429
561	0	0.0648429
561.5	0	0.0648429
562	0	0.0648429
562.5	0	0.0648429
563	0	0.0648429
563.5	0.00322569	0.0643092
564	0.127449	0.0643645
564.5	0.127449	0.0644197
565	0.127449	0.0644749
565.5	0.127449	0.0645299
566	0.127449	0.0645848
566.5	0.127449	0.0646397
567	0.127449	0.0646944
567.5	0.127449	0.0647286
568	0	0.0647286
568.5	0	0.0647286
569	0	0.0647286
569.5	0	0.0647286
570	0.0203985	0.0645185
570.5	0.128366	0.0645802
571	0.127449	0.0646347
571.5	0.127449	0.064689
572	0.127449	0.0647093
572.5	0	0.0647093
573	0	0.0647093
573.5	0.00873831	0.0645335
574	0.129205	0.0645747
574.5	0	0.0645747
575	0.0138773	0.0644746
575.5	0.127129	0.0645016
576	0	0.0645016
576.5	0	0.0645016
577	0	0.0645016
577.5	0.0206296	0.0643277
578	0.127787	0.0643818
578.5	0.127449	0.0644356
579	0.127449	0.0644894
579.5	0.125477	0.0645422
580	0.127701	0.0645959
580.5	0.110285	0.0646353
581	0.142389	0.0647019
581.5	0.126614	0.0647614
582	0.115487	0.064803
582.5	0.162104	0.0648274
583	0	0.0648274
583.5	0	0.0648274
584	0	0.0648274
584.5	0	0.0648274
585	0	0.0648274
585.5	0	0.0648274
586	0	0.0648274
586.5	0	0.0648274
587	0	0.0648274
587.5	0	0.0648274
588	0	0.0648274
588.5	0	0.0648274
589	0	0.0648274
589.5	0	0.0648274
590	0	0.0648274
590.5	0	0.0648274
591	0	0.0648274
591.5	0	0.0648274
592	0	0.0648274
592.5	0	0.0648274
593	0	0.0648274
593.5	0	0.0648274
594	0	0.0648274
594.5	0.00443983	0.0635668
595	0.127449	0.0636198
595.5	0.127449	0.0636728
596	0.12648	0.0637253
596.5	0.0947917	0.0637512
597	0.157893	0.0638298
597.5	0.12306	0.0638805
598	0.132368	0.063935
598.5	0.120114	0.0639842
599	0.132894	0.0640388
599.5	0.132591	0.0640999
600	0.127449	0.064152
600.5	0.127449	0.0641846
601	0	0.0641846
601.5	0	0.0641846
602	0	0.0641846
602.5	0	0.0641846
603	0	0.0641846
603.5	0	0.0641846
604	0	0.0641846
604.5	0	0.0641846
605	0	0.0641846
605.5	0	0.0641846
606	0.0109574	0.0636799
606.5	0.0831879	0.0636951
607	0.11792	0.0637189
607.5	0	0.0637189
608	0	0.0637189
608.5	0	0.0637189
609	0	0.0637189
609.5	0	0.0637189
610	0	0.0637189
610.5	0	0.0637189
611	0	0.0637189
611.5	0.00994491	0.0633013
612	0.140251	0.0633578
612.5	0.0823818	0.0633756
613	0.138825	0.0634384
613.5	0.118755	0.0634802
614	0.11531	0.0635263
614.5	0.15789	0.0636029
615	0.157472	0.0636792
615.5	0.128281	0.0637307
616	0.127356	0.0637817
616.5	0.127547	0.0638328
617	0.127418	0.0638837
617.5	0.127242	0.0639091
618	0	0.0639091
618.5	0	0.0639091
619	0	0.0639091
619.5	0	0.0639091
620	0	0.0639091
620.5	0	0.0639091
621	0	0.0639091
621.5	0	0.0639091
622	0	0.0639091
622.5	0	0.0639091
623	0	0.0639091
623.5	0	0.0639091
624	0	0.0639091
624.5	0	0.0639091
625	0	0.0639091
625.5	0	0.0639091
626	0	0.0639091
626.5	0	0.0639091
627	0	0.0639091
627.5	0	0.0639091
628	0	0.0639091
628.5	0.00348814	0.0628246
629	0.126749	0.0628751
629.5	0.116612	0.0629211
630	0.138518	0.0629825
630.5	0.118789	0.0630236
631	0.136222	0.0630772
631.5	0.12939	0.0631347
632	0.125333	0.0631841
632.5	0.127402	0.0632343
633	0.128923	0.063285
633.5	0.127413	0.0633412
634	0.126149	0.0633907
634.5	0.127599	0.0634406
635	0.126913	0.0634592
635.5	0	0.0634592
636	0	0.0634592
636.5	0	0.0634592
637	0	0.0634592
637.5	0	0.0634592
638	0	0.0634592
638.5	0	0.0634592
639	0	0.0634592
639.5	0	0.0634592
640	0	0.0634592
640.5	0	0.0634592
641	0	0.0634592
641.5	0	0.0634592
642	0	0.0634592
642.5	0.00602519	0.0627587
643	0.127356	0.0628083
643.5	0.127532	0.062858
644	0.12435	0.0629063
644.5	0.12991	0.0629567
645	0.124492	0.063005
645.5	0.124961	0.0630533
646	0.0949403	0.0630779
646.5	0.165741	0.0631608
647	0.118785	0.0632007
647.5	0.132472	0.0632579
648	0.11609	0.0632966
648.5	0.0903056	0.0633183
649	0.165777	0.0634008
649.5	0.138538	0.0634599
650	0.110574	0.063496
650.5	0.139802	0.0635488
651	0.1152	0.0635922
651.5	0.14013	0.063645
652	0.123405	0.0636917
652.5	0.138486	0.0637504
653	0.120468	0.0637957
653.5	0.0954885	0.0638157
654	0.116911	0.0638649
654.5	0.17365	0.0639485
655	0.116151	0.0639863
655.5	0.138337	0.0640444
656	0.127146	0.064092
656.5	0.127501	0.0641397
657	0.12635	0.0641869
657.5	0.12833	0.0642407
658	0.12764	0.0642882
658.5	0.127561	0.0643356
659	0.127454	0.064383
659.5	0.126165	0.0644297
660	0	0.0644297
660.5	0.0394979	0.0643921
661	0.125456	0.0644384
661.5	0.102511	0.0644694
662	0.1266	0.064516
662.5	0.129792	0.0645638
663	0.153956	0.0646327
663.5	0.127729	0.0646796
664	0.126388	0.0647259
664.5	0.125792	0.0647719
665	0.130259	0.0648195
665.5	0.127449	0.0648659
666	0.127449	0.0649182
666.5	0.127449	0.0649645
667	0.127449	0.0650108
667.5	0.127449	0.065057
668	0.127449	0.0651031
668.5	0.127449	0.0651492
669	0.127449	0.0651951
669.5	0.122004	0.0652389
670	0.124375	0.0652836
670.5	0.134056	0.0653378
671	0.0997295	0.065362
671.5	0.161658	0.065369
672	0	0.065369
672.5	0	0.065369
673	0	0.065369
673.5	0	0.065369
674	0	0.065369
674.5	0	0.065369
675	0	0.065369
675.5	0	0.065369
676	0	0.065369
676.5	0.0128965	0.0649431
677	0.127413	0.0649887
677.5	0	0.0649887
678	0	0.0649887
678.5	0	0.0649887
679	0	0.0649887
679.5	0	0.0649887
680	0	0.0649887
680.5	0	0.0649887
681	0	0.0649887
681.5	0	0.0649887
682	0	0.0649887
682.5	0	0.0649887
683	0	0.0649887
683.5	0	0.0649887
684	0	0.0649887
684.5	0	0.0649887
685	0	0.0649887
685.5	0	0.0649887
686	0	0.0649887
686.5	0	0.0649887
687	0.0015703	0.0640637
687.5	0.127449	0.0641092
688	0.127449	0.0641547
688.5	0.127449	0.0642001
689	0.127449	0.0642454
689.5	0.127449	0.0642964
690	0.127449	0.0643416
690.5	0.127449	0.0643867
691	0.127449	0.0644318
691.5	0.127449	0.0644768
692	0.12485	0.0645208
692.5	0.12437	0.0645645
693	0.142478	0.0645769
693.5	0	0.0645769
694	0	0.0645769
694.5	0	0.0645769
695	0	0.0645769
695.5	0	0.0645769
696	0	0.0645769
696.5	0	0.0645769
697	0	0.0645769
697.5	0	0.0645769
698	0	0.0645769
698.5	0	0.0645769
699	0	0.0645769
699.5	0.00113477	0.0639481
700	0.127205	0.0639929
700.5	0.127398	0.0640376
701	0.127219	0.0640822
701.5	0.125824	0.0641262
702	0.130706	0.0641719
702.5	0.127392	0.0642163
703	0.127555	0.0642663
703.5	0.129007	0.0643112
704	0.127449	0.0643555
704.5	0.127449	0.0643997
705	0.125888	0.0644433
705.5	0.127485	0.0644875
706	0.124369	0.0645304
706.5	0.127542	0.0645744
707	0.130294	0.0646249
707.5	0.120632	0.064661
708	0.130245	0.0647114
708.5	0.127485	0.0647551
709	0.116204	0.064765
709.5	0	0.064765
710	0	0.064765
710.5	0	0.064765
711	0	0.064765
711.5	0	0.064765
712	0	0.064765
712.5	0	0.064765
713	0	0.064765
713.5	0	0.064765
714	0	0.064765
714.5	0	0.064765
715	0	0.064765
715.5	0	0.064765
716	0	0.064765
716.5	0.00202549	0.0640847
717	0	0.0640847
717.5	0	0.0640847
718	0	0.0640847
718.5	0	0.0640847
719	0	0.0640847
719.5	0	0.0640847
720	0	0.0640847
720.5	0	0.0640847
721	0	0.0640847
721.5	0	0.0640847
722	0	0.0640847
722.5	0	0.0640847
723	0	0.0640847
723.5	0	0.0640847
724	0	0.0640847
724.5	0.0048279	0.0634184
725	0.139643	0.0634658
725.5	0.120271	0.0635067
726	0.141714	0.0635606
726.5	0.108057	0.0635918
727	0.126362	0.0636348
727.5	0.123417	0.0636767
728	0.161629	0.0637421
728.5	0.123795	0.0637841
729	0.130249	0.0638281
729.5	0	0.0638281
730	0	0.0638281
730.5	0	0.0638281
731	0	0.0638281
731.5	0	0.0638281
732	0	0.0638281
732.5	0	0.0638281
733	0	0.0638281
733.5	0	0.0638281
734	0	0.0638281
734.5	0	0.0638281
735	0	0.0638281
735.5	0.00482088	0.0633045
736	0.122942	0.063346
736.5	0.131742	0.0633959
737	0.127449	0.0634388
737.5	0.122773	0.0634645
738	0	0.0634645
738.5	0	0.0634645
739	0.0286568	0.063387
739.5	0.12927	0.0634303
740	0.123092	0.0634716
740.5	0.136616	0.0635227
741	0.127449	0.0635547
741.5	0.0897814	0.0635764
742	0.130059	0.0636252
742.5	0.123201	0.0636661
743	0.102295	0.0636901
743.5	0.147415	0.0637502
744	0.132866	0.0637887
744.5	0.127997	0.0638364
745	0.127496	0.0638786
745.5	0.116387	0.0639167
746	0.126317	0.0639583
746.5	0.122722	0.0639937
747	0.140965	0.0640511
747.5	0.0848833	0.0640641
748	0.13549	0.064114
748.5	0.161119	0.0641709
749	0.128166	0.0642181
749.5	0.130385	0.064266
750	0.121304	0.0642858
750.5	0	0.0642858
751	0	0.0642858
751.5	0	0.0642858
752	0.0280052	0.0641774
752.5	0.127449	0.0642189
753	0.127445	0.0642603
753.5	0.127453	0.0643017
754	0.127449	0.0643431
754.5	0.127449	0.0643844
755	0.127449	0.0644256
755.5	0.127449	0.0644668
756	0.127449	0.0645131
756.5	0.127407	0.0645541
757	0.127491	0.0645952
757.5	0.127449	0.0646361
758	0.119859	0.0646505
758.5	0	0.0646505
759	0	0.0646505
759.5	0	0.0646505
760	0	0.0646505
760.5	0	0.0646505
761	0	0.0646505
761.5	0	0.0646505
762	0	0.0646505
762.5	0	0.0646505
763	0	0.0646505
763.5	0	0.0646505
764	0	0.0646505
764.5	0.00806598	0.0641453
765	0.128637	0.0641865
765.5	0.127449	0.0642273
766	0.127449	0.0642681
766.5	0.126191	0.0643083
767	0.0593464	0.0643049
767.5	0.109821	0.0643346
768	0.135175	0.0643829
768.5	0.136219	0.0644261
769	0.12318	0.0644651
769.5	0.135149	0.0645133
770	0.124291	0.0645526
770.5	0.125197	0.0645921
771	0.127402	0.0646323
771.5	0.133944	0.0646745
772	0	0.0646745
772.5	0	0.0646745
773	0	0.0646745
773.5	0	0.0646745
774	0	0.0646745
774.5	0	0.0646745
775	0	0.0646745
775.5	0	0.0646745
776	0	0.0646745
776.5	0	0.0646745
777	0	0.0646745
777.5	0	0.0646745
778	0.00602856	0.0641828
778.5	0.127742	0.0642231
779	0.123331	0.0642521
779.5	0	0.0642521
780	0	0.0642521
780.5	0	0.0642521
781	0	0.0642521
781.5	0	0.0642521
782	0	0.0642521
782.5	0	0.0642521
783	0	0.0642521
783.5	0	0.0642521
784	0	0.0642521
784.5	0	0.0642521
785	0	0.0642521
785.5	0	0.0642521
786	0	0.0642521
786.5	0	0.0642521
787	0	0.0642521
787.5	0	0.0642521
788	0	0.0642521
788.5	0	0.0642521
789	0	0.0642521
789.5	0.00147491	0.0634041
790	0.125949	0.0634437
790.5	0.128516	0.063484
791	0.133659	0.0635309
791.5	0.125574	0.0635702
792	0.12765	0.0636101
792.5	0.127554	0.0636499
793	0.0296328	0.0636271
793.5	0.127189	0.0636667
794	0.127204	0.0637063
794.5	0.118445	0.0637383
795	0.117735	0.0637746
795.5	0.137297	0.0638117
796	0.118007	0.0638208
796.5	0	0.0638208
797	0	0.0638208
797.5	0.0278625	0.0637317
798	0.127454	0.0637711
798.5	0.12432	0.0638095
799	0.130696	0.0638498
799.5	0.127769	0.0638892
800	0.125467	0.0639277
800.5	0.127589	0.063967
801	0.127467	0.064011
801.5	0.12732	0.06405
802	0.127573	0.0640549
802.5	0	0.0640549
803	0	0.0640549
803.5	0	0.0640549
804	0	0.0640549
804.5	0	0.0640549
805	0	0.0640549
805.5	0	0.0640549
806	0	0.0640549
806.5	0	0.0640549
807	0	0.0640549
807.5	0	0.0640549
808	0.00244346	0.0635641
808.5	0.126112	0.0636027
809	0.12529	0.063641
809.5	0.127402	0.0636799
810	0.130734	0.0637197
810.5	0.127431	0.0637634
811	0.127423	0.0638021
811.5	0.127537	0.0638409
812	0.127408	0.0638795
812.5	0.127483	0.0638892
813	0.0455196	0.0638697
813.5	0.131965	0.0639145
814	0.11465	0.0639445
814.5	0.108049	0.0639721
815	0.0905034	0.063989
815.5	0.132837	0.064029
816	0.16567	0.064094
816.5	0.141855	0.0641416
817	0.138304	0.0641829
817.5	0.128515	0.0642262
818	0.125079	0.0642636
818.5	0.12969	0.0643024
819	0.127542	0.0643405
819.5	0.127709	0.0643786
820	0.127449	0.0644165
820.5	0.127449	0.0644544
821	0.127449	0.064497
821.5	0.127449	0.0645349
822	0.127449	0.0645727
822.5	0.127449	0.064601
823	0	0.064601
823.5	0	0.064601
824	0	0.064601
824.5	0	0.064601
825	0	0.064601
825.5	0	0.064601
826	0	0.064601
826.5	0	0.064601
827	0	0.064601
827.5	0	0.064601
828	0.00556519	0.064198
828.5	0.129179	0.0642362
829	0.127449	0.0642738
829.5	0.127449	0.0643114
830	0.127449	0.0643349
830.5	0.0695168	0.0643391
831	0.127449	0.0643813
831.5	0.125877	0.0644182
832	0.127284	0.0644229
832.5	0	0.0644229
833	0	0.0644229
833.5	0	0.0644229
834	0	0.0644229
834.5	0	0.0644229
835	0	0.0644229
835.5	0	0.0644229
836	0.00356883	0.0641021
836.5	0.124749	0.0641387
837	0.110697	0.0641664
837.5	0.142285	0.0642128
838	0.120367	0.0642478
838.5	0.138836	0.0642931
839	0.126276	0.0643299
839.5	0.119921	0.0643647
840	0.137815	0.0644046
840.5	0.128779	0.064442
841	0.127449	0.0644836
841.5	0.127449	0.0645205
842	0.126269	0.064557
842.5	0.127511	0.0645939
843	0.12748	0.0646307
843.5	0.128556	0.0646678
844	0.127449	0.0647045
844.5	0.127449	0.0647412
845	0.127449	0.0647824
845.5	0.127449	0.064819
846	0.127449	0.0648555
846.5	0.127449	0.0648783
847	0	0.0648783
847.5	0	0.0648783
848	0	0.0648783
848.5	0.0144046	0.0647484
849	0.125166	0.0647842
849.5	0.112524	0.0648117
850	0.102991	0.0648357
850.5	0.174631	0.0648938
851	0.122119	0.0649155
851.5	0	0.0649155
852	0	0.0649155
852.5	0	0.0649155
853	0	0.0649155
853.5	0	0.0649155
854	0	0.0649155
854.5	0	0.0649155
855	0	0.0649155
855.5	0	0.0649155
856	0	0.0649155
856.5	0	0.0649155
857	0	0.0649155
857.5	0	0.0649155
858	0.0108428	0.0644585
858.5	0.136587	0.0644972
859	0.10816	0.064523
859.5	0.0884418	0.0645379
860	0.096994	0.0645562
860.5	0.195582	0.0646358
861	0.157699	0.0646897
861.5	0.128754	0.064726
862	0.133311	0.0647636
862.5	0.127449	0.0647995
863	0.126187	0.0648349
863.5	0.126885	0.064875
864	0.123814	0.0649053
864.5	0.123089	0.0649397
865	0.134914	0.0649774
865.5	0.123748	0.0650163
866	0.129244	0.0650523
866.5	0.122547	0.0650822
867	0.0754168	0.0650884
867.5	0.0844963	0.0651009
868	0.25825	0.0651347
868.5	0	0.0651347
869	0	0.0651347
869.5	0.0170999	0.0650331
870	0.127449	0.0650685
870.5	0.12341	0.0650984
871	0.113357	0.0651253
871.5	0.13795	0.065173
872	0	0.065173
872.5	0	0.065173
873	0	0.065173
873.5	0	0.065173
874	0	0.065173
874.5	0	0.065173
875	0	0.065173
875.5	0	0.065173
876	0	0.065173
876.5	0	0.065173
877	0	0.065173
877.5	0	0.065173
878	0	0.065173
878.5	0	0.065173
879	0	0.065173
879.5	0.00491702	0.0646252
880	0.127454	0.0646604
880.5	0.116796	0.0646923
881	0.124404	0.0647266
881.5	0.129525	0.0647578
882	0.0926509	0.0647739
882.5	0.0985013	0.0647953
883	0.189061	0.0648655
883.5	0.11915	0.0648939
884	0.126317	0.0649285
884.5	0.123379	0.0649622
885	0.143545	0.0650108
885.5	0.130465	0.0650465
886	0.127377	0.0650812
886.5	0.127408	0.0651159
887	0.115655	0.065143
887.5	0.0689796	0.0651455
888	0.204075	0.0652178
888.5	0.134149	0.0652587
889	0.127475	0.0652933
889.5	0.125275	0.0653271
890	0.127299	0.0653615
890.5	0.12747	0.0653787
891	0	0.0653787
891.5	0	0.0653787
892	0	0.0653787
892.5	0	0.0653787
893	0	0.0653787
893.5	0	0.0653787
894	0	0.0653787
894.5	0.00921048	0.0651107
895	0.127444	0.0651451
895.5	0.127532	0.0651795
896	0.127325	0.0652052
896.5	0	0.0652052
897	0.0420296	0.0651762
897.5	0.127014	0.0652103
898	0.124315	0.0652436
898.5	0.142255	0.0652531
899	0	0.0652531
899.5	0	0.0652531
900	0	0.0652531
900.5	0	0.0652531
901	0	0.0652531
901.5	0.00458846	0.0650225
902	0.132219	0.0650579
902.5	0.103192	0.0650804
903	0.161537	0.0651272
903.5	0.117939	0.0651584
904	0.117854	0.0651895
904.5	0.105571	0.0652128
905	0.142128	0.0652551
905.5	0.149371	0.0652991
906	0.135675	0.0653396
906.5	0.123071	0.0653722
907	0.142963	0.0653816
907.5	0	0.0653816
908	0	0.0653816
908.5	0	0.0653816
909	0	0.0653816
909.5	0.0163596	0.0652262
910	0.0973134	0.0652432
910.5	0.153982	0.065293
911	0.122506	0.0653252
911.5	0.135783	0.0653611
912	0.125438	0.0653941
912.5	0.115009	0.0654238
913	0.146826	0.0654668
913.5	0.124605	0.0654913
914	0	0.0654913
914.5	0	0.0654913
915	0	0.0654913
915.5	0	0.0654913
916	0	0.0654913
916.5	0	0.0654913
917	0	0.0654913
917.5	0	0.0654913
918	0	0.0654913
918.5	0	0.0654913
919	0	0.0654913
919.5	0	0.0654913
920	0	0.0654913
920.5	0	0.0654913
921	0	0.0654913
921.5	0	0.0654913
922	0	0.0654913
922.5	0	0.0654913
923	0	0.0654913
923.5	0	0.0654913
924	0	0.0654913
924.5	0	0.0654913
925	0	0.0654913
925.5	0	0.0654913
926	0	0.0654913
926.5	0.00359013	0.0646135
927	0.127449	0.0646469
927.5	0.127449	0.0646804
928	0.127449	0.0647137
928.5	0.127449	0.0647512
929	0.127449	0.0647845
929.5	0.127449	0.0648137
930	0	0.0648137
930.5	0	0.0648137
931	0	0.0648137
931.5	0.0075948	0.0646865
932	0.128793	0.0647201
932.5	0.127402	0.0647533
933	0.127573	0.0647865
933.5	0.127361	0.0648196
934	0.121478	0.064851
934.5	0.12748	0.064884
935	0.1341	0.0649187
935.5	0.125932	0.0649554
936	0.127315	0.0649883
936.5	0.127506	0.0650212
937	0.127511	0.0650541
937.5	0.1187	0.0650844
938	0.136097	0.0651194
938.5	0.117459	0.0651493
939	0.113999	0.06516
939.5	0	0.06516
940	0	0.06516
940.5	0	0.06516
941	0	0.06516
941.5	0	0.06516
942	0	0.06516
942.5	0	0.06516
943	0	0.06516
943.5	0	0.06516
944	0	0.06516
944.5	0	0.06516
945	0	0.06516
945.5	0	0.06516
946	0	0.06516
946.5	0	0.06516
947	0	0.06516
947.5	0.0035663	0.0645869
948	0.159319	0.0645918
948.5	0	0.0645918
949	0	0.0645918
949.5	0.0160431	0.0644916
950	0.127449	0.0645243
950.5	0.127449	0.0645488
951	0	0.0645488
951.5	0	0.0645488
952	0	0.0645488
952.5	0	0.0645488
953	0.0121619	0.0644067
953.5	0.0310452	0.064389
954	0.130723	0.0644224
954.5	0.122122	0.0644574
955	0.132075	0.0644911
955.5	0.132171	0.0645249
956	0.125896	0.0645569
956.5	0.121283	0.0645761
957	0	0.0645761
957.5	0	0.0645761
958	0.0186482	0.0644953
958.5	0.127449	0.0645277
959	0.127449	0.0645641
959.5	0.127449	0.0645965
960	0.127449	0.0646288
960.5	0.127449	0.064661
961	0.127449	0.0646933
961.5	0.127449	0.0647215
962	0	0.0647215
962.5	0	0.0647215
963	0	0.0647215
963.5	0	0.0647215
964	0	0.0647215
964.5	0	0.0647215
965	0	0.0647215
965.5	0	0.0647215
966	0	0.0647215
966.5	0	0.0647215
967	0.00140602	0.0643554
967.5	0.113157	0.0643799
968	0.14174	0.0644198
968.5	0.126243	0.0644516
969	0.1318	0.0644848
969.5	0.127449	0.0645208
970	0.125294	0.0645523
970.5	0.123755	0.0645833
971	0.127779	0.0646153
971.5	0	0.0646153
972	0	0.0646153
972.5	0	0.0646153
973	0	0.0646153
973.5	0	0.0646153
974	0	0.0646153
974.5	0	0.0646153
975	0	0.0646153
975.5	0	0.0646153
976	0	0.0646153
976.5	0	0.0646153
977	0	0.0646153
977.5	0	0.0646153
978	0	0.0646153
978.5	0	0.0646153
979	0.00491383	0.0641276
979.5	0	0.0641276
980	0	0.0641276
980.5	0	0.0641276
981	0	0.0641276
981.5	0	0.0641276
982	0	0.0641276
982.5	0	0.0641276
983	0	0.0641276
983.5	0	0.0641276
984	0	0.0641276
984.5	0	0.0641276
985	0	0.0641276
985.5	0	0.0641276
986	0.00448009	0.063703
986.5	0.126827	0.0637347
987	0.127192	0.0637665
987.5	0.129276	0.0637988
988	0.1246	0.0638299
988.5	0.123344	0.0638605
989	0.132606	0.0638935
989.5	0.109967	0.0639201
990	0.139771	0.0639546
990.5	0.125266	0.0639857
991	0.0858202	0.0639978
991.5	0.202309	0.064052
992	0	0.064052
992.5	0	0.064052
993	0	0.064052
993.5	0	0.064052
994	0	0.064052
994.5	0	0.064052
995	0	0.064052
995.5	0	0.064052
996	0	0.064052
996.5	0	0.064052
997	0	0.064052
997.5	0	0.064052
998	0.0095303	0.0636915
998.5	0.0948158	0.063707
999	0.16204	0.0637548
999.5	0.0953437	0.0637678
1000	0	0.0637678
1000.5	0	0.0637678
1001	0.00485843	0.0636726
1001.5	0.120306	0.0637022
1002	0.138807	0.0637276
1002.5	0.0941775	0.0637479
1003	0.173583	0.0638025
1003.5	0.118954	0.0638279
1004	0.132345	0.0638644
1004.5	0.122501	0.0638906
1005	0.135409	0.0639277
1005.5	0.117009	0.0639561
1006	0.136004	0.0639892
1006.5	0.132151	0.0640255
1007	0.1225	0.0640516
1007.5	0.129954	0.0640872
1008	0.130794	0.064119
1008.5	0.127432	0.0641383
1009	0	0.0641383
1009.5	0	0.0641383
1010	0	0.0641383
1010.5	0.0247408	0.0640516
1011	0.141986	0.06409
1011.5	0.128434	0.0641212
1012	0.118185	0.0641461
1012.5	0.132411	0.0641821
1013	0.128196	0.0642131
1013.5	0.128019	0.064244
1014	0.129305	0.0642791
1014.5	0.127449	0.0643098
1015	0.127449	0.0643405
1015.5	0.127449	0.0643712
1016	0.125006	0.0644012
1016.5	0.128008	0.0644319
1017	0.127444	0.0644625
1017.5	0.127547	0.0644931
1018	0.127408	0.0645045
1018.5	0	0.0645045
1019	0	0.0645045
1019.5	0	0.0645045
1020	0	0.0645045
1020.5	0	0.0645045
1021	0	0.0645045
1021.5	0	0.0645045
1022	0	0.0645045
1022.5	0	0.0645045
1023	0	0.0645045
1023.5	0	0.0645045
1024	0.0012596	0.0641191
1024.5	0	0.0641191
1025	0	0.0641191
1025.5	0	0.0641191
1026	0.0189485	0.0640278
1026.5	0.132783	0.0640595
1027	0	0.0640595
1027.5	0	0.0640595
1028	0	0.0640595
1028.5	0	0.0640595
1029	0	0.0640595
1029.5	0	0.0640595
1030	0	0.0640595
1030.5	0	0.0640595
1031	0	0.0640595
1031.5	0	0.0640595
1032	0	0.0640595
1032.5	0.00644544	0.0637193
1033	0.130067	0.0637503
1033.5	0.127772	0.0637808
1034	0.127449	0.0638112
1034.5	0.127449	0.0638415
1035	0.116832	0.0638656
1035.5	0	0.0638656
1036	0	0.0638656
1036.5	0	0.0638656
1037	0	0.0638656
1037.5	0	0.0638656
1038	0	0.0638656
1038.5	0	0.0638656
1039	0	0.0638656
1039.5	0	0.0638656
1040	0	0.0638656
1040.5	0	0.0638656
1041	0	0.0638656
1041.5	0	0.0638656
1042	0	0.0638656
1042.5	0	0.0638656
1043	0	0.0638656
1043.5	0	0.0638656
1044	0.00346292	0.0633404
1044.5	0.124977	0.0633701
1045	0.132698	0.0633858
1045.5	0	0.0633858
1046	0	0.0633858
1046.5	0	0.0633858
1047	0	0.0633858
1047.5	0	0.0633858
1048	0	0.0633858
1048.5	0.00834641	0.0631881
1049	0.128575	0.0632186
1049.5	0.127397	0.0632488
1050	0.12748	0.0632789
1050.5	0.121523	0.0633076
1051	0.132545	0.0633428
1051.5	0.129609	0.0633695
1052	0.123416	0.0633986
1052.5	0.103005	0.0634187
1053	0.1577	0.0634633
1053.5	0.110433	0.0634855
1054	0.132915	0.0635167
1054.5	0.144142	0.0635334
1055	0.108074	0.0635672
1055.5	0.135372	0.0636027
1056	0.146987	0.0636449
1056.5	0.13481	0.0636763
1057	0.127449	0.0636987
1057.5	0	0.0636987
1058	0	0.0636987
1058.5	0	0.0636987
1059	0	0.0636987
1059.5	0	0.0636987
1060	0	0.0636987
1060.5	0.00215156	0.0634867
1061	0.127584	0.0635164
1061.5	0.127454	0.0635462
1062	0.12749	0.0635499
1062.5	0	0.0635499
1063	0	0.0635499
1063.5	0	0.0635499
1064	0	0.0635499
1064.5	0	0.0635499
1065	0	0.0635499
1065.5	0	0.0635499
1066	0	0.0635499
1066.5	0	0.0635499
1067	0	0.0635499
1067.5	0	0.0635499
1068	0	0.0635499
1068.5	0.00565522	0.0631734
1069	0.124807	0.0632024
1069.5	0.127771	0.0632321
1070	0.127345	0.0632617
1070.5	0.127541	0.063295
1071	0.1272	0.0633245
1071.5	0.127735	0.0633541
1072	0.124488	0.0633829
1072.5	0.130646	0.0634131
1073	0.127475	0.0634425
1073.5	0.127341	0.0634609
1074	0	0.0634609
1074.5	0	0.0634609
1075	0	0.0634609
1075.5	0	0.0634609
1076	0	0.0634609
1076.5	0	0.0634609
1077	0	0.0634609
1077.5	0	0.0634609
1078	0	0.0634609
1078.5	0	0.0634609
1079	0	0.0634609
1079.5	0	0.0634609
1080	0	0.0634609
1080.5	0	0.0634609
1081	0	0.0634609
1081.5	0	0.0634609
1082	0	0.0634609
1082.5	0	0.0634609
1083	0	0.0634609
1083.5	0	0.0634609
1084	0	0.0634609
1084.5	0	0.0634609
1085	0	0.0634609
1085.5	0	0.0634609
1086	0	0.0634609
1086.5	0	0.0634609
1087	0	0.0634609
1087.5	0	0.0634609
1088	0	0.0634609
1088.5	0	0.0634609
1089	0	0.0634609
1089.5	0.00338345	0.0625644
1090	0.130747	0.0625907
1090.5	0.100447	0.0625988
1091	0	0.0625988
1091.5	0	0.0625988
1092	0	0.0625988
1092.5	0.0100139	0.0624855
1093	0.127449	0.0625148
1093.5	0.127449	0.0625441
1094	0.127449	0.0625734
1094.5	0.127449	0.0626026
1095	0.127449	0.0626319
1095.5	0.127449	0.062661
1096	0.127449	0.0626902
1096.5	0.127449	0.062723
1097	0.127449	0.0627521
1097.5	0.127449	0.0627812
1098	0.127449	0.0627848
1098.5	0	0.0627848
1099	0.0163845	0.062724
1099.5	0.127449	0.0627531
1100	0.127449	0.0627821
1100.5	0.127449	0.0628111
1101	0.127449	0.06284
1101.5	0.127287	0.0628689
1102	0.118627	0.0628924
1102.5	0.120742	0.0629231
1103	0.14945	0.0629479
1103.5	0.110397	0.0629724
1104	0.139578	0.0630153
1104.5	0.122588	0.0630396
1105	0.136394	0.0630702
1105.5	0.118965	0.0631002
1106	0.123484	0.063128
1106.5	0.126299	0.0631564
1107	0.108046	0.0631712
1107.5	0	0.0631712
1108	0	0.0631712
1108.5	0	0.0631712
1109	0	0.0631712
1109.5	0	0.0631712
1110	0	0.0631712
1110.5	0	0.0631712
1111	0	0.0631712
1111.5	0	0.0631712
1112	0	0.0631712
1112.5	0	0.0631712
1113	0	0.0631712
1113.5	0	0.0631712
1114	0	0.0631712
1114.5	0	0.0631712
1115	0	0.0631712
1115.5	0	0.0631712
1116	0.00517594	0.0626978
1116.5	0.127527	0.0627264
1117	0.127279	0.0627442
1117.5	0	0.0627442
1118	0	0.0627442
1118.5	0	0.0627442
1119	0	0.0627442
1119.5	0	0.0627442
1120	0	0.0627442
1120.5	0.0170995	0.0625945
1121	0	0.0625945
1121.5	0	0.0625945
1122	0	0.0625945
1122.5	0	0.0625945
1123	0.00918738	0.0624724
1123.5	0.124385	0.0625003
1124	0.128015	0.0625289
1124.5	0.127495	0.0625574
1125	0.130902	0.0625866
1125.5	0.127039	0.0626149
1126	0.127509	0.0626469
1126.5	0.127501	0.0626753
1127	0.12716	0.0626894
1127.5	0	0.0626894
1128	0	0.0626894
1128.5	0	0.0626894
1129	0	0.0626894
1129.5	0	0.0626894
1130	0	0.0626894
1130.5	0	0.0626894
1131	0.00925486	0.0624888
1131.5	0.0811421	0.0624968
1132	0.115313	0.0625223
1132.5	0.141888	0.0625494
1133	0.132548	0.0625824
1133.5	0.146004	0.062618
1134	0.0831067	0.0626266
1134.5	0.135144	0.0626638
1135	0.175083	0.0627082
1135.5	0.0760729	0.0627106
1136	0	0.0627106
1136.5	0	0.0627106
1137	0	0.0627106
1137.5	0.0166342	0.062615
1138	0.129149	0.0626434
1138.5	0.126783	0.0626714
1139	0.127546	0.0627029
1139.5	0.127289	0.0627309
1140	0.126906	0.0627588
1140.5	0.127358	0.0627868
1141	0.128098	0.0628149
1141.5	0.129241	0.0628432
1142	0.127449	0.0628711
1142.5	0.126141	0.0628987
1143	0.127454	0.06293
1143.5	0.126066	0.0629575
1144	0.0809533	0.0629652
1144.5	0.123484	0.0629921
1145	0.126099	0.0630161
1145.5	0.112386	0.0630402
1146	0.202465	0.0630969
1146.5	0.127449	0.0631281
1147	0.127449	0.0631557
1147.5	0.127449	0.0631834
1148	0.127449	0.063211
1148.5	0.127449	0.0632385
1149	0.127449	0.0632661
1149.5	0.126806	0.0632935
1150	0.122711	0.06332
1150.5	0.0924817	0.0633264
1151	0	0.0633264
1151.5	0	0.0633264
1152	0	0.0633264
1152.5	0	0.0633264
1153	0	0.0633264
1153.5	0	0.0633264
1154	0	0.0633264
1154.5	0	0.0633264
1155	0	0.0633264
1155.5	0	0.0633264
1156	0.0013621	0.0630172
1156.5	0.126143	0.0630444
1157	0.130361	0.0630725
1157.5	0.127449	0.0630965
1158	0	0.0630965
1158.5	0	0.0630965
1159	0	0.0630965
1159.5	0	0.0630965
1160	0	0.0630965
1160.5	0	0.0630965
1161	0	0.0630965
1161.5	0.013371	0.0629204
1162	0.127444	0.0629478
1162.5	0.127547	0.0629752
1163	0.124409	0.0630018
1163.5	0.122174	0.063028
1164	0.116211	0.0630496
1164.5	0.148468	0.0630846
1165	0.127449	0.0631152
1165.5	0.127449	0.0631425
1166	0.127449	0.0631697
1166.5	0.12473	0.0631963
1167	0.106175	0.063199
1167.5	0	0.063199
1168	0	0.063199
1168.5	0	0.063199
1169	0	0.063199
1169.5	0	0.063199
1170	0.00692686	0.0630353
1170.5	0.130647	0.0630631
1171	0.12749	0.0630936
1171.5	0.0830139	0.0631017
1172	0.113414	0.0631225
1172.5	0.113463	0.0631433
1173	0	0.0631433
1173.5	0	0.0631433
1174	0	0.0631433
1174.5	0	0.0631433
1175	0	0.0631433
1175.5	0	0.0631433
1176	0	0.0631433
1176.5	0.00585136	0.0629471
1177	0.120544	0.0629726
1177.5	0.105402	0.0629914
1178	0.0698786	0.0629941
1178.5	0.0904118	0.0630062
1179	0.103201	0.0630244
1179.5	0.0973339	0.0630385
1180	0.104738	0.0630517
1180.5	0.086428	0.0630625
1181	0.0811375	0.0630714
1181.5	0.123518	0.0630974
1182	0.108109	0.0631168
1182.5	0.16617	0.063158
1183	0.117741	0.0631827
1183.5	0.189691	0.0632358
1184	0.117864	0.0632419
1184.5	0	0.0632419
1185	0	0.0632419
1185.5	0.0215809	0.063178
1186	0.12865	0.0632083
1186.5	0.127366	0.063235
1187	0.127428	0.0632617
1187.5	0.127558	0.0632884
1188	0.127465	0.063315
1188.5	0.12735	0.0633316
1189	0	0.0633316
1189.5	0	0.0633316
1190	0	0.0633316
1190.5	0.0214009	0.063254
1191	0.124706	0.06328
1191.5	0.127179	0.0633065
1192	0.130599	0.0633337
1192.5	0.127449	0.0633602
1193	0.127449	0.06339
1193.5	0.127449	0.0634165
1194	0.127449	0.0634198
1194.5	0	0.0634198
1195	0	0.0634198
1195.5	0	0.0634198
1196	0	0.0634198
1196.5	0	0.0634198
1197	0	0.0634198
1197.5	0	0.0634198
1198	0	0.0634198
1198.5	0	0.0634198
1199	0	0.0634198
1199.5	0	0.0634198
1200	0	0.0634198
1200.5	0	0.0634198
1201	0	0.0634198
1201.5	0.00395477	0.0630265
1202	0.127449	0.0630529
1202.5	0.127449	0.0630794
1203	0.127449	0.0631057
1203.5	0.127449	0.0631321
1204	0.127449	0.0631585
1204.5	0.127449	0.0631881
1205	0.127449	0.0632144
1205.5	0.127449	0.0632407
1206	0.125573	0.0632665
1206.5	0.12826	0.0632929
1207	0.0717262	0.0632937
1207.5	0	0.0632937
1208	0	0.0632937
1208.5	0	0.0632937
1209	0	0.0632937
1209.5	0	0.0632937
1210	0	0.0632937
1210.5	0	0.0632937
1211	0	0.0632937
1211.5	0	0.0632937
1212	0	0.0632937
1212.5	0	0.0632937
1213	0.00612581	0.0629915
1213.5	0.127397	0.0630176
1214	0.127346	0.0630438
1214.5	0.12488	0.0630694
1215	0.126996	0.0630955
1215.5	0.127553	0.0631216
1216	0.131439	0.0631518
1216.5	0.122548	0.0631737
1217	0.112842	0.0631965
1217.5	0.152572	0.0632267
1218	0.0793957	0.0632346
1218.5	0.129595	0.0632445
1219	0	0.0632445
1219.5	0	0.0632445
1220	0	0.0632445
1220.5	0	0.0632445
1221	0.00306349	0.0631181
1221.5	0	0.0631181
1222	0	0.0631181
1222.5	0	0.0631181
1223	0	0.0631181
1223.5	0	0.0631181
1224	0	0.0631181
1224.5	0	0.0631181
1225	0	0.0631181
1225.5	0	0.0631181
1226	0	0.0631181
1226.5	0	0.0631181
1227	0	0.0631181
1227.5	0	0.0631181
1228	0	0.0631181
1228.5	0	0.0631181
1229	0	0.0631181
1229.5	0	0.0631181
1230	0	0.0631181
1230.5	0	0.0631181
1231	0	0.0631181
1231.5	0.00150251	0.0625947
1232	0	0.0625947
1232.5	0	0.0625947
1233	0	0.0625947
1233.5	0.0204405	0.0625159
1234	0.128056	0.0625419
1234.5	0.127449	0.0625679
1235	0.127449	0.0625938
1235.5	0.127449	0.0626197
1236	0.127449	0.0626455
1236.5	0.127449	0.0626746
1237	0.126499	0.0627002
1237.5	0.128414	0.0627262
1238	0.124934	0.0627515
1238.5	0.127579	0.0627773
1239	0.127439	0.062803
1239.5	0.123401	0.0628279
1240	0.134158	0.0628549
1240.5	0.127387	0.0628806
1241	0.127375	0.0629094
1241.5	0.127849	0.0629351
1242	0.127449	0.0629607
1242.5	0.127314	0.0629863
1243	0.12691	0.0630118
1243.5	0.127366	0.063015
1244	0	0.063015
1244.5	0	0.063015
1245	0	0.063015
1245.5	0	0.063015
1246	0	0.063015
1246.5	0	0.063015
1247	0	0.063015
1247.5	0	0.063015
1248	0	0.063015
1248.5	0	0.063015
1249	0	0.063015
1249.5	0.00974294	0.0627399
1250	0.127449	0.0627655
1250.5	0.119181	0.0627893
1251	0.113424	0.0628089
1251.5	0.14691	0.0628448
1252	0.124644	0.062851
1252.5	0	0.062851
1253	0	0.062851
1253.5	0	0.062851
1254	0	0.062851
1254.5	0	0.062851
1255	0	0.062851
1255.5	0	0.062851
1256	0	0.062851
1256.5	0	0.062851
1257	0	0.062851
1257.5	0.00267747	0.0625702
1258	0.135966	0.0625972
1258.5	0.114957	0.0626199
1259	0.132959	0.0626464
1259.5	0.102929	0.0626634
1260	0.119329	0.0626842
1260.5	0.169235	0.0627273
1261	0.125166	0.0627522
1261.5	0.13016	0.062778
1262	0.125309	0.0628029
1262.5	0.128581	0.0628315
1263	0.125833	0.0628533
1263.5	0.117758	0.0628765
1264	0.132264	0.0629058
1264.5	0.125866	0.0629276
1265	0.132301	0.0629569
1265.5	0.114199	0.0629736
1266	0.0926516	0.0629875
1266.5	0.138976	0.0630181
1267	0.110372	0.0630367
1267.5	0.111084	0.0630528
1268	0.132041	0.0630851
1268.5	0.0947775	0.0630976
1269	0.149123	0.0631297
1269.5	0.120577	0.0631533
1270	0.126165	0.0631749
1270.5	0.110102	0.063196
1271	0.17026	0.0632349
1271.5	0.16198	0.0632763
1272	0.144095	0.063304
1272.5	0.0705193	0.0633072
1273	0.138795	0.0633374
1273.5	0.129763	0.0633595
1274	0.14089	0.0633765
1274.5	0	0.0633765
1275	0	0.0633765
1275.5	0	0.0633765
1276	0	0.0633765
1276.5	0	0.0633765
1277	0.00960302	0.0632387
1277.5	0.127568	0.0632635
1278	0.089741	0.0632744
1278.5	0.181292	0.0633024
1279	0	0.0633024
1279.5	0	0.0633024
1280	0	0.0633024
1280.5	0	0.0633024
1281	0	0.0633024
1281.5	0	0.0633024
1282	0	0.0633024
1282.5	0	0.0633024
1283	0	0.0633024
1283.5	0	0.0633024
1284	0	0.0633024
1284.5	0	0.0633024
1285	0	0.0633024
1285.5	0.00544591	0.0629777
1286	0.127449	0.0630025
1286.5	0.127449	0.0630272
1287	0.127449	0.0630519
1287.5	0.127449	0.0630704
1288	0	0.0630704
1288.5	0	0.0630704
1289	0	0.0630704
1289.5	0	0.0630704
1290	0	0.0630704
1290.5	0	0.0630704
1291	0	0.0630704
1291.5	0.0132047	0.0629096
1292	0.127449	0.0629342
1292.5	0.127449	0.0629588
1293	0.127449	0.0629834
1293.5	0.127449	0.063008
1294	0.125224	0.0630321
1294.5	0.127408	0.0630566
1295	0.127527	0.0630842
1295.5	0.12733	0.0631087
1296	0.134	0.0631183
1296.5	0	0.0631183
1297	0	0.0631183
1297.5	0	0.0631183
1298	0	0.0631183
1298.5	0	0.0631183
1299	0	0.0631183
1299.5	0	0.0631183
1300	0	0.0631183
1300.5	0	0.0631183
1301	0	0.0631183
1301.5	0	0.0631183
1302	0	0.0631183
1302.5	0	0.0631183
1303	0	0.0631183
1303.5	0	0.0631183
1304	0	0.0631183
1304.5	0	0.0631183
1305	0	0.0631183
1305.5	0	0.0631183
1306	0	0.0631183
1306.5	0	0.0631183
1307	0.00141766	0.062595
1307.5	0.0470465	0.0625871
1308	0.0943218	0.0626012
1308.5	0.129623	0.0626261
1309	0.162278	0.0626629
1309.5	0.120595	0.062686
1310	0.180113	0.0627329
1310.5	0.130174	0.0627577
1311	0.127449	0.0627821
1311.5	0.127449	0.0628064
1312	0.127449	0.0628307
1312.5	0.127449	0.0628489
1313	0.0245231	0.0628302
1313.5	0.127325	0.0628544
1314	0.127522	0.0628787
1314.5	0.127413	0.0629029
1315	0.125632	0.0629298
1315.5	0.128	0.062954
1316	0.123387	0.0629774
1316.5	0.129487	0.0629989
1317	0.0973447	0.0630115
1317.5	0.110413	0.063032
1318	0.0924868	0.0630434
1318.5	0.145778	0.0630738
1319	0.0927709	0.0630853
1319.5	0.221503	0.0631406
1320	0.115087	0.0631621
1320.5	0.160813	0.0631982
1321	0.127449	0.0632222
1321.5	0.127449	0.0632462
1322	0.127449	0.0632522
1322.5	0	0.0632522
1323	0	0.0632522
1323.5	0	0.0632522
1324	0	0.0632522
1324.5	0	0.0632522
1325	0	0.0632522
1325.5	0	0.0632522
1326	0.00712265	0.0630654
1326.5	0.125636	0.063089
1327	0.126256	0.0631127
1327.5	0.105436	0.0631293
1328	0.136873	0.0631517
1328.5	0.0925447	0.0631648
1329	0.161847	0.0632008
1329.5	0.153269	0.0632321
1330	0.129891	0.0632594
1330.5	0.127449	0.0632832
1331	0.127449	0.0633069
1331.5	0.127402	0.0633307
1332	0.120705	0.0633531
1332.5	0.128341	0.063377
1333	0.130739	0.0634013
1333.5	0.130242	0.0634285
1334	0.126216	0.0634431
1334.5	0	0.0634431
1335	0	0.0634431
1335.5	0	0.0634431
1336	0	0.0634431
1336.5	0	0.0634431
1337	0	0.0634431
1337.5	0	0.0634431
1338	0	0.0634431
1338.5	0	0.0634431
1339	0.00903816	0.0632313
1339.5	0.124763	0.0632515
1340	0.102174	0.0632649
1340.5	0.147103	0.0632983
1341	0.131863	0.0633227
1341.5	0.123912	0.0633484
1342	0.105405	0.0633648
1342.5	0.152954	0.0633956
1343	0.109506	0.0634129
1343.5	0.129651	0.0634308
1344	0	0.0634308
1344.5	0	0.0634308
1345	0	0.0634308
1345.5	0.0147218	0.0633535
1346	0.127434	0.063377
1346.5	0.127335	0.0634005
1347	0.127777	0.0634269
1347.5	0.127449	0.0634503
1348	0.127449	0.0634533
1348.5	0	0.0634533
1349	0	0.0634533
1349.5	0	0.0634533
1350	0	0.0634533
1350.5	0	0.0634533
1351	0	0.0634533
1351.5	0	0.0634533
1352	0	0.0634533
1352.5	0	0.0634533
1353	0	0.0634533
1353.5	0	0.0634533
1354	0	0.0634533
1354.5	0	0.0634533
1355	0	0.0634533
1355.5	0	0.0634533
1356	0	0.0634533
1356.5	0	0.0634533
1357	0	0.0634533
1357.5	0	0.0634533
1358	0	0.0634533
1358.5	0	0.0634533
1359	0	0.0634533
1359.5	0	0.0634533
1360	0	0.0634533
1360.5	0	0.0634533
1361	0	0.0634533
1361.5	0	0.0634533
1362	0	0.0634533
1362.5	0	0.0634533
1363	0	0.0634533
1363.5	0	0.0634533
1364	0	0.0634533
1364.5	0	0.0634533
1365	0	0.0634533
1365.5	0	0.0634533
1366	0	0.0634533
1366.5	0	0.0634533
1367	0	0.0634533
1367.5	0	0.0634533
1368	0	0.0634533
1368.5	0	0.0634533
1369	0	0.0634533
1369.5	0	0.0634533
1370	0	0.0634533
1370.5	0	0.0634533
1371	0	0.0634533
1371.5	0	0.0634533
1372	0	0.0634533
1372.5	0	0.0634533
1373	0	0.0634533
1373.5	0.00211679	0.0622932
1374	0.127449	0.0623166
1374.5	0.127449	0.06234
1375	0.127449	0.0623633
1375.5	0.127449	0.0623866
1376	0.127449	0.06241
1376.5	0.127449	0.0624362
1377	0.127449	0.0624594
1377.5	0.127449	0.0624827
1378	0.127449	0.062506
1378.5	0.127449	0.0625292
1379	0.127449	0.0625524
1379.5	0.122031	0.0625746
1380	0.136665	0.0625839
1380.5	0	0.0625839
1381	0	0.0625839
1381.5	0	0.0625839
1382	0.00341567	0.0624854
1382.5	0.127449	0.0625115
1383	0.127449	0.0625346
1383.5	0.125488	0.0625574
1384	0.127573	0.0625661
1384.5	0	0.0625661
1385	0.0120281	0.0625184
1385.5	0.127449	0.0625415
1386	0.127449	0.0625646
1386.5	0.121505	0.0625866
1387	0.124365	0.0626091
1387.5	0.127465	0.0626322
1388	0.127418	0.0626552
1388.5	0.131097	0.0626788
1389	0.124468	0.0627013
1389.5	0.12438	0.0627237
1390	0.131994	0.0627504
1390.5	0.0615173	0.0627499
1391	0.131867	0.0627736
1391.5	0.126052	0.0627963
1392	0.130566	0.0628197
1392.5	0.129818	0.0628459
1393	0.127408	0.0628688
1393.5	0.127423	0.0628916
1394	0.127542	0.0629145
1394.5	0.123389	0.0629366
1395	0.130717	0.0629599
1395.5	0.127418	0.0629827
1396	0.127459	0.0630055
1396.5	0	0.0630055
1397	0	0.0630055
1397.5	0.00506695	0.0629412
1398	0.127475	0.062964
1398.5	0.127532	0.0629867
1399	0.12749	0.0630094
1399.5	0.127421	0.0630321
1400	0.127466	0.0630548
1400.5	0.126851	0.0630774
1401	0.130585	0.0631006
1401.5	0.127612	0.0631261
1402	0.124227	0.0631481
1402.5	0.128325	0.0631709
1403	0.12038	0.0631922
1403.5	0.132658	0.0632156
1404	0.13207	0.0632273
1404.5	0	0.0632273
1405	0	0.0632273
1405.5	0	0.0632273
1406	0	0.0632273
1406.5	0	0.0632273
1407	0	0.0632273
1407.5	0	0.0632273
1408	0.0148195	0.0630815
1408.5	0.12716	0.0630871
1409	0.0539552	0.0630815
1409.5	0.127546	0.0631068
1410	0.125464	0.063129
1410.5	0.125615	0.0631483
1411	0.112673	0.0631679
1411.5	0.140003	0.0631924
1412	0.135494	0.0632191
1412.5	0.127696	0.0632415
1413	0.129795	0.0632672
1413.5	0.127449	0.0632896
1414	0.127449	0.0633119
1414.5	0.127449	0.0633343
1415	0.127449	0.0633566
1415.5	0.127449	0.063379
1416	0.127449	0.0634013
1416.5	0.127374	0.0634263
1417	0.127534	0.0634486
1417.5	0.127223	0.0634625
1418	0	0.0634625
1418.5	0	0.0634625
1419	0	0.0634625
1419.5	0	0.0634625
1420	0	0.0634625
1420.5	0	0.0634625
1421	0	0.0634625
1421.5	0.00187601	0.0632811
1422	0.127449	0.0633034
1422.5	0.127449	0.0633256
1423	0.127449	0.0633478
1423.5	0.127449	0.06337
1424	0.125044	0.0633918
1424.5	0.127501	0.063414
1425	0.127509	0.0634389
1425.5	0.112511	0.0634557
1426	0.142412	0.0634832
1426.5	0.122691	0.0635018
1427	0.132492	0.0635276
1427.5	0.120395	0.0635484
1428	0.110533	0.0635648
1428.5	0.153135	0.0635937
1429	0.116051	0.0636111
1429.5	0.132245	0.0636368
1430	0.129011	0.0636591
1430.5	0.131889	0.0636846
1431	0.119186	0.0637025
1431.5	0.129396	0.0637276
1432	0.0997115	0.0637395
1432.5	0.147238	0.0637706
1433	0.136016	0.0637938
1433.5	0.117568	0.0638139
1434	0.111065	0.0638279
1434.5	0.105972	0.0638453
1435	0.123581	0.0638665
1435.5	0.179759	0.0639017
1436	0.112805	0.0639207
1436.5	0.126373	0.0639423
1437	0.14957	0.0639705
1437.5	0.117759	0.0639905
1438	0.126193	0.064012
1438.5	0.142328	0.064039
1439	0.10797	0.0640479
1439.5	0	0.0640479
1440	0	0.0640479
1440.5	0	0.0640479
1441	0	0.0640479
1441.5	0	0.0640479
1442	0	0.0640479
1442.5	0.0126886	0.0639157
1443	0.125718	0.0639371
1443.5	0.130788	0.0639593
1444	0.129088	0.0639813
1444.5	0.127449	0.064003
1445	0.127449	0.0640273
1445.5	0.127449	0.064049
1446	0.127449	0.0640706
1446.5	0.117918	0.0640879
1447	0.0971362	0.0640935
1447.5	0	0.0640935
1448	0	0.0640935
1448.5	0	0.0640935
1449	0.0237882	0.0640292
1449.5	0.132793	0.0640516
1450	0.13488	0.0640659
1450.5	0	0.0640659
1451	0.0466904	0.0640517
1451.5	0.112848	0.0640705
1452	0.161938	0.0640999
1452.5	0.107367	0.0641151
1453	0.143731	0.0641451
1453.5	0.136272	0.064168
1454	0.117682	0.0641876
1454.5	0	0.0641876
1455	0.0162113	0.0641557
1455.5	0.127455	0.0641798
1456	0.122104	0.0641977
1456.5	0.12618	0.0642189
1457	0.129459	0.0642406
1457.5	0.123956	0.064264
1458	0.125969	0.0642825
1458.5	0.133051	0.0643047
1459	0	0.0643047
1459.5	0	0.0643047
1460	0	0.0643047
1460.5	0	0.0643047
1461	0.0151882	0.0642178
1461.5	0.126561	0.064239
1462	0.103752	0.0642472
1462.5	0	0.0642472
1463	0.0133193	0.0642061
1463.5	0.129643	0.0642278
1464	0	0.0642278
1464.5	0	0.0642278
1465	0	0.0642278
1465.5	0	0.0642278
1466	0	0.0642278
1466.5	0	0.0642278
1467	0.0134443	0.0641064
1467.5	0.127638	0.0641278
1468	0.126973	0.0641516
1468.5	0.127679	0.0641729
1469	0.129021	0.0641944
1469.5	0.123178	0.0642149
1470	0.0924174	0.0642198
1470.5	0	0.0642198
1471	0	0.0642198
1471.5	0	0.0642198
1472	0	0.0642198
1472.5	0	0.0642198
1473	0	0.0642198
1473.5	0.00209775	0.0640619
1474	0.127449	0.0640831
1474.5	0.127449	0.0641043
1475	0.127449	0.0641255
1475.5	0.127449	0.0641466
1476	0.127449	0.0641704
1476.5	0.127449	0.0641915
1477	0.127449	0.0642127
1477.5	0.127449	0.0642338
1478	0.124445	0.0642543
1478.5	0.127501	0.0642754
1479	0.130547	0.064297
1479.5	0.127449	0.064318
1480	0.127449	0.0643417
1480.5	0.127449	0.0643627
1481	0.127449	0.0643837
1481.5	0.127449	0.0644047
1482	0.127449	0.0644257
1482.5	0.119075	0.0644402
1483	0	0.0644402
1483.5	0	0.0644402
1484	0	0.0644402
1484.5	0	0.0644402
1485	0	0.0644402
1485.5	0	0.0644402
1486	0	0.0644402
1486.5	0	0.0644402
1487	0	0.0644402
1487.5	0	0.0644402
1488	0	0.0644402
1488.5	0	0.0644402
1489	0	0.0644402
1489.5	0	0.0644402
1490	0	0.0644402
1490.5	0	0.0644402
1491	0	0.0644402
1491.5	0	0.0644402
1492	0	0.0644402
1492.5	0	0.0644402
1493	0	0.0644402
1493.5	0	0.0644402
1494	0	0.0644402
1494.5	0	0.0644402
1495	0	0.0644402
1495.5	0	0.0644402
1496	0	0.0644402
1496.5	0	0.0644402
1497	0	0.0644402
1497.5	0	0.0644402
1498	0	0.0644402
1498.5	0	0.0644402
1499	0	0.0644402
1499.5	0	0.0644402
1500	0	0.0644402
1500.5	0	0.0644402
1501	0	0.0644402
1501.5	0	0.0644402
1502	0	0.0644402
1502.5	0	0.0644402
1503	0	0.0644402
1503.5	0	0.0644402
1504	0	0.0644402
1504.5	0	0.0644402
1505	0	0.0644402
1505.5	0	0.0644402
1506	0	0.0644402
1506.5	0	0.0644402
1507	0	0.0644402
1507.5	0	0.0644402
1508	0	0.0644402
1508.5	0	0.0644402
1509	0	0.0644402
1509.5	0	0.0644402
1510	0	0.0644402
1510.5	0	0.0644402
1511	0	0.0644402
1511.5	0	0.0644402
1512	0	0.0644402
1512.5	0	0.0644402
1513	0	0.0644402
1513.5	0	0.0644402
1514	0	0.0644402
1514.5	0	0.0644402
1515	0	0.0644402
1515.5	0	0.0644402
1516	0	0.0644402
1516.5	0	0.0644402
1517	0	0.0644402
1517.5	0	0.0644402
1518	0	0.0644402
1518.5	0	0.0644402
1519	0	0.0644402
1519.5	0	0.0644402
1520	0	0.0644402
1520.5	0	0.0644402
1521	0	0.0644402
1521.5	0	0.0644402
1522	0	0.0644402
1522.5	0	0.0644402
1523	0.000193017	0.0627237
1523.5	0.135028	0.062743
1524	0.12126	0.0627654
1524.5	0.136059	0.0627876
1525	0.120565	0.0628074
1525.5	0.123318	0.0628276
1526	0.129552	0.0628355
1526.5	0	0.0628355
1527	0	0.0628355
1527.5	0	0.0628355
1528	0	0.0628355
1528.5	0	0.0628355
1529	0.0168348	0.0627373
1529.5	0.112868	0.0627555
1530	0.135706	0.0627804
1530.5	0.105044	0.0627928
1531	0.126474	0.0628134
1531.5	0.103218	0.0628275
1532	0.133122	0.0628491
1532.5	0.126966	0.0628724
1533	0.142123	0.0628981
1533.5	0.129609	0.0629113
1534	0	0.0629113
1534.5	0	0.0629113
1535	0	0.0629113
1535.5	0	0.0629113
1536	0	0.0629113
1536.5	0	0.0629113
1537	0	0.0629113
1537.5	0	0.0629113
1538	0	0.0629113
1538.5	0	0.0629113
1539	0	0.0629113
1539.5	0	0.0629113
1540	0	0.0629113
1540.5	0	0.0629113
1541	0	0.0629113
1541.5	0	0.0629113
1542	0	0.0629113
1542.5	0	0.0629113
1543	0	0.0629113
1543.5	0	0.0629113
1544	0	0.0629113
1544.5	0	0.0629113
1545	0	0.0629113
1545.5	0	0.0629113
1546	0	0.0629113
1546.5	0	0.0629113
1547	0	0.0629113
1547.5	0	0.0629113
1548	0	0.0629113
1548.5	0	0.0629113
1549	0	0.0629113
1549.5	0	0.0629113
1550	0	0.0629113
1550.5	0	0.0629113
1551	0	0.0629113
1551.5	0	0.0629113
1552	0	0.0629113
1552.5	0.000818433	0.0621437
1553	0.127449	0.0621644
1553.5	0.127449	0.0621851
1554	0.127449	0.0622058
1554.5	0.126745	0.062229
1555	0.125773	0.0622494
1555.5	0.109805	0.0622647
1556	0.108171	0.0622776
1556.5	0.0846256	0.0622856
1557	0.137527	0.0623049
1557.5	0.145763	0.0623366
1558	0.142105	0.0623621
1558.5	0.170462	0.0623941
1559	0.126443	0.0624145
1559.5	0.123344	0.0624344
1560	0.132919	0.0624584
1560.5	0.127449	0.062479
1561	0.127449	0.0624995
1561.5	0.127449	0.06252
1562	0.127449	0.0625405
1562.5	0.127449	0.0625635
1563	0.127449	0.062584
1563.5	0.127449	0.0626044
1564	0.127449	0.0626249
1564.5	0	0.0626249
1565	0.0402006	0.0626109
1565.5	0.127449	0.0626313
1566	0.127449	0.0626542
1566.5	0.127449	0.0626746
1567	0.127449	0.062695
1567.5	0.127261	0.0627153
1568	0.127351	0.0627357
1568.5	0.127736	0.0627561
1569	0.127449	0.0627764
1569.5	0.127449	0.0627967
1570	0.127449	0.0628195
1570.5	0.127449	0.0628398
1571	0.127449	0.0628474
1571.5	0	0.0628474
1572	0	0.0628474
1572.5	0	0.0628474
1573	0	0.0628474
1573.5	0	0.0628474
1574	0	0.0628474
1574.5	0	0.0628474
1575	0.00181275	0.0626795
1575.5	0.127449	0.0626998
1576	0.127449	0.0627201
1576.5	0.127449	0.0627403
1577	0.124986	0.0627602
1577.5	0.127423	0.0627804
1578	0.127522	0.0628006
1578.5	0.125652	0.0628205
1579	0.12737	0.0628407
1579.5	0.130531	0.0628639
1580	0.118499	0.0628802
1580.5	0.132591	0.0629037
1581	0.131733	0.0629219
1581.5	0.12575	0.0629442
1582	0.129544	0.0629646
1582.5	0.107845	0.0629688
1583	0	0.0629688
1583.5	0	0.0629688
1584	0	0.0629688
1584.5	0	0.0629688
1585	0	0.0629688
1585.5	0	0.0629688
1586	0	0.0629688
1586.5	0	0.0629688
1587	0	0.0629688
1587.5	0	0.0629688
1588	0	0.0629688
1588.5	0	0.0629688
1589	0	0.0629688
1589.5	0	0.0629688
1590	0	0.0629688
1590.5	0	0.0629688
1591	0	0.0629688
1591.5	0	0.0629688
1592	0	0.0629688
1592.5	0	0.0629688
1593	0	0.0629688
1593.5	0	0.0629688
1594	0	0.0629688
1594.5	0	0.0629688
1595	0	0.0629688
1595.5	0	0.0629688
1596	0	0.0629688
1596.5	0	0.0629688
1597	0	0.0629688
1597.5	0	0.0629688
1598	0	0.0629688
1598.5	0	0.0629688
1599	0	0.0629688
1599.5	0	0.0629688
1600	0	0.0629688
