8.5	0.00461808	0.145352
9	0.127691	0.133951
9.5	0.127496	0.131416
10	0.124409	0.129406
10.5	0.127439	0.128975
11	0.130717	0.129281
11.5	0.127439	0.129129
12	0	0.129129
12.5	0	0.129129
13	0	0.129129
13.5	0	0.129129
14	0	0.129129
14.5	0	0.129129
15	0.00207751	0.0580848
15.5	0.129201	0.062857
16	0.127361	0.0669681
16.5	0.127449	0.0688347
17	0.0309625	0.0655402
17.5	0.127449	0.068843
18	0.127449	0.0718112
18.5	0.127449	0.0748105
19	0.127449	0.0772174
19.5	0.127449	0.0794139
20	0.127449	0.0814263
20.5	0.127449	0.0832769
21	0.124974	0.0849194
21.5	0.127382	0.0864993
22	0.127553	0.0879702
22.5	0.127351	0.0893344
23	0.127467	0.0907635
23.5	0.129311	0.091989
24	0	0.091989
24.5	0	0.091989
25	0	0.091989
25.5	0	0.091989
26	0	0.091989
26.5	0	0.091989
27	0	0.091989
27.5	0	0.091989
28	0	0.091989
28.5	0.00157291	0.0697229
29	0.127542	0.0710943
29.5	0.130641	0.0724421
30	0.127803	0.0738464
30.5	0.127781	0.073998
31	0	0.073998
31.5	0	0.073998
32	0	0.073998
32.5	0	0.073998
33	0	0.073998
33.5	0	0.073998
34	0	0.073998
34.5	0.00361988	0.0623434
35	0.123333	0.0635065
35.5	0.0269565	0.0627262
36	0.104841	0.0634085
36.5	0.153987	0.0652038
37	0.115344	0.0660341
37.5	0.132908	0.0671147
38	0.132157	0.0682825
38.5	0.12929	0.0690199
39	0	0.0690199
39.5	0.00690556	0.0667623
40	0.0809915	0.06685
40.5	0	0.06685
41	0	0.06685
41.5	0	0.06685
42	0	0.06685
42.5	0	0.06685
43	0	0.06685
43.5	0	0.06685
44	0	0.06685
44.5	0	0.06685
45	0	0.06685
45.5	0	0.06685
46	0	0.06685
46.5	0	0.06685
47	0	0.06685
47.5	0	0.06685
48	0	0.06685
48.5	0	0.06685
49	0	0.06685
49.5	0	0.06685
50	0.00610567	0.0518872
50.5	0.127449	0.0528772
51	0.127449	0.0537356
51.5	0.127449	0.0545746
52	0.127449	0.0553946
52.5	0.127449	0.0561964
53	0.127449	0.0569805
53.5	0.127219	0.0577465
54	0.127501	0.0584973
54.5	0.12744	0.0593225
55	0.127003	0.0600375
55.5	0.127893	0.0607419
56	0.127387	0.0614293
56.5	0.127434	0.062103
57	0.124459	0.0627479
57.5	0.128112	0.0633175
58	0.0944025	0.0636808
58.5	0.0648132	0.0636917
59	0.120039	0.0640557
59.5	0	0.0640557
60	0	0.0640557
60.5	0	0.0640557
61	0	0.0640557
61.5	0	0.0640557
62	0	0.0640557
62.5	0	0.0640557
63	0	0.0640557
63.5	0	0.0640557
64	0.0121552	0.0592485
64.5	0.127449	0.0598457
65	0.125898	0.0604261
65.5	0.127412	0.061074
66	0.127516	0.06164
66.5	0.127475	0.0621962
67	0.127382	0.0627427
67.5	0.127397	0.0632802
68	0.129108	0.0638158
68.5	0.127449	0.064336
69	0.127449	0.0649111
69.5	0.127449	0.0654136
70	0.127449	0.0659081
70.5	0.125789	0.0663879
71	0.127465	0.066867
71.5	0.127444	0.0673385
72	0.127315	0.0678023
72.5	0.127563	0.0682599
73	0.125764	0.0687032
73.5	0.130717	0.0691597
74	0.124661	0.0696375
74.5	0.127497	0.0699603
75	0	0.0699603
75.5	0	0.0699603
76	0	0.0699603
76.5	0	0.0699603
77	0	0.0699603
77.5	0	0.0699603
78	0	0.0699603
78.5	0	0.0699603
79	0	0.0699603
79.5	0.00921633	0.0656072
80	0.14593	0.0661488
80.5	0.100772	0.0664098
81	0.156401	0.0668447
81.5	0.0499029	0.0667355
82	0.10798	0.0670607
82.5	0.0555508	0.0669949
83	0	0.0669949
83.5	0	0.0669949
84	0	0.0669949
84.5	0	0.0669949
85	0	0.0669949
85.5	0	0.0669949
86	0.0107685	0.0643613
86.5	0.122636	0.0646949
87	0.148993	0.0650341
87.5	0.0637453	0.0650221
88	0.0947738	0.0652073
88.5	0.0810357	0.0652838
89	0	0.0652838
89.5	0	0.0652838
90	0	0.0652838
90.5	0	0.0652838
91	0	0.0652838
91.5	0	0.0652838
92	0	0.0652838
92.5	0	0.0652838
93	0	0.0652838
93.5	0	0.0652838
94	0	0.0652838
94.5	0	0.0652838
95	0	0.0652838
95.5	0	0.0652838
96	0	0.0652838
96.5	0	0.0652838
97	0	0.0652838
97.5	0	0.0652838
98	0	0.0652838
98.5	0	0.0652838
99	0.00442306	0.0581503
99.5	0.087721	0.0582952
100	0.120756	0.058649
100.5	0.0882754	0.0588201
101	0.136242	0.0590129
101.5	0.0769233	0.05915
102	0.168463	0.0598013
102.5	0.109579	0.0600658
103	0.127161	0.0604151
103.5	0.127449	0.0607616
104	0.127418	0.0611044
104.5	0.127501	0.0614439
105	0.127501	0.0617799
105.5	0.123279	0.0620216
106	0	0.0620216
106.5	0	0.0620216
107	0	0.0620216
107.5	0	0.0620216
108	0	0.0620216
108.5	0.0200433	0.0607108
109	0.127449	0.0610369
109.5	0.127449	0.0613599
110	0.127449	0.0616797
110.5	0.127449	0.0619965
111	0.127449	0.0623492
111.5	0.127449	0.0626596
112	0.127449	0.062967
112.5	0.127449	0.0632715
113	0.127449	0.0633094
113.5	0	0.0633094
114	0	0.0633094
114.5	0	0.0633094
115	0	0.0633094
115.5	0	0.0633094
116	0	0.0633094
116.5	0	0.0633094
117	0	0.0633094
117.5	0	0.0633094
118	0	0.0633094
118.5	0	0.0633094
119	0	0.0633094
119.5	0	0.0633094
120	0.00420925	0.0593682
120.5	0.110387	0.0595942
121	0.15234	0.0600176
121.5	0.127449	0.0603107
122	0.125798	0.0605978
122.5	0.127408	0.0608858
123	0.127775	0.0609217
123.5	0	0.0609217
124	0	0.0609217
124.5	0	0.0609217
125	0	0.0609217
125.5	0	0.0609217
126	0	0.0609217
126.5	0.00199086	0.0589586
127	0.047482	0.0589107
127.5	0	0.0589107
128	0.00797451	0.0584923
128.5	0.0648682	0.0584987
129	0.0256513	0.0582493
129.5	0.0761359	0.0582797
130	0	0.0582797
130.5	0	0.0582797
131	0	0.0582797
131.5	0	0.0582797
132	0	0.0582797
132.5	0	0.0582797
133	0	0.0582797
133.5	0	0.0582797
134	0.0131311	0.0565643
134.5	0.127449	0.0568407
135	0.12727	0.0571147
135.5	0.124768	0.0573487
136	0.0846843	0.0574676
136.5	0.0905065	0.0576016
137	0.129649	0.0576695
137.5	0	0.0576695
138	0	0.0576695
138.5	0	0.0576695
139	0	0.0576695
139.5	0	0.0576695
140	0.00469788	0.0563267
140.5	0.127449	0.0566245
141	0.127449	0.0568871
141.5	0.127449	0.0571478
142	0.127449	0.0574066
142.5	0.127449	0.0576634
143	0.127449	0.0579184
143.5	0.127449	0.0581715
144	0.127449	0.0584228
144.5	0.127144	0.0587028
145	0.127535	0.0589504
145.5	0.110388	0.0591367
146	0.1414	0.0594348
146.5	0.13107	0.059621
147	0	0.059621
147.5	0	0.059621
148	0.00977196	0.0590484
148.5	0.132635	0.0593276
149	0.154163	0.0596703
149.5	0.143287	0.0599619
150	0.127387	0.0600793
150.5	0.0730296	0.0601477
151	0.129887	0.0603837
151.5	0.12534	0.0606107
152	0.127434	0.0608396
152.5	0.12752	0.0610671
153	0.127378	0.0612928
153.5	0.127518	0.0615451
154	0.127459	0.0617677
154.5	0.127334	0.0619886
155	0.12734	0.062208
155.5	0.127396	0.0624261
156	0.127748	0.0626432
156.5	0.127459	0.0628585
157	0.129289	0.0631022
157.5	0.127449	0.0633145
158	0.118056	0.0634845
158.5	0.106581	0.0635268
159	0	0.0635268
159.5	0	0.0635268
160	0	0.0635268
160.5	0	0.0635268
161	0	0.0635268
161.5	0	0.0635268
162	0	0.0635268
162.5	0.00897689	0.0619819
163	0.127413	0.0621901
163.5	0.115052	0.0623527
164	0.138353	0.0626016
164.5	0.130433	0.0628365
165	0.124311	0.0630345
165.5	0.132654	0.0632439
166	0.127449	0.0634443
166.5	0.127449	0.0636434
167	0.127449	0.0638413
167.5	0.127449	0.064038
168	0.127449	0.0642578
168.5	0.127449	0.0644519
169	0.127449	0.0646448
169.5	0.127449	0.0648127
170	0	0.0648127
170.5	0	0.0648127
171	0	0.0648127
171.5	0	0.0648127
172	0	0.0648127
172.5	0.00764055	0.0637409
173	0.125569	0.0639284
173.5	0.126185	0.0641157
174	0.135145	0.0643147
174.5	0.127594	0.0645019
175	0.127067	0.0647103
175.5	0.127361	0.0648948
176	0.127358	0.0650782
176.5	0.127356	0.0652606
177	0.130495	0.0654465
177.5	0.127449	0.0656269
178	0.125993	0.065804
178.5	0.0724304	0.0658251
179	0.127413	0.0660027
179.5	0.127361	0.0661792
180	0.127697	0.0663552
180.5	0.127449	0.0665298
181	0.127449	0.0667035
181.5	0.124011	0.0668708
182	0.074954	0.0668952
182.5	0.10803	0.0670151
183	0.0713285	0.0670179
183.5	0.0573934	0.0669728
184	0.121542	0.0671531
184.5	0.153003	0.0673778
185	0.127449	0.0675452
185.5	0	0.0675452
186	0	0.0675452
186.5	0	0.0675452
187	0	0.0675452
187.5	0	0.0675452
188	0	0.0675452
188.5	0	0.0675452
189	0	0.0675452
189.5	0	0.0675452
190	0	0.0675452
190.5	0	0.0675452
191	0	0.0675452
191.5	0	0.0675452
192	0	0.0675452
192.5	0	0.0675452
193	0	0.0675452
193.5	0	0.0675452
194	0	0.0675452
194.5	0	0.0675452
195	0	0.0675452
195.5	0	0.0675452
196	0	0.0675452
196.5	0	0.0675452
197	0	0.0675452
197.5	0	0.0675452
198	0	0.0675452
198.5	0	0.0675452
199	0	0.0675452
199.5	0	0.0675452
200	0	0.0675452
200.5	0	0.0675452
201	0	0.0675452
201.5	0.00237609	0.061979
202	0.132462	0.0621729
202.5	0.0779411	0.0621974
203	0.0347092	0.0621017
203.5	0.0701046	0.0621201
204	0.0845871	0.062152
204.5	0.0530943	0.0621179
205	0.158145	0.0623842
205.5	0.14924	0.0625925
206	0.135429	0.0627845
206.5	0.170001	0.0630589
207	0.127449	0.0632184
207.5	0.107346	0.0633317
208	0.0830826	0.0633783
208.5	0.0618152	0.0633744
209	0.161943	0.0635885
209.5	0.126926	0.0637635
210	0.243244	0.0638498
210.5	0	0.0638498
211	0	0.0638498
211.5	0	0.0638498
212	0	0.0638498
212.5	0	0.0638498
213	0	0.0638498
213.5	0	0.0638498
214	0	0.0638498
214.5	0	0.0638498
215	0	0.0638498
215.5	0.0118924	0.0623618
216	0.11058	0.0624606
216.5	0.135126	0.0626631
217	0.114564	0.0627653
217.5	0.12057	0.0629091
218	0.15047	0.0631267
218.5	0.123507	0.0632726
219	0.078971	0.0633096
219.5	0.103928	0.0633677
220	0.100685	0.0634913
220.5	0.145652	0.0636789
221	0.132642	0.0638514
221.5	0.0998086	0.0639309
222	0.0906456	0.0639958
222.5	0.103132	0.064093
223	0.108057	0.064197
223.5	0.125658	0.064304
224	0	0.064304
224.5	0	0.064304
225	0	0.064304
225.5	0	0.064304
226	0	0.064304
226.5	0	0.064304
227	0	0.064304
227.5	0	0.064304
228	0.00852202	0.063136
228.5	0.125451	0.0632421
229	0	0.0632421
229.5	0	0.0632421
230	0	0.0632421
230.5	0	0.0632421
231	0	0.0632421
231.5	0	0.0632421
232	0	0.0632421
232.5	0	0.0632421
233	0	0.0632421
233.5	0	0.0632421
234	0	0.0632421
234.5	0	0.0632421
235	0	0.0632421
235.5	0	0.0632421
236	0	0.0632421
236.5	0	0.0632421
237	0	0.0632421
237.5	0	0.0632421
238	0	0.0632421
238.5	0	0.0632421
239	0	0.0632421
239.5	0	0.0632421
240	0	0.0632421
240.5	0	0.0632421
241	0	0.0632421
241.5	0	0.0632421
242	0	0.0632421
242.5	0	0.0632421
243	0	0.0632421
243.5	0	0.0632421
244	0	0.0632421
244.5	0	0.0632421
245	0	0.0632421
245.5	0	0.0632421
246	0	0.0632421
246.5	0	0.0632421
247	0	0.0632421
247.5	0	0.0632421
248	0	0.0632421
248.5	0	0.0632421
249	0	0.0632421
249.5	0	0.0632421
250	0	0.0632421
250.5	0.00177302	0.0576298
251	0.124407	0.0577686
251.5	0.130598	0.0579124
252	0.127532	0.058053
252.5	0.127335	0.0581055
253	0	0.0581055
253.5	0.00591159	0.0578231
254	0.12747	0.0579626
254.5	0.127563	0.0581016
255	0.127362	0.0582572
255.5	0.127413	0.0583949
256	0.126431	0.0585312
256.5	0.12437	0.058665
257	0.134135	0.0588069
257.5	0.127449	0.0589425
258	0.107012	0.058999
258.5	0	0.058999
259	0	0.058999
259.5	0	0.058999
260	0	0.058999
260.5	0	0.058999
261	0	0.058999
261.5	0	0.058999
262	0	0.058999
262.5	0	0.058999
263	0	0.058999
263.5	0	0.058999
264	0	0.058999
264.5	0	0.058999
265	0	0.058999
265.5	0	0.058999
266	0	0.058999
266.5	0.00180089	0.0570697
267	0.127325	0.0572035
267.5	0.127532	0.0573536
268	0.119872	0.0574009
268.5	0.0314238	0.0573262
269	0.127449	0.0574751
269.5	0.127449	0.0575905
270	0	0.0575905
270.5	0.052909	0.057572
271	0.132886	0.0577242
271.5	0.127449	0.0578546
272	0.127449	0.0579845
272.5	0.127449	0.0581139
273	0.127449	0.0582428
273.5	0.127449	0.0583713
274	0.127449	0.0584993
274.5	0.127449	0.0586268
275	0.127449	0.0587697
275.5	0.127449	0.0588172
276	0	0.0588172
276.5	0	0.0588172
277	0	0.0588172
277.5	0	0.0588172
278	0	0.0588172
278.5	0	0.0588172
279	0	0.0588172
279.5	0	0.0588172
280	0	0.0588172
280.5	0	0.0588172
281	0	0.0588172
281.5	0.00255359	0.0575516
282	0.0942089	0.0576408
282.5	0.15413	0.0578198
283	0.145428	0.0579746
283.5	0.116413	0.0580747
284	0.105396	0.0581641
284.5	0.09258	0.0581958
285	0.0360188	0.0581435
285.5	0.0770778	0.0581782
286	0.0264583	0.0581105
286.5	0.220962	0.0584013
287	0.0808589	0.0584404
287.5	0.123348	0.0585586
288	0.138338	0.0586557
288.5	0.0462711	0.0586257
289	0.156924	0.0587658
289.5	0.0572674	0.0587636
290	0	0.0587636
290.5	0	0.0587636
291	0	0.0587636
291.5	0	0.0587636
292	0	0.0587636
292.5	0	0.0587636
293	0.00642272	0.0580902
293.5	0.122878	0.0582062
294	0.130739	0.058328
294.5	0.130604	0.0584493
295	0.125796	0.0585811
295.5	0.127506	0.0586991
296	0.127454	0.0588168
296.5	0.127239	0.0589338
297	0.127901	0.0589632
297.5	0	0.0589632
298	0	0.0589632
298.5	0	0.0589632
299	0.0180498	0.0586572
299.5	0	0.0586572
300	0	0.0586572
300.5	0	0.0586572
301	0	0.0586572
301.5	0	0.0586572
302	0	0.0586572
302.5	0	0.0586572
303	0	0.0586572
303.5	0	0.0586572
304	0	0.0586572
304.5	0	0.0586572
305	0	0.0586572
305.5	0	0.0586572
306	0	0.0586572
306.5	0	0.0586572
307	0	0.0586572
307.5	0.000899248	0.056974
308	0.134095	0.0570944
308.5	0.127413	0.0572097
309	0.124335	0.0573223
309.5	0.130739	0.0574393
310	0.121639	0.0575491
310.5	0.134072	0.0576676
311	0.124709	0.0577929
311.5	0.13084	0.057894
312	0	0.057894
312.5	0	0.057894
313	0	0.057894
313.5	0	0.057894
314	0	0.057894
314.5	0	0.057894
315	0	0.057894
315.5	0	0.057894
316	0	0.057894
316.5	0	0.057894
317	0	0.057894
317.5	0	0.057894
318	0	0.057894
318.5	0	0.057894
319	0	0.057894
319.5	0	0.057894
320	0	0.057894
320.5	0	0.057894
321	0	0.057894
321.5	0	0.057894
322	0	0.057894
322.5	0	0.057894
323	0	0.057894
323.5	0	0.057894
324	0	0.057894
324.5	0	0.057894
325	0	0.057894
325.5	0	0.057894
326	0	0.057894
326.5	0	0.057894
327	0	0.057894
327.5	0.00244001	0.0551024
328	0.0776678	0.0551238
328.5	0.122944	0.0552724
329	0.157898	0.0554313
329.5	0.136244	0.0555472
330	0.127449	0.0556709
330.5	0.0174543	0.0556176
331	0.127449	0.0557135
331.5	0	0.0557135
332	0	0.0557135
332.5	0	0.0557135
333	0	0.0557135
333.5	0	0.0557135
334	0	0.0557135
334.5	0	0.0557135
335	0	0.0557135
335.5	0.00679188	0.0550231
336	0.127449	0.0551318
336.5	0.124656	0.0552384
337	0.127441	0.0553061
337.5	0.0118746	0.0552189
338	0.067565	0.0552363
338.5	0	0.0552363
339	0	0.0552363
339.5	0	0.0552363
340	0	0.0552363
340.5	0	0.0552363
341	0	0.0552363
341.5	0	0.0552363
342	0	0.0552363
342.5	0	0.0552363
343	0.00782616	0.0545266
343.5	0.147203	0.0546739
344	0.16164	0.0548285
344.5	0.105279	0.0549067
345	0.102314	0.0549715
345.5	0.129442	0.0550919
346	0.107888	0.0551714
346.5	0.16632	0.0553264
347	0.135712	0.0554498
347.5	0.104747	0.0555042
348	0.0143814	0.0554382
348.5	0	0.0554382
349	0.0215977	0.05533
349.5	0.0926373	0.0553855
350	0.0316312	0.0553511
350.5	0.215279	0.0554192
351	0	0.0554192
351.5	0	0.0554192
352	0	0.0554192
352.5	0	0.0554192
353	0	0.0554192
353.5	0	0.0554192
354	0	0.0554192
354.5	0	0.0554192
355	0.00487737	0.0547161
355.5	0.145527	0.0548429
356	0.123123	0.054943
356.5	0.136097	0.0550504
357	0.124783	0.0551635
357.5	0.130588	0.0552673
358	0.121514	0.0553651
358.5	0.133993	0.0554702
359	0.127449	0.0555713
359.5	0.127449	0.0556846
360	0.124452	0.0557831
360.5	0.127511	0.0558833
361	0.127439	0.0559832
361.5	0.127465	0.0560828
362	0.127496	0.0561822
362.5	0.127434	0.0562812
363	0.124394	0.0563781
363.5	0.130636	0.0564785
364	0.127435	0.0565889
364.5	0.127434	0.0566868
365	0.127428	0.0567845
365.5	0.127408	0.0568818
366	0.127594	0.056979
366.5	0.12733	0.0570758
367	0.127496	0.0571724
367.5	0	0.0571724
368	0.00749614	0.0570279
368.5	0.127558	0.0571242
369	0.127408	0.0572202
369.5	0.127416	0.05728
370	0	0.05728
370.5	0	0.05728
371	0	0.05728
371.5	0.0288488	0.0571098
372	0.127449	0.057205
372.5	0.127449	0.0572999
373	0.125317	0.0573933
373.5	0.127423	0.0574877
374	0.127458	0.0575936
374.5	0.127459	0.0576875
375	0.127615	0.0577579
375.5	0.108022	0.0578374
376	0.127431	0.0579422
376.5	0	0.0579422
377	0	0.0579422
377.5	0	0.0579422
378	0	0.0579422
378.5	0	0.0579422
379	0	0.0579422
379.5	0.00681648	0.0574668
380	0.127408	0.057571
380.5	0.127225	0.0576633
381	0.12723	0.0577439
381.5	0.129505	0.0578487
382	0.126195	0.0579396
382.5	0.129191	0.058032
383	0.116	0.0581157
383.5	0.127761	0.0581955
384	0.115197	0.0582781
384.5	0.103276	0.0583417
385	0.170628	0.0584787
385.5	0.113144	0.058549
386	0.0617202	0.0585533
386.5	0.0990004	0.0586041
387	0.200493	0.0588093
387.5	0.15818	0.0589392
388	0.127449	0.0589725
388.5	0	0.0589725
389	0.0237456	0.0588503
389.5	0.0785998	0.0588761
390	0.111056	0.0589341
390.5	0.105381	0.0590064
391	0.216143	0.0590213
391.5	0.00936557	0.0589128
392	0.0518941	0.0589017
392.5	0.134949	0.0589593
393	0.141771	0.0591141
393.5	0.161766	0.0592432
394	0.124306	0.0593284
394.5	0.130668	0.0594171
395	0.127377	0.0595036
395.5	0.127454	0.0596008
396	0.127475	0.059687
396.5	0.129374	0.059774
397	0.127449	0.0598597
397.5	0.127449	0.0598704
398	0	0.0598704
398.5	0	0.0598704
399	0	0.0598704
399.5	0	0.0598704
400	0	0.0598704
400.5	0	0.0598704
401	0	0.0598704
401.5	0	0.0598704
402	0	0.0598704
402.5	0	0.0598704
403	0	0.0598704
403.5	0.00971024	0.0590504
404	0.123499	0.0591332
404.5	0.129463	0.0592084
405	0.129285	0.0592513
405.5	0	0.0592513
406	0.017642	0.0591118
406.5	0.134089	0.0591999
407	0.121843	0.0592808
407.5	0.0874964	0.0593125
408	0.123213	0.0593939
408.5	0.110651	0.0594574
409	0.0281693	0.0594357
409.5	0.0626999	0.0594418
410	0.136401	0.0595299
410.5	0.0750445	0.0595501
411	0.0971794	0.0595953
411.5	0.228993	0.0598112
412	0.127449	0.0599039
412.5	0.118184	0.0599709
413	0.134202	0.0600567
413.5	0.124165	0.0601366
414	0.131779	0.0602312
414.5	0.125957	0.0603118
415	0.1244	0.0603912
415.5	0.130619	0.0604741
416	0.127361	0.0605549
416.5	0.127304	0.0606355
417	0.0709049	0.0606494
417.5	0.124365	0.0607279
418	0.13032	0.0608097
418.5	0.125975	0.0608888
419	0.111136	0.0609406
419.5	0.112738	0.0610107
420	0.0647655	0.0610151
420.5	0.0948138	0.0610558
421	0.137585	0.0611298
421.5	0.0856102	0.0611678
422	0.09245	0.0611871
422.5	0	0.0611871
423	0.0344064	0.0611135
423.5	0.129797	0.0611735
424	0.0772498	0.0611931
424.5	0	0.0611931
425	0	0.0611931
425.5	0	0.0611931
426	0.00714884	0.0609092
426.5	0.11789	0.0609817
427	0.120713	0.0610559
427.5	0.105257	0.061103
428	0.115071	0.0611731
428.5	0.119464	0.0612369
429	0.154147	0.0613492
429.5	0.165532	0.0614781
430	0.12145	0.0615332
430.5	0.0747005	0.0615529
431	0.0853765	0.0615788
431.5	0.12062	0.0616513
432	0.135712	0.0617422
432.5	0.0998124	0.0617563
433	0.0809152	0.0617913
433.5	0.0903937	0.0618263
434	0.189129	0.0619751
434.5	0.168821	0.0621149
435	0.12529	0.062189
435.5	0.127454	0.0622642
436	0.127501	0.0623393
436.5	0.127408	0.062358
437	0	0.062358
437.5	0	0.062358
438	0	0.062358
438.5	0	0.062358
439	0	0.062358
439.5	0.00232728	0.0618889
440	0.127449	0.0619636
440.5	0.127449	0.0620382
441	0.127449	0.0621126
441.5	0.127449	0.0621869
442	0.127449	0.0622702
442.5	0.127449	0.0623441
443	0.127449	0.0624178
443.5	0.127449	0.0624914
444	0.127449	0.0625006
444.5	0	0.0625006
445	0	0.0625006
445.5	0	0.0625006
446	0	0.0625006
446.5	0	0.0625006
447	0	0.0625006
447.5	0	0.0625006
448	0	0.0625006
448.5	0	0.0625006
449	0	0.0625006
449.5	0	0.0625006
450	0	0.0625006
450.5	0	0.0625006
451	0	0.0625006
451.5	0	0.0625006
452	0	0.0625006
452.5	0.00175444	0.061278
453	0.127413	0.0613512
453.5	0.127454	0.0614243
454	0.123128	0.0614596
454.5	0	0.0614596
455	0	0.0614596
455.5	0	0.0614596
456	0	0.0614596
456.5	0	0.0614596
457	0	0.0614596
457.5	0.0105269	0.0610373
458	0.108851	0.0610909
458.5	0.129649	0.0611738
459	0.0954669	0.061205
459.5	0	0.061205
460	0	0.061205
460.5	0	0.061205
461	0	0.061205
461.5	0.0303924	0.0610296
462	0.198492	0.0611852
462.5	0.127449	0.061257
463	0.127449	0.0613287
463.5	0.114787	0.0613848
464	0.105544	0.0614353
464.5	0.157316	0.06154
465	0	0.06154
465.5	0	0.06154
466	0	0.06154
466.5	0	0.06154
467	0	0.06154
467.5	0	0.06154
468	0	0.06154
468.5	0	0.06154
469	0.00349446	0.0609745
469.5	0.104923	0.0610244
470	0.142113	0.0611116
470.5	0.11012	0.0611644
471	0.137409	0.0612303
471.5	0.0946111	0.0612721
472	0.105536	0.0613218
472.5	0.11651	0.0613778
473	0	0.0613778
473.5	0	0.0613778
474	0	0.0613778
474.5	0	0.0613778
475	0.0277881	0.061195
475.5	0.127304	0.0612647
476	0.127269	0.0613343
476.5	0.128226	0.0613518
477	0	0.0613518
477.5	0	0.0613518
478	0	0.0613518
478.5	0	0.0613518
479	0	0.0613518
479.5	0	0.0613518
480	0	0.0613518
480.5	0	0.0613518
481	0	0.0613518
481.5	0	0.0613518
482	0	0.0613518
482.5	0	0.0613518
483	0	0.0613518
483.5	0	0.0613518
484	0	0.0613518
484.5	0	0.0613518
485	0	0.0613518
485.5	0	0.0613518
486	0	0.0613518
486.5	0	0.0613518
487	0	0.0613518
487.5	0	0.0613518
488	0	0.0613518
488.5	0	0.0613518
489	0	0.0613518
489.5	0.00469632	0.0597789
490	0.127449	0.059848
490.5	0.127449	0.0599084
491	0	0.0599084
491.5	0	0.0599084
492	0	0.0599084
492.5	0	0.0599084
493	0.00916548	0.0596397
493.5	0.137433	0.0596489
494	0	0.0596489
494.5	0	0.0596489
495	0	0.0596489
495.5	0	0.0596489
496	0	0.0596489
496.5	0	0.0596489
497	0	0.0596489
497.5	0.00176177	0.0591221
498	0.117368	0.0591857
498.5	0.129273	0.0592551
499	0.137305	0.0593278
499.5	0.12569	0.0593952
500	0.127681	0.0594379
500.5	0	0.0594379
501	0	0.0594379
501.5	0	0.0594379
502	0	0.0594379
502.5	0	0.0594379
503	0	0.0594379
503.5	0	0.0594379
504	0	0.0594379
504.5	0	0.0594379
505	0	0.0594379
505.5	0.00410928	0.0588008
506	0.127485	0.0588687
506.5	0.128627	0.058937
507	0.127335	0.0590046
507.5	0.127481	0.0590805
508	0.125507	0.059147
508.5	0.129452	0.0592151
509	0.126957	0.0592819
509.5	0.126902	0.0593486
510	0.127413	0.0594154
510.5	0.127408	0.0594821
511	0.128307	0.0595491
511.5	0.127553	0.0596155
512	0.124385	0.0596804
512.5	0.127366	0.0597548
513	0.129304	0.0598216
513.5	0.12747	0.0598875
514	0.127477	0.0599369
514.5	0	0.0599369
515	0	0.0599369
515.5	0	0.0599369
516	0	0.0599369
516.5	0	0.0599369
517	0	0.0599369
517.5	0.00444965	0.0595527
518	0.121388	0.0596232
518.5	0.108182	0.0596578
519	0.0610119	0.0596595
519.5	0.165593	0.0597674
520	0.165206	0.059875
520.5	0.168083	0.0599736
521	0.127844	0.0600385
521.5	0.127449	0.0601032
522	0.127449	0.0601274
522.5	0	0.0601274
523	0	0.0601274
523.5	0	0.0601274
524	0	0.0601274
524.5	0	0.0601274
525	0	0.0601274
525.5	0	0.0601274
526	0	0.0601274
526.5	0	0.0601274
527	0	0.0601274
527.5	0	0.0601274
528	0	0.0601274
528.5	0	0.0601274
529	0.00107612	0.0593009
529.5	0.115281	0.0593593
530	0.118005	0.0594191
530.5	0.161949	0.0595142
531	0.0511534	0.0595068
531.5	0.0791652	0.0595254
532	0.094822	0.0595589
532.5	0.0997019	0.059583
533	0.0641338	0.0595893
533.5	0.127449	0.0596529
534	0.127449	0.0597164
534.5	0.127249	0.0597797
535	0.127383	0.0598429
535.5	0.127716	0.0599062
536	0.127449	0.059977
536.5	0.127449	0.0600399
537	0.12448	0.0601013
537.5	0.121539	0.0601313
538	0	0.0601313
538.5	0	0.0601313
539	0	0.0601313
539.5	0	0.0601313
540	0	0.0601313
540.5	0	0.0601313
541	0	0.0601313
541.5	0	0.0601313
542	0.00665127	0.0596587
542.5	0.127449	0.0597212
543	0.127449	0.0597835
543.5	0.127449	0.0598458
544	0.127449	0.0599157
544.5	0.127449	0.0599777
545	0.127449	0.0600395
545.5	0.124421	0.0600924
546	0.126365	0.0601536
546.5	0.126302	0.0602223
547	0.132772	0.060286
547.5	0.126937	0.060347
548	0.127397	0.0604082
548.5	0.127284	0.0604235
549	0	0.0604235
549.5	0	0.0604235
550	0	0.0604235
550.5	0	0.0604235
551	0	0.0604235
551.5	0	0.0604235
552	0	0.0604235
552.5	0	0.0604235
553	0	0.0604235
553.5	0.00291429	0.0598558
554	0.127449	0.0599244
554.5	0.127449	0.0599852
555	0.124932	0.0600449
555.5	0.125167	0.0600896
556	0.116611	0.0601521
556.5	0.125923	0.0602044
557	0.132623	0.0602746
557.5	0.0986852	0.0603135
558	0.091944	0.0603184
558.5	0	0.0603184
559	0.0279652	0.0602361
559.5	0.133049	0.0602984
560	0.12045	0.0603552
560.5	0.143847	0.0604211
561	0.108115	0.0604712
561.5	0.153594	0.0605485
562	0.0925863	0.0605779
562.5	0.105243	0.06062
563	0.186992	0.0607251
563.5	0.137018	0.0607959
564	0.127506	0.0608549
564.5	0.127418	0.0609139
565	0.127392	0.0609727
565.5	0.127569	0.0610388
566	0.126503	0.0610461
566.5	0	0.0610461
567	0	0.0610461
567.5	0	0.0610461
568	0	0.0610461
568.5	0	0.0610461
569	0	0.0610461
569.5	0	0.0610461
570	0	0.0610461
570.5	0	0.0610461
571	0	0.0610461
571.5	0	0.0610461
572	0	0.0610461
572.5	0	0.0610461
573	0	0.0610461
573.5	0	0.0610461
574	0	0.0610461
574.5	0.00263818	0.0601261
575	0.127449	0.0601846
575.5	0.127449	0.060243
576	0.127449	0.0602867
576.5	0.012255	0.0602326
577	0.127496	0.0602908
577.5	0.123114	0.0603471
578	0.132614	0.0604071
578.5	0.127449	0.0604722
579	0.127449	0.06053
579.5	0.127217	0.0605875
580	0.127715	0.060638
580.5	0.123623	0.0607009
581	0.114443	0.0607395
581.5	0.134919	0.0608147
582	0.128648	0.0608723
582.5	0.132334	0.0609387
583	0.127449	0.0609957
583.5	0.127449	0.0610526
584	0.127009	0.0611091
584.5	0.127893	0.061166
585	0.127449	0.0612226
585.5	0.124768	0.0612779
586	0.124355	0.061333
586.5	0.130641	0.0613906
587	0.127326	0.0614467
587.5	0.124512	0.0615016
588	0.127398	0.0615646
588.5	0.130717	0.0616218
589	0.127948	0.0616288
589.5	0	0.0616288
590	0	0.0616288
590.5	0	0.0616288
591	0	0.0616288
591.5	0	0.0616288
592	0	0.0616288
592.5	0	0.0616288
593	0	0.0616288
593.5	0.00634342	0.0611616
594	0.130688	0.0612186
594.5	0.12596	0.0612736
595	0.132787	0.0613384
595.5	0.127449	0.0613938
596	0.124172	0.0614478
596.5	0.129554	0.0615039
597	0.066383	0.0615078
597.5	0.184598	0.0616143
598	0.125904	0.0616686
598.5	0.120165	0.0617204
599	0.0925316	0.0617425
599.5	0.129412	0.061791
600	0	0.061791
600.5	0	0.061791
601	0	0.061791
601.5	0	0.061791
602	0	0.061791
602.5	0	0.061791
603	0	0.061791
603.5	0	0.061791
604	0	0.061791
604.5	0	0.061791
605	0.00415181	0.0612437
605.5	0.127449	0.0612982
606	0.115628	0.0613414
606.5	0.113528	0.0613836
607	0.11785	0.0614213
607.5	0.0973295	0.0614599
608	0.170485	0.0615435
608.5	0.148057	0.0616046
609	0.129712	0.0616732
609.5	0.0695088	0.061679
610	0.153626	0.0617493
610.5	0.0904221	0.0617782
611	0.148126	0.0618388
611.5	0.107284	0.0618774
612	0.168202	0.0619349
612.5	0.0985238	0.0619783
613	0.133324	0.0620269
613.5	0.0871529	0.0620456
614	0.0275963	0.0620132
614.5	0.123982	0.0620714
615	0.138388	0.0621356
615.5	0.219361	0.0622559
616	0.130413	0.0623166
616.5	0.127413	0.0623693
617	0.127423	0.0624219
617.5	0.127789	0.0624746
618	0.129779	0.062528
618.5	0.127449	0.0625804
619	0.127126	0.062639
619.5	0.127814	0.0626914
620	0.123598	0.062723
620.5	0	0.062723
621	0	0.062723
621.5	0	0.062723
622	0	0.062723
622.5	0	0.062723
623	0	0.062723
623.5	0	0.062723
624	0	0.062723
624.5	0.00168847	0.0622629
625	0.127449	0.062315
625.5	0.127449	0.0623279
626	0	0.0623279
626.5	0	0.0623279
627	0	0.0623279
627.5	0.016411	0.0621508
628	0.127449	0.0622026
628.5	0.12159	0.062252
629	0.133901	0.0623061
629.5	0.125057	0.0623631
630	0.115992	0.062404
630.5	0.11581	0.0624447
631	0.145535	0.0625094
631.5	0.115013	0.0625553
632	0.148342	0.0626208
632.5	0.127371	0.0626719
633	0.122653	0.062721
633.5	0.130626	0.0627732
634	0.129188	0.0628312
634.5	0.127532	0.062882
635	0.127297	0.062901
635.5	0	0.062901
636	0.0426379	0.0628594
636.5	0.127449	0.0629164
637	0.124165	0.0629594
637.5	0.127458	0.0630162
638	0.127465	0.0630666
638.5	0.127537	0.0631169
639	0.127418	0.0631671
639.5	0.130382	0.0632183
640	0.127449	0.0632684
640.5	0.125408	0.0633176
641	0.12732	0.0633737
641.5	0.129708	0.0634243
642	0.127449	0.0634741
642.5	0.127449	0.0635237
643	0.127449	0.0635733
643.5	0.127449	0.0636228
644	0.127449	0.0636722
644.5	0.103257	0.0637053
645	0.127449	0.0637546
645.5	0.119313	0.0638004
646	0.133107	0.0638517
646.5	0.0883157	0.0638721
647	0.148881	0.0639352
647.5	0.138791	0.0639947
648	0.12616	0.0640431
648.5	0.143871	0.0640975
649	0.120537	0.0641433
649.5	0.129323	0.0641988
650	0.129571	0.0642419
650.5	0.121302	0.0642936
651	0.136375	0.0643452
651.5	0.103127	0.0643773
652	0.126375	0.0644252
652.5	0.107728	0.0644594
653	0.0699578	0.0644632
653.5	0.0927594	0.0644855
654	0.127099	0.0645393
654.5	0.165918	0.0646135
655	0.1204	0.0646584
655.5	0.139609	0.0647105
656	0.127354	0.0647641
656.5	0.12724	0.0648116
657	0.127576	0.0648592
657.5	0.127274	0.0649066
658	0.127666	0.0649541
658.5	0.129848	0.0650023
659	0.127449	0.0650554
659.5	0.127449	0.0651026
660	0.127449	0.0651497
660.5	0.127449	0.0651967
661	0.126084	0.0652431
661.5	0.110403	0.0652726
662	0.115366	0.0653143
662.5	0.123576	0.0653595
663	0.157698	0.0654296
663.5	0.130101	0.0654832
664	0.127087	0.0655296
664.5	0.125776	0.0655754
665	0.12954	0.0656225
665.5	0.127449	0.0656688
666	0.127449	0.0657151
666.5	0.125027	0.0657603
667	0.12734	0.0658064
667.5	0.127516	0.0658524
668	0.127509	0.0659042
668.5	0.127382	0.06595
669	0.127463	0.0659844
669.5	0	0.0659844
670	0	0.0659844
670.5	0	0.0659844
671	0	0.0659844
671.5	0	0.0659844
672	0	0.0659844
672.5	0	0.0659844
673	0	0.0659844
673.5	0.0119077	0.0656096
674	0.119517	0.0656521
674.5	0.13218	0.0656995
675	0.131636	0.0657467
675.5	0.127449	0.0657979
676	0.127449	0.0658433
676.5	0.127449	0.0658887
677	0.127449	0.065934
677.5	0.121087	0.0659661
678	0	0.0659661
678.5	0	0.0659661
679	0	0.0659661
679.5	0	0.0659661
680	0	0.0659661
680.5	0	0.0659661
681	0	0.0659661
681.5	0	0.0659661
682	0	0.0659661
682.5	0	0.0659661
683	0	0.0659661
683.5	0	0.0659661
684	0	0.0659661
684.5	0.00879094	0.0653626
685	0.127449	0.0654078
685.5	0.127449	0.0654529
686	0.124606	0.0654968
686.5	0.130425	0.0655429
687	0.127449	0.0655766
687.5	0	0.0655766
688	0	0.0655766
688.5	0	0.0655766
689	0	0.0655766
689.5	0	0.0655766
690	0	0.0655766
690.5	0	0.0655766
691	0	0.0655766
691.5	0	0.0655766
692	0	0.0655766
692.5	0	0.0655766
693	0	0.0655766
693.5	0	0.0655766
694	0	0.0655766
694.5	0	0.0655766
695	0	0.0655766
695.5	0	0.0655766
696	0	0.0655766
696.5	0.00163291	0.0646841
697	0.127449	0.0647345
697.5	0.125647	0.0647787
698	0.127439	0.0648234
698.5	0.127454	0.0648681
699	0.127382	0.0649126
699.5	0.126398	0.0649568
700	0.130396	0.0650023
700.5	0.1244	0.0650456
701	0.127039	0.0650898
701.5	0.128862	0.0651402
702	0.117331	0.0651754
702.5	0.136628	0.0652285
703	0.127449	0.0652726
703.5	0.121305	0.0652935
704	0	0.0652935
704.5	0	0.0652935
705	0	0.0652935
705.5	0	0.0652935
706	0.00288407	0.0650502
706.5	0.127449	0.0650942
707	0.127449	0.0651382
707.5	0.127449	0.0651875
708	0.127449	0.0652313
708.5	0.127449	0.0652751
709	0.127449	0.0653187
709.5	0.127449	0.0653624
710	0.127449	0.0654059
710.5	0.127449	0.0654331
711	0	0.0654331
711.5	0.0201164	0.0653577
712	0.129819	0.0654075
712.5	0.127449	0.0654509
713	0.127449	0.0654942
713.5	0.127449	0.0655375
714	0.12688	0.0655805
714.5	0.12744	0.065629
715	0.127522	0.0656721
715.5	0.127961	0.0657152
716	0.127449	0.0657582
716.5	0.127449	0.0658011
717	0.127449	0.0658439
717.5	0.127186	0.0658866
718	0.127713	0.0659294
718.5	0.127449	0.0659773
719	0.125255	0.0660139
719.5	0.127543	0.0660618
720	0.129324	0.0661049
720.5	0.127449	0.0661473
721	0.127449	0.0661896
721.5	0.124451	0.0662308
722	0.0903175	0.0662484
722.5	0.108041	0.0662781
723	0.157046	0.0663289
723.5	0.121375	0.0663736
724	0.165878	0.0664459
724.5	0.121273	0.0664756
725	0.114062	0.0665167
725.5	0.141909	0.066569
726	0.161359	0.0665819
726.5	0	0.0665819
727	0	0.0665819
727.5	0	0.0665819
728	0	0.0665819
728.5	0	0.0665819
729	0	0.0665819
729.5	0	0.0665819
730	0	0.0665819
730.5	0	0.0665819
731	0	0.0665819
731.5	0	0.0665819
732	0	0.0665819
732.5	0	0.0665819
733	0	0.0665819
733.5	0	0.0665819
734	0	0.0665819
734.5	0	0.0665819
735	0	0.0665819
735.5	0	0.0665819
736	0	0.0665819
736.5	0.00505418	0.0656641
737	0.129212	0.0657064
737.5	0.113922	0.0657428
738	0.144942	0.0657957
738.5	0.128626	0.0658377
739	0.110334	0.065868
739.5	0.135276	0.0659175
740	0.126149	0.0659584
740.5	0.137552	0.0660086
741	0.127449	0.0660499
741.5	0.12738	0.0660911
742	0.126952	0.066127
742.5	0.125488	0.0661623
743	0.0762417	0.0661708
743.5	0.13659	0.0662148
744	0.0717657	0.0662181
744.5	0	0.0662181
745	0	0.0662181
745.5	0	0.0662181
746	0	0.0662181
746.5	0	0.0662181
747	0	0.0662181
747.5	0	0.0662181
748	0	0.0662181
748.5	0	0.0662181
749	0	0.0662181
749.5	0	0.0662181
750	0	0.0662181
750.5	0	0.0662181
751	0	0.0662181
751.5	0	0.0662181
752	0	0.0662181
752.5	0	0.0662181
753	0	0.0662181
753.5	0	0.0662181
754	0.00154918	0.0653401
754.5	0.127449	0.0653811
755	0.127449	0.0653913
755.5	0	0.0653913
756	0.0231622	0.0653148
756.5	0.121331	0.0653535
757	0.12756	0.0653944
757.5	0.130848	0.0654363
758	0.131584	0.0654678
758.5	0	0.0654678
759	0	0.0654678
759.5	0	0.0654678
760	0	0.0654678
760.5	0	0.0654678
761	0	0.0654678
761.5	0	0.0654678
762	0	0.0654678
762.5	0	0.0654678
763	0	0.0654678
763.5	0	0.0654678
764	0	0.0654678
764.5	0	0.0654678
765	0	0.0654678
765.5	0	0.0654678
766	0	0.0654678
766.5	0	0.0654678
767	0	0.0654678
767.5	0.00325291	0.0646775
768	0.103447	0.064693
768.5	0	0.064693
769	0	0.064693
769.5	0.0227555	0.0645981
770	0.127449	0.0646387
770.5	0.127449	0.0646539
771	0	0.0646539
771.5	0	0.0646539
772	0	0.0646539
772.5	0	0.0646539
773	0.0140093	0.0644685
773.5	0.125906	0.0645085
774	0.127325	0.064549
774.5	0.129626	0.0645952
775	0.127449	0.0646356
775.5	0.127449	0.0646759
776	0.127449	0.0647161
776.5	0.127449	0.0647563
777	0.127449	0.0647714
777.5	0	0.0647714
778	0	0.0647714
778.5	0.00872796	0.0646406
779	0.127449	0.0646858
779.5	0.127449	0.0647258
780	0.127449	0.0647658
780.5	0.127449	0.0648058
781	0.127449	0.0648457
781.5	0.127449	0.0648856
782	0.127449	0.0649254
782.5	0.127449	0.0649651
783	0.127449	0.0650098
783.5	0.127449	0.0650494
784	0.127449	0.065089
784.5	0.127449	0.0651286
785	0.127449	0.0651681
785.5	0.127449	0.0652075
786	0.127449	0.0652322
786.5	0	0.0652322
787	0	0.0652322
787.5	0	0.0652322
788	0	0.0652322
788.5	0	0.0652322
789	0	0.0652322
789.5	0	0.0652322
790	0	0.0652322
790.5	0	0.0652322
791	0	0.0652322
791.5	0	0.0652322
792	0	0.0652322
792.5	0	0.0652322
793	0.00546841	0.064686
793.5	0.130051	0.0647312
794	0.127317	0.0647704
794.5	0.112402	0.0648
795	0.079009	0.064809
795.5	0.132773	0.0648498
796	0.165408	0.0649164
796.5	0.14288	0.0649707
797	0.127455	0.0650048
797.5	0	0.0650048
798	0	0.0650048
798.5	0.030585	0.0649378
799	0.12436	0.0649757
799.5	0.127565	0.065
800	0.0595294	0.0649955
800.5	0.127449	0.0650391
801	0.127449	0.0650779
801.5	0.127449	0.0651166
802	0.127449	0.0651214
802.5	0	0.0651214
803	0	0.0651214
803.5	0	0.0651214
804	0	0.0651214
804.5	0	0.0651214
805	0	0.0651214
805.5	0	0.0651214
806	0	0.0651214
806.5	0	0.0651214
807	0	0.0651214
807.5	0	0.0651214
808	0.0097185	0.0646742
808.5	0.121139	0.0647016
809	0	0.0647016
809.5	0	0.0647016
810	0	0.0647016
810.5	0	0.0647016
811	0	0.0647016
811.5	0	0.0647016
812	0	0.0647016
812.5	0	0.0647016
813	0	0.0647016
813.5	0	0.0647016
814	0.00563931	0.0642938
814.5	0.120615	0.0643301
815	0.105587	0.0643567
815.5	0.117429	0.0643655
816	0	0.0643655
816.5	0	0.0643655
817	0.0127328	0.0642475
817.5	0.127061	0.0642571
818	0.00905832	0.0641981
818.5	0	0.0641981
819	0	0.0641981
819.5	0	0.0641981
820	0	0.0641981
820.5	0	0.0641981
821	0	0.0641981
821.5	0	0.0641981
822	0	0.0641981
822.5	0	0.0641981
823	0	0.0641981
823.5	0	0.0641981
824	0	0.0641981
824.5	0	0.0641981
825	0.00112164	0.0636581
825.5	0.124157	0.0636955
826	0.130365	0.0637396
826.5	0.127496	0.063778
827	0.127418	0.0638162
827.5	0.127361	0.0638545
828	0.127547	0.0638927
828.5	0.127408	0.0639213
829	0	0.0639213
829.5	0	0.0639213
830	0.0380246	0.0638693
830.5	0.127423	0.0639073
831	0.127475	0.0639454
831.5	0.127423	0.0639833
832	0.127444	0.0640213
832.5	0.127459	0.0640592
833	0.127408	0.064097
833.5	0.12749	0.0641395
834	0.12747	0.0641773
834.5	0.127475	0.064215
835	0.127377	0.0642526
835.5	0.12749	0.0642902
836	0.124333	0.0643268
836.5	0.131087	0.0643654
837	0.0949019	0.0643837
837.5	0.140924	0.0644351
838	0.0606181	0.0644333
838.5	0.148435	0.0644921
839	0.215948	0.0645384
839.5	0	0.0645384
840	0	0.0645384
840.5	0	0.0645384
841	0	0.0645384
841.5	0	0.0645384
842	0	0.0645384
842.5	0	0.0645384
843	0	0.0645384
843.5	0	0.0645384
844	0	0.0645384
844.5	0	0.0645384
845	0	0.0645384
845.5	0	0.0645384
846	0	0.0645384
846.5	0	0.0645384
847	0	0.0645384
847.5	0	0.0645384
848	0	0.0645384
848.5	0	0.0645384
849	0.0045875	0.063807
849.5	0.122504	0.0638427
850	0	0.0638427
850.5	0	0.0638427
851	0.0159445	0.0637589
851.5	0.127449	0.063796
852	0.127449	0.0638332
852.5	0.127449	0.0638703
853	0.127449	0.063912
853.5	0.126578	0.0639487
854	0.126805	0.0639763
854.5	0	0.0639763
855	0.0213445	0.0639208
855.5	0.127449	0.0639577
856	0.126973	0.0639944
856.5	0.126725	0.0640311
857	0.0881253	0.0640462
857.5	0.165912	0.0641029
858	0.0694101	0.0641057
858.5	0.0987425	0.0641284
859	0.105668	0.0641538
859.5	0.142338	0.0641993
860	0.153182	0.0642474
860.5	0.132334	0.0642901
861	0.189186	0.0643629
861.5	0.132113	0.0644006
862	0.131516	0.0644428
862.5	0.127346	0.0644791
863	0.127485	0.0645154
863.5	0.127	0.0645515
864	0.127272	0.0645876
864.5	0.0859516	0.0645922
865	0	0.0645922
865.5	0	0.0645922
866	0	0.0645922
866.5	0	0.0645922
867	0.0137481	0.0644233
867.5	0.157972	0.0644773
868	0.124773	0.0645126
868.5	0.129506	0.0645492
869	0.132908	0.0645867
869.5	0.12489	0.0646219
870	0.124508	0.0646569
870.5	0.126962	0.0646926
871	0.0883392	0.0647072
871.5	0.153545	0.0647545
872	0.0926127	0.0647573
872.5	0	0.0647573
873	0	0.0647573
873.5	0	0.0647573
874	0	0.0647573
874.5	0	0.0647573
875	0	0.0647573
875.5	0	0.0647573
876	0	0.0647573
876.5	0	0.0647573
877	0	0.0647573
877.5	0	0.0647573
878	0	0.0647573
878.5	0	0.0647573
879	0	0.0647573
879.5	0	0.0647573
880	0	0.0647573
880.5	0	0.0647573
881	0.00415031	0.0641011
881.5	0.123402	0.0641356
882	0.0948949	0.0641531
882.5	0.157427	0.0642009
883	0.12642	0.0642407
883.5	0.129339	0.0642767
884	0.126312	0.0643119
884.5	0.123384	0.0643462
885	0.16147	0.0643677
885.5	0.0387693	0.0643441
886	0.12748	0.0643795
886.5	0.127304	0.0644148
887	0.125405	0.0644452
887.5	0.117866	0.0644776
888	0.0850605	0.0644884
888.5	0.0806533	0.0644919
889	0	0.0644919
889.5	0	0.0644919
890	0	0.0644919
890.5	0	0.0644919
891	0	0.0644919
891.5	0	0.0644919
892	0	0.0644919
892.5	0	0.0644919
893	0	0.0644919
893.5	0	0.0644919
894	0	0.0644919
894.5	0	0.0644919
895	0	0.0644919
895.5	0	0.0644919
896	0.000993542	0.0639273
896.5	0.127449	0.0639625
897	0.126979	0.0639975
897.5	0.127106	0.0640326
898	0.127418	0.0640677
898.5	0.128301	0.0641029
899	0.127449	0.0641423
899.5	0.127449	0.0641773
900	0.127449	0.0642122
900.5	0.127449	0.0642471
901	0.127317	0.0642819
901.5	0.127573	0.0643168
902	0.118695	0.0643449
902.5	0.132665	0.0643856
903	0.0828545	0.0643953
903.5	0.0694656	0.0643973
904	0.081061	0.0644099
904.5	0.135729	0.0644513
905	0.0681476	0.0644531
905.5	0.0281501	0.0644306
906	0.141832	0.064464
906.5	0	0.064464
907	0	0.064464
907.5	0	0.064464
908	0.0224634	0.0643662
908.5	0.127413	0.0644007
909	0.127455	0.0644351
909.5	0.125178	0.0644689
910	0.117969	0.0645005
910.5	0.129294	0.064531
911	0	0.064531
911.5	0	0.064531
912	0	0.064531
912.5	0.0190712	0.0644276
913	0.128565	0.0644363
913.5	0	0.0644363
914	0	0.0644363
914.5	0	0.0644363
915	0	0.0644363
915.5	0	0.0644363
916	0	0.0644363
916.5	0	0.0644363
917	0	0.0644363
917.5	0	0.0644363
918	0	0.0644363
918.5	0	0.0644363
919	0	0.0644363
919.5	0	0.0644363
920	0	0.0644363
920.5	0	0.0644363
921	0	0.0644363
921.5	0	0.0644363
922	0	0.0644363
922.5	0	0.0644363
923	0	0.0644363
923.5	0	0.0644363
924	0	0.0644363
924.5	0	0.0644363
925	0	0.0644363
925.5	0	0.0644363
926	0.00469526	0.0635663
926.5	0.127449	0.0636049
927	0.127449	0.0636391
927.5	0.127449	0.0636733
928	0.127449	0.0637074
928.5	0.127449	0.0637415
929	0.127449	0.0637585
929.5	0	0.0637585
930	0	0.0637585
930.5	0	0.0637585
931	0	0.0637585
931.5	0.00574539	0.063587
932	0.128628	0.0636256
932.5	0.130663	0.0636604
933	0.127506	0.0636944
933.5	0.127428	0.0637283
934	0.127537	0.0637622
934.5	0.127516	0.0637961
935	0.127348	0.0638341
935.5	0.12554	0.0638632
936	0	0.0638632
936.5	0	0.0638632
937	0	0.0638632
937.5	0	0.0638632
938	0	0.0638632
938.5	0	0.0638632
939	0	0.0638632
939.5	0	0.0638632
940	0.0120558	0.06361
940.5	0.133735	0.0636365
941	0.112117	0.0636692
941.5	0.110472	0.0636941
942	0.116339	0.0637207
942.5	0.113106	0.0637464
943	0.143711	0.0637931
943.5	0.175319	0.0638518
944	0.127371	0.0638852
944.5	0.127501	0.0639186
945	0.130246	0.063957
945.5	0.127449	0.0639904
946	0.127449	0.0640237
946.5	0.127449	0.064057
947	0.127449	0.0640861
947.5	0.0541615	0.0640799
948	0.127032	0.064113
948.5	0.126075	0.0641458
949	0.129235	0.0641794
949.5	0.124802	0.0642118
950	0.130335	0.0642498
950.5	0.127449	0.0642828
951	0.127449	0.0643158
951.5	0.127449	0.0643488
952	0.127449	0.0643817
952.5	0.127449	0.0643981
953	0	0.0643981
953.5	0	0.0643981
954	0	0.0643981
954.5	0	0.0643981
955	0	0.0643981
955.5	0	0.0643981
956	0	0.0643981
956.5	0	0.0643981
957	0	0.0643981
957.5	0	0.0643981
958	0	0.0643981
958.5	0	0.0643981
959	0	0.0643981
959.5	0	0.0643981
960	0	0.0643981
960.5	0	0.0643981
961	0	0.0643981
961.5	0	0.0643981
962	0	0.0643981
962.5	0	0.0643981
963	0	0.0643981
963.5	0	0.0643981
964	0.00200081	0.0636304
964.5	0.127449	0.0636632
965	0.127449	0.0636961
965.5	0.127449	0.0637289
966	0.127449	0.0637616
966.5	0.127449	0.0637984
967	0.127449	0.063827
967.5	0.120261	0.0638577
968	0.0993658	0.0638752
968.5	0.100601	0.0638961
969	0.133494	0.0639174
969.5	0	0.0639174
970	0	0.0639174
970.5	0	0.0639174
971	0.010527	0.0637934
971.5	0.125777	0.0638255
972	0.1161	0.0638512
972.5	0.136315	0.0638685
973	0	0.0638685
973.5	0.0125042	0.0638017
974	0.127449	0.0638301
974.5	0	0.0638301
975	0	0.0638301
975.5	0	0.0638301
976	0	0.0638301
976.5	0.00308009	0.0636704
977	0.138766	0.0637098
977.5	0.0539902	0.0637054
978	0.116543	0.0637384
978.5	0.0607732	0.0637372
979	0.0294506	0.0637278
979.5	0	0.0637278
980	0	0.0637278
980.5	0	0.0637278
981	0	0.0637278
981.5	0.00278238	0.0635513
982	0.127584	0.0635836
982.5	0.127293	0.0636199
983	0.128239	0.0636523
983.5	0.127449	0.0636845
984	0.127449	0.0636966
984.5	0	0.0636966
985	0	0.0636966
985.5	0	0.0636966
986	0	0.0636966
986.5	0	0.0636966
987	0	0.0636966
987.5	0	0.0636966
988	0	0.0636966
988.5	0	0.0636966
989	0	0.0636966
989.5	0	0.0636966
990	0	0.0636966
990.5	0	0.0636966
991	0	0.0636966
991.5	0	0.0636966
992	0	0.0636966
992.5	0.00446216	0.0631677
993	0.127449	0.0631998
993.5	0.127449	0.063236
994	0.127349	0.063268
994.5	0.127549	0.0633001
995	0.127449	0.0633321
995.5	0.127449	0.063364
996	0.127449	0.063396
996.5	0.127449	0.0634279
997	0.127449	0.0634598
997.5	0.119757	0.0634896
998	0.034078	0.0634759
998.5	0	0.0634759
999	0.0527441	0.0634646
999.5	0.122626	0.0634914
1000	0.147209	0.0635363
1000.5	0.127449	0.063568
1001	0.124433	0.063599
1001.5	0.0902227	0.0636129
1002	0.123393	0.0636435
1002.5	0	0.0636435
1003	0	0.0636435
1003.5	0	0.0636435
1004	0	0.0636435
1004.5	0	0.0636435
1005	0	0.0636435
1005.5	0	0.0636435
1006	0	0.0636435
1006.5	0	0.0636435
1007	0	0.0636435
1007.5	0	0.0636435
1008	0	0.0636435
1008.5	0	0.0636435
1009	0.00449315	0.0632308
1009.5	0.104704	0.0632525
1010	0.114322	0.0632735
1010.5	0.107831	0.0632962
1011	0.156478	0.0633288
1011.5	0	0.0633288
1012	0	0.0633288
1012.5	0	0.0633288
1013	0.0070304	0.0632038
1013.5	0.131273	0.0632361
1014	0.12953	0.0632681
1014.5	0.127449	0.0632955
1015	0	0.0632955
1015.5	0.0435624	0.0632744
1016	0.127428	0.0633057
1016.5	0.127656	0.0633293
1017	0	0.0633293
1017.5	0	0.0633293
1018	0	0.0633293
1018.5	0	0.0633293
1019	0	0.0633293
1019.5	0	0.0633293
1020	0	0.0633293
1020.5	0	0.0633293
1021	0	0.0633293
1021.5	0.00625579	0.0630467
1022	0	0.0630467
1022.5	0	0.0630467
1023	0.042484	0.0630131
1023.5	0	0.0630131
1024	0	0.0630131
1024.5	0	0.0630131
1025	0	0.0630131
1025.5	0	0.0630131
1026	0	0.0630131
1026.5	0.00450773	0.0628131
1027	0.151384	0.0628582
1027.5	0.127449	0.0628894
1028	0.127449	0.0629205
1028.5	0.127449	0.0629517
1029	0.127449	0.0629828
1029.5	0.127449	0.0630139
1030	0.127449	0.0630449
1030.5	0.127449	0.0630759
1031	0.123992	0.0631061
1031.5	0.127415	0.0631293
1032	0	0.0631293
1032.5	0.0478594	0.0631122
1033	0.13003	0.0631437
1033.5	0.127449	0.0631746
1034	0.127449	0.0632093
1034.5	0.126761	0.0632399
1035	0.125008	0.0632701
1035.5	0.128582	0.0632973
1036	0.1289	0.0633322
1036.5	0.125384	0.0633624
1037	0.121882	0.063388
1037.5	0	0.063388
1038	0	0.063388
1038.5	0	0.063388
1039	0	0.063388
1039.5	0	0.063388
1040	0.0101732	0.063229
1040.5	0.127449	0.0632596
1041	0.127449	0.0632902
1041.5	0.127449	0.0633208
1042	0.127449	0.0633513
1042.5	0.127449	0.0633818
1043	0.127449	0.0634123
1043.5	0.127449	0.0634428
1044	0.125592	0.0634728
1044.5	0.123205	0.0635021
1045	0.133282	0.0635378
1045.5	0.12688	0.063568
1046	0.128023	0.0635984
1046.5	0.127449	0.0636287
1047	0.124647	0.0636582
1047.5	0.127366	0.0636734
1048	0	0.0636734
1048.5	0	0.0636734
1049	0	0.0636734
1049.5	0	0.0636734
1050	0.00568187	0.0635197
1050.5	0.130808	0.0635506
1051	0.110597	0.063573
1051.5	0.129612	0.0636075
1052	0.104581	0.0636222
1052.5	0.121374	0.0636544
1053	0.136072	0.0636704
1053.5	0.0513375	0.0636614
1054	0.0903883	0.0636747
1054.5	0.0791541	0.063682
1055	0.0736671	0.0636871
1055.5	0.110373	0.0637093
1056	0.157783	0.0637539
1056.5	0	0.0637539
1057	0	0.0637539
1057.5	0	0.0637539
1058	0	0.0637539
1058.5	0	0.0637539
1059	0	0.0637539
1059.5	0	0.0637539
1060	0	0.0637539
1060.5	0	0.0637539
1061	0	0.0637539
1061.5	0	0.0637539
1062	0	0.0637539
1062.5	0	0.0637539
1063	0.00788364	0.063385
1063.5	0.127449	0.0634149
1064	0	0.0634149
1064.5	0	0.0634149
1065	0	0.0634149
1065.5	0	0.0634149
1066	0	0.0634149
1066.5	0	0.0634149
1067	0	0.0634149
1067.5	0	0.0634149
1068	0	0.0634149
1068.5	0	0.0634149
1069	0	0.0634149
1069.5	0	0.0634149
1070	0	0.0634149
1070.5	0	0.0634149
1071	0	0.0634149
1071.5	0	0.0634149
1072	0	0.0634149
1072.5	0	0.0634149
1073	0	0.0634149
1073.5	0	0.0634149
1074	0	0.0634149
1074.5	0	0.0634149
1075	0	0.0634149
1075.5	0	0.0634149
1076	0	0.0634149
1076.5	0	0.0634149
1077	0	0.0634149
1077.5	0	0.0634149
1078	0	0.0634149
1078.5	0	0.0634149
1079	0.00151376	0.0625163
1079.5	0.127449	0.0625462
1080	0.127449	0.062576
1080.5	0.127449	0.0626058
1081	0.127449	0.0626355
1081.5	0.121476	0.0626638
1082	0.124424	0.0626928
1082.5	0.136355	0.0627283
1083	0.126766	0.0627578
1083.5	0.127144	0.0627874
1084	0.128126	0.0628171
1084.5	0.127542	0.0628467
1085	0.127675	0.0628763
1085.5	0.124053	0.062905
1086	0.127634	0.0629345
1086.5	0.129201	0.0629681
1087	0.128824	0.0629978
1087.5	0.127449	0.0630272
1088	0.127449	0.0630566
1088.5	0.126993	0.0630859
1089	0.125877	0.0631148
1089.5	0.127097	0.063144
1090	0.127152	0.0631732
1090.5	0.127501	0.0631879
1091	0.0682807	0.0631916
1091.5	0.126942	0.0632207
1092	0.128044	0.06325
1092.5	0.127346	0.0632792
1093	0.127667	0.0633083
1093.5	0.127356	0.0633374
1094	0.127532	0.0633665
1094.5	0.128069	0.0633957
1095	0.127449	0.0634283
1095.5	0.127449	0.0634573
1096	0.127449	0.0634646
1096.5	0	0.0634646
1097	0	0.0634646
1097.5	0	0.0634646
1098	0	0.0634646
1098.5	0	0.0634646
1099	0	0.0634646
1099.5	0	0.0634646
1100	0	0.0634646
1100.5	0	0.0634646
1101	0	0.0634646
1101.5	0	0.0634646
1102	0	0.0634646
1102.5	0.00918907	0.0631259
1103	0.0883978	0.0631382
1103.5	0.0360244	0.0631274
1104	0.158125	0.0631747
1104.5	0.132901	0.0632047
1105	0.0986264	0.0632227
1105.5	0.129482	0.063252
1106	0.140219	0.0632833
1106.5	0.0844219	0.0632941
1107	0.162005	0.0633376
1107.5	0.13253	0.0633711
1108	0.198851	0.0634294
1108.5	0.132005	0.0634627
1109	0.127449	0.0634913
1109.5	0.127449	0.0635199
1110	0.127449	0.0635485
1110.5	0.125809	0.0635767
1111	0.127165	0.0636051
1111.5	0.127714	0.0636337
1112	0.12732	0.0636621
1112.5	0.126202	0.0636656
1113	0	0.0636656
1113.5	0	0.0636656
1114	0	0.0636656
1114.5	0	0.0636656
1115	0	0.0636656
1115.5	0.0137034	0.0635107
1116	0.127449	0.0635426
1116.5	0.127449	0.063571
1117	0.125934	0.063599
1117.5	0.10197	0.063615
1118	0.143523	0.0636307
1118.5	0	0.0636307
1119	0.0166086	0.0635907
1119.5	0	0.0635907
1120	0.0292935	0.0635494
1120.5	0.124685	0.0635771
1121	0.134935	0.0636107
1121.5	0.122604	0.0636378
1122	0.127444	0.063666
1122.5	0.130729	0.0636949
1123	0.124202	0.0637223
1123.5	0.130783	0.0637511
1124	0.128034	0.0637829
1124.5	0.127371	0.063811
1125	0.127864	0.0638391
1125.5	0	0.0638391
1126	0	0.0638391
1126.5	0	0.0638391
1127	0	0.0638391
1127.5	0.00935627	0.0637167
1128	0.134755	0.0637462
1128.5	0.131857	0.0637788
1129	0.119031	0.0638015
1129.5	0.129355	0.0638299
1130	0.117719	0.0638555
1130.5	0.119289	0.0638782
1131	0.124784	0.0638953
1131.5	0.0772201	0.0639013
1132	0.0721048	0.0639061
1132.5	0.0747943	0.0639091
1133	0.0373968	0.0638943
1133.5	0.0763457	0.0639011
1134	0	0.0639011
1134.5	0	0.0639011
1135	0.0324156	0.0638605
1135.5	0.0735885	0.0638651
1136	0.169304	0.0639128
1136.5	0.13511	0.0639457
1137	0.133672	0.0639747
1137.5	0.127204	0.0640024
1138	0.128972	0.0640338
1138.5	0.099177	0.0640486
1139	0.124731	0.0640688
1139.5	0	0.0640688
1140	0	0.0640688
1140.5	0	0.0640688
1141	0	0.0640688
1141.5	0	0.0640688
1142	0	0.0640688
1142.5	0	0.0640688
1143	0	0.0640688
1143.5	0.0118537	0.0638558
1144	0.0369964	0.0638458
1144.5	0.0811437	0.0638472
1145	0.0738666	0.0638557
1145.5	0.0804305	0.0638571
1146	0	0.0638571
1146.5	0	0.0638571
1147	0	0.0638571
1147.5	0	0.0638571
1148	0	0.0638571
1148.5	0	0.0638571
1149	0	0.0638571
1149.5	0	0.0638571
1150	0.00955888	0.063623
1150.5	0.122544	0.0636461
1151	0.115227	0.0636707
1151.5	0.12978	0.0636986
1152	0.09537	0.06371
1152.5	0.124702	0.0637435
1153	0.189279	0.0637981
1153.5	0.125587	0.063825
1154	0.136439	0.0638542
1154.5	0.127449	0.0638815
1155	0.127449	0.0638883
1155.5	0.0088855	0.063846
1156	0.127449	0.0638733
1156.5	0.120176	0.0638989
1157	0.133318	0.0639309
1157.5	0.124389	0.0639574
1158	0.127439	0.063971
1158.5	0	0.063971
1159	0.0387555	0.0639444
1159.5	0.127537	0.0639716
1160	0.132567	0.0639892
1160.5	0	0.0639892
1161	0	0.0639892
1161.5	0.0135541	0.0639133
1162	0.127449	0.0639404
1162.5	0.127449	0.0639675
1163	0.127449	0.0639945
1163.5	0.119369	0.0640197
1164	0.115719	0.0640349
1164.5	0	0.0640349
1165	0	0.0640349
1165.5	0	0.0640349
1166	0	0.0640349
1166.5	0.00887707	0.0639087
1167	0.127449	0.0639356
1167.5	0.127449	0.0639626
1168	0.127449	0.0639896
1168.5	0.127449	0.0640165
1169	0.127449	0.0640468
1169.5	0.127449	0.0640736
1170	0.127449	0.0641005
1170.5	0.127449	0.0641273
1171	0.127449	0.0641541
1171.5	0.122434	0.0641766
1172	0.0845614	0.0641864
1172.5	0.105571	0.0642048
1173	0.143689	0.0642346
1173.5	0.129417	0.0642652
1174	0.185142	0.0643179
1174.5	0.127449	0.0643445
1175	0.127449	0.0643711
1175.5	0.114703	0.0643918
1176	0.135495	0.0644235
1176.5	0.120869	0.0644423
1177	0.134385	0.0644807
1177.5	0.0682022	0.0644822
1178	0.132604	0.0645098
1178.5	0.140891	0.0645461
1179	0.0954028	0.0645569
1179.5	0.0529616	0.0645511
1180	0.099902	0.0645653
1180.5	0.105521	0.0645834
1181	0.123624	0.064609
1181.5	0.081047	0.0646158
1182	0.0831811	0.0646232
1182.5	0.0721112	0.0646239
1183	0.0511311	0.0646134
1183.5	0.129661	0.0646167
1184	0	0.0646167
1184.5	0	0.0646167
1185	0.0163012	0.0645377
1185.5	0.176056	0.0645503
1186	0	0.0645503
1186.5	0	0.0645503
1187	0	0.0645503
1187.5	0	0.0645503
1188	0	0.0645503
1188.5	0	0.0645503
1189	0	0.0645503
1189.5	0	0.0645503
1190	0	0.0645503
1190.5	0	0.0645503
1191	0.00133669	0.0642367
1191.5	0.127272	0.064263
1192	0.127553	0.0642795
1192.5	0	0.0642795
1193	0	0.0642795
1193.5	0	0.0642795
1194	0	0.0642795
1194.5	0	0.0642795
1195	0	0.0642795
1195.5	0	0.0642795
1196	0	0.0642795
1196.5	0	0.0642795
1197	0	0.0642795
1197.5	0	0.0642795
1198	0	0.0642795
1198.5	0	0.0642795
1199	0	0.0642795
1199.5	0	0.0642795
1200	0	0.0642795
1200.5	0	0.0642795
1201	0	0.0642795
1201.5	0	0.0642795
1202	0	0.0642795
1202.5	0	0.0642795
1203	0	0.0642795
1203.5	0	0.0642795
1204	0	0.0642795
1204.5	0	0.0642795
1205	0	0.0642795
1205.5	0	0.0642795
1206	0	0.0642795
1206.5	0	0.0642795
1207	0.00361369	0.0635106
1207.5	0.132622	0.0635413
1208	0.124338	0.0635668
1208.5	0.127433	0.063593
1209	0.125771	0.0636189
1209.5	0.115688	0.0636394
1210	0.14387	0.0636722
1210.5	0.128659	0.0636985
1211	0.125303	0.0637274
1211.5	0.127418	0.0637535
1212	0.127434	0.0637795
1212.5	0.127506	0.0638056
1213	0.127449	0.0638316
1213.5	0.127532	0.0638576
1214	0.127299	0.0638835
1214.5	0.127996	0.0639096
1215	0.127036	0.0639386
1215.5	0.127596	0.0639645
1216	0.0823885	0.0639718
1216.5	0.161924	0.0640111
1217	0.0316627	0.0639978
1217.5	0.129676	0.064011
1218	0.0607791	0.0640089
1218.5	0.104055	0.0640214
1219	0.103558	0.0640411
1219.5	0.143964	0.0640771
1220	0.114488	0.0640942
1220.5	0.115192	0.0641172
1221	0.0918227	0.0641289
1221.5	0.0852399	0.0641369
1222	0.172698	0.0641856
1222.5	0.121387	0.0642069
1223	0.058424	0.0642063
1223.5	0	0.0642063
1224	0	0.0642063
1224.5	0	0.0642063
1225	0	0.0642063
1225.5	0.0133213	0.0640832
1226	0.127449	0.0641088
1226.5	0.127449	0.0641344
1227	0.127449	0.0641536
1227.5	0	0.0641536
1228	0	0.0641536
1228.5	0	0.0641536
1229	0	0.0641536
1229.5	0	0.0641536
1230	0	0.0641536
1230.5	0	0.0641536
1231	0	0.0641536
1231.5	0	0.0641536
1232	0.00923261	0.0639249
1232.5	0.127504	0.0639536
1233	0.127297	0.0639632
1233.5	0	0.0639632
1234	0	0.0639632
1234.5	0	0.0639632
1235	0.010291	0.0638631
1235.5	0.124261	0.063888
1236	0.130641	0.0639141
1236.5	0.127636	0.0639205
1237	0.0521687	0.0639119
1237.5	0.127449	0.0639278
1238	0	0.0639278
1238.5	0	0.0639278
1239	0	0.0639278
1239.5	0	0.0639278
1240	0	0.0639278
1240.5	0	0.0639278
1241	0	0.0639278
1241.5	0	0.0639278
1242	0	0.0639278
1242.5	0	0.0639278
1243	0	0.0639278
1243.5	0	0.0639278
1244	0.00820253	0.0636259
1244.5	0.127449	0.0636514
1245	0.127449	0.0636641
1245.5	0	0.0636641
1246	0	0.0636641
1246.5	0	0.0636641
1247	0	0.0636641
1247.5	0.00286945	0.06353
1248	0.130389	0.0635592
1248.5	0.12796	0.0635846
1249	0.127449	0.06361
1249.5	0.126044	0.063635
1250	0.12747	0.0636603
1250.5	0.119244	0.0636839
1251	0.126479	0.0637089
1251.5	0.107896	0.0637193
1252	0	0.0637193
1252.5	0	0.0637193
1253	0	0.0637193
1253.5	0	0.0637193
1254	0	0.0637193
1254.5	0	0.0637193
1255	0	0.0637193
1255.5	0	0.0637193
1256	0.0117621	0.0635249
1256.5	0.127637	0.0635533
1257	0.127522	0.0635785
1257.5	0.124113	0.0635999
1258	0.114871	0.0636223
1258.5	0.116088	0.0636422
1259	0.132515	0.0636715
1259.5	0.136224	0.0636982
1260	0.117764	0.0637212
1260.5	0.143597	0.0637491
1261	0.137263	0.0637826
1261.5	0.127449	0.0638076
1262	0.127449	0.0638326
1262.5	0.125291	0.0638572
1263	0.120272	0.0638806
1263.5	0.0893213	0.0638878
1264	0.146474	0.06393
1264.5	0.123312	0.0639541
1265	0.115648	0.063968
1265.5	0	0.063968
1266	0	0.063968
1266.5	0	0.063968
1267	0.0296	0.0639101
1267.5	0.135662	0.0639398
1268	0.116014	0.0639593
1268.5	0.132889	0.0639852
1269	0.138564	0.0640153
1269.5	0.120549	0.0640386
1270	0.126124	0.0640601
1270.5	0.132012	0.064092
1271	0.0947078	0.0641041
1271.5	0.145739	0.0641354
1272	0.12068	0.0641586
1272.5	0.0926647	0.0641701
1273	0.137333	0.0641932
1273.5	0.0998341	0.0642021
1274	0	0.0642021
1274.5	0	0.0642021
1275	0	0.0642021
1275.5	0	0.0642021
1276	0.0144113	0.0640952
1276.5	0.098616	0.0641104
1277	0.127449	0.0641349
1277.5	0.126097	0.0641592
1278	0.0920312	0.0641704
1278.5	0.143863	0.0641978
1279	0.105146	0.0642122
1279.5	0.0889422	0.0642242
1280	0.169743	0.0642664
1280.5	0.170058	0.0643048
1281	0.143993	0.0643184
1281.5	0	0.0643184
1282	0	0.0643184
1282.5	0	0.0643184
1283	0	0.0643184
1283.5	0	0.0643184
1284	0	0.0643184
1284.5	0	0.0643184
1285	0	0.0643184
1285.5	0	0.0643184
1286	0	0.0643184
1286.5	0	0.0643184
1287	0	0.0643184
1287.5	0	0.0643184
1288	0	0.0643184
1288.5	0	0.0643184
1289	0	0.0643184
1289.5	0	0.0643184
1290	0	0.0643184
1290.5	0	0.0643184
1291	0	0.0643184
1291.5	0	0.0643184
1292	0	0.0643184
1292.5	0	0.0643184
1293	0	0.0643184
1293.5	0	0.0643184
1294	0	0.0643184
1294.5	0	0.0643184
1295	0	0.0643184
1295.5	0	0.0643184
1296	0	0.0643184
1296.5	0	0.0643184
1297	0	0.0643184
1297.5	0	0.0643184
1298	0	0.0643184
1298.5	0	0.0643184
1299	0	0.0643184
1299.5	0	0.0643184
1300	0	0.0643184
1300.5	0	0.0643184
1301	0	0.0643184
1301.5	0	0.0643184
1302	0	0.0643184
1302.5	0	0.0643184
1303	0	0.0643184
1303.5	0	0.0643184
1304	0	0.0643184
1304.5	0.000329143	0.0631421
1305	0.133126	0.0631644
1305.5	0.12329	0.063188
1306	0.0972722	0.0632007
1306.5	0.110403	0.0632214
1307	0.173526	0.0632636
1307.5	0.135521	0.0632925
1308	0.110359	0.0633106
1308.5	0.129559	0.0633291
1309	0.11025	0.0633522
1309.5	0.145811	0.0633828
1310	0.138629	0.0633927
1310.5	0	0.0633927
1311	0	0.0633927
1311.5	0	0.0633927
1312	0.00388926	0.0633006
1312.5	0	0.0633006
1313	0	0.0633006
1313.5	0	0.0633006
1314	0	0.0633006
1314.5	0.00278692	0.0631702
1315	0.127405	0.0631944
1315.5	0.111945	0.0632127
1316	0.120559	0.0632355
1316.5	0.1363	0.0632612
1317	0.120736	0.0632841
1317.5	0.132677	0.0633123
1318	0.126322	0.0633362
1318.5	0.0971811	0.0633487
1319	0.135896	0.0633774
1319.5	0.102219	0.0633911
1320	0.129491	0.0634185
1320.5	0.192569	0.0634626
1321	0.127449	0.0634896
1321.5	0.127385	0.0635136
1322	0.127454	0.0635375
1322.5	0.127449	0.0635615
1323	0.127366	0.0635734
1323.5	0	0.0635734
1324	0	0.0635734
1324.5	0.0364157	0.0635379
1325	0.129816	0.0635531
1325.5	0	0.0635531
1326	0.0313767	0.0635226
1326.5	0.128684	0.0635437
1327	0.126626	0.0635703
1327.5	0.129557	0.0635946
1328	0.120172	0.0636169
1328.5	0.129665	0.0636351
1329	0	0.0636351
1329.5	0	0.0636351
1330	0.0287861	0.063592
1330.5	0.127506	0.0636158
1331	0.127516	0.0636396
1331.5	0.127376	0.0636633
1332	0.126629	0.0636868
1332.5	0.128446	0.0637107
1333	0.12436	0.0637338
1333.5	0.158095	0.0637374
1334	0.0411173	0.0637211
1334.5	0.127449	0.0637241
1335	0	0.0637241
1335.5	0	0.0637241
1336	0	0.0637241
1336.5	0	0.0637241
1337	0	0.0637241
1337.5	0	0.0637241
1338	0	0.0637241
1338.5	0.00881507	0.0635404
1339	0.123187	0.0635633
1339.5	0.122327	0.0635859
1340	0.129416	0.0636099
1340.5	0.0947842	0.0636215
1341	0.164516	0.0636612
1341.5	0.116134	0.0636798
1342	0.12049	0.063702
1342.5	0.144321	0.0637315
1343	0.110203	0.0637489
1343.5	0.136467	0.0637739
1344	0.138963	0.0638025
1344.5	0.127417	0.0638289
1345	0.129117	0.0638407
1345.5	0.0105733	0.0638112
1346	0.127568	0.0638346
1346.5	0.126585	0.0638375
1347	0	0.0638375
1347.5	0	0.0638375
1348	0	0.0638375
1348.5	0	0.0638375
1349	0	0.0638375
1349.5	0	0.0638375
1350	0	0.0638375
1350.5	0	0.0638375
1351	0.0015918	0.0636091
1351.5	0.127475	0.0636325
1352	0.127377	0.0636559
1352.5	0.127449	0.0636822
1353	0.127444	0.0637055
1353.5	0.127511	0.0637289
1354	0.12749	0.0637522
1354.5	0.127433	0.0637755
1355	0.127397	0.0637987
1355.5	0.127501	0.063822
1356	0.127382	0.0638452
1356.5	0.128805	0.0638716
1357	0.127449	0.0638948
1357.5	0.127449	0.063918
1358	0.127449	0.0639412
1358.5	0.127449	0.0639644
1359	0.127449	0.0639875
1359.5	0.127449	0.0640106
1360	0.124496	0.0640332
1360.5	0.129314	0.0640595
1361	0.126177	0.0640795
1361.5	0.117642	0.0641006
1362	0.116349	0.0641188
1362.5	0.146998	0.0641515
1363	0.125497	0.0641713
1363.5	0.124165	0.0641965
1364	0.129654	0.0642198
1364.5	0.12149	0.064228
1365	0.0375312	0.0642116
1365.5	0.128664	0.0642347
1366	0.123179	0.0642568
1366.5	0.129113	0.0642597
1367	0	0.0642597
1367.5	0	0.0642597
1368	0	0.0642597
1368.5	0.0138772	0.064176
1369	0.0868242	0.0641865
1369.5	0.127398	0.0642122
1370	0.127439	0.0642351
1370.5	0.128059	0.0642581
1371	0.127449	0.0642809
1371.5	0.127449	0.0643037
1372	0.127449	0.0643265
1372.5	0.127449	0.0643493
1373	0.127449	0.064372
1373.5	0.127053	0.0643975
1374	0.127382	0.0644203
1374.5	0.127537	0.064443
1375	0.127392	0.0644657
1375.5	0.127558	0.0644884
1376	0.0738019	0.064492
1376.5	0.127449	0.0644976
1377	0	0.0644976
1377.5	0	0.0644976
1378	0	0.0644976
1378.5	0	0.0644976
1379	0.010995	0.0643863
1379.5	0.13139	0.0644096
1380	0.127449	0.0644322
1380.5	0.127449	0.0644577
1381	0.127449	0.0644803
1381.5	0.127449	0.0644915
1382	0	0.0644915
1382.5	0	0.0644915
1383	0	0.0644915
1383.5	0.006997	0.0643978
1384	0.127449	0.0644204
1384.5	0.127449	0.0644429
1385	0.127449	0.064457
1385.5	0	0.064457
1386	0	0.064457
1386.5	0.037225	0.0644237
1387	0.127449	0.0644462
1387.5	0.127449	0.0644715
1388	0.127449	0.064494
1388.5	0.117882	0.064512
1389	0.124458	0.0645339
1389.5	0.133232	0.0645602
1390	0.132635	0.0645835
1390.5	0.126012	0.0646057
1391	0.112525	0.0646226
1391.5	0.132143	0.0646487
1392	0.107511	0.0646577
1392.5	0	0.0646577
1393	0	0.0646577
1393.5	0	0.0646577
1394	0	0.0646577
1394.5	0	0.0646577
1395	0	0.0646577
1395.5	0	0.0646577
1396	0	0.0646577
1396.5	0	0.0646577
1397	0	0.0646577
1397.5	0	0.0646577
1398	0	0.0646577
1398.5	0	0.0646577
1399	0	0.0646577
1399.5	0	0.0646577
1400	0	0.0646577
1400.5	0	0.0646577
1401	0	0.0646577
1401.5	0	0.0646577
1402	0	0.0646577
1402.5	0	0.0646577
1403	0	0.0646577
1403.5	0	0.0646577
1404	0	0.0646577
1404.5	0	0.0646577
1405	0	0.0646577
1405.5	0	0.0646577
1406	0	0.0646577
1406.5	0	0.0646577
1407	0	0.0646577
1407.5	0	0.0646577
1408	0	0.0646577
1408.5	0	0.0646577
1409	0	0.0646577
1409.5	0	0.0646577
1410	0.00215995	0.0638482
1410.5	0.126393	0.0638731
1411	0.123466	0.0638947
1411.5	0.0790018	0.0639
1412	0.182495	0.06394
1412.5	0.127571	0.0639623
1413	0.126841	0.0639844
1413.5	0.127636	0.0640067
1414	0.127403	0.0640317
1414.5	0.12747	0.0640539
1415	0.12433	0.0640755
1415.5	0.134146	0.0640871
1416	0.0741263	0.0640924
1416.5	0.124731	0.0641141
1417	0.127636	0.0641362
1417.5	0.130094	0.0641588
1418	0.126006	0.0641807
1418.5	0.1275	0.0642055
1419	0.127444	0.0642276
1419.5	0.112058	0.0642442
1420	0.154251	0.0642604
1420.5	0.0539321	0.0642551
1421	0.129067	0.0642774
1421.5	0.127578	0.0642994
1422	0.127133	0.0643241
1422.5	0.126708	0.0643268
1423	0	0.0643268
1423.5	0	0.0643268
1424	0.0121197	0.0642552
1424.5	0.127449	0.0642772
1425	0.127449	0.0642992
1425.5	0.104186	0.0643119
1426	0.135809	0.0643381
1426.5	0.120632	0.0643587
1427	0.216553	0.0643665
1427.5	0	0.0643665
1428	0	0.0643665
1428.5	0	0.0643665
1429	0	0.0643665
1429.5	0	0.0643665
1430	0	0.0643665
1430.5	0	0.0643665
1431	0	0.0643665
1431.5	0	0.0643665
1432	0	0.0643665
1432.5	0.00795199	0.0641321
1433	0.138485	0.064141
1433.5	0	0.064141
1434	0.0302322	0.0641101
1434.5	0.118038	0.0641302
1435	0.150889	0.0641618
1435.5	0.0924338	0.0641719
1436	0.126168	0.0641908
1436.5	0.110245	0.0642092
1437	0.173926	0.0642472
1437.5	0.116224	0.0642644
1438	0.136163	0.0642876
1438.5	0.132594	0.064313
1439	0.135422	0.0643389
1439.5	0.126076	0.0643604
1440	0.132711	0.064383
1440.5	0.122951	0.0644038
1441	0.117936	0.0644237
1441.5	0.111835	0.0644353
1442	0	0.0644353
1442.5	0	0.0644353
1443	0	0.0644353
1443.5	0	0.0644353
1444	0	0.0644353
1444.5	0	0.0644353
1445	0	0.0644353
1445.5	0	0.0644353
1446	0	0.0644353
1446.5	0.0108164	0.0642461
1447	0.123276	0.064267
1447.5	0.132564	0.0642922
1448	0.0154059	0.0642749
1448.5	0.127434	0.0642965
1449	0.122837	0.0643147
1449.5	0.125346	0.0643306
1450	0.0249048	0.0643134
1450.5	0.129064	0.0643379
1451	0.105596	0.0643528
1451.5	0.11956	0.0643704
1452	0.126415	0.0643917
1452.5	0.144011	0.0644037
1453	0	0.0644037
1453.5	0	0.0644037
1454	0	0.0644037
1454.5	0	0.0644037
1455	0.0138791	0.064305
1455.5	0.124519	0.064326
1456	0.125837	0.0643472
1456.5	0.123176	0.0643679
1457	0.129454	0.0643896
1457.5	0	0.0643896
1458	0	0.0643896
1458.5	0	0.0643896
1459	0.0281574	0.0643409
1459.5	0.126674	0.0643649
1460	0.116369	0.0643818
1460.5	0.123354	0.0644024
1461	0.135242	0.0644166
1461.5	0	0.0644166
1462	0.0391975	0.0643957
1462.5	0.102279	0.0644077
1463	0.0939325	0.0644196
1463.5	0.129773	0.064425
1464	0	0.064425
1464.5	0	0.064425
1465	0	0.064425
1465.5	0	0.064425
1466	0	0.064425
1466.5	0	0.064425
1467	0	0.064425
1467.5	0	0.064425
1468	0	0.064425
1468.5	0	0.064425
1469	0	0.064425
1469.5	0.00123525	0.0641505
1470	0.129373	0.0641694
1470.5	0.129446	0.0641937
1471	0.0715442	0.0641943
1471.5	0	0.0641943
1472	0	0.0641943
1472.5	0	0.0641943
1473	0.0162141	0.0641151
1473.5	0.127449	0.0641363
1474	0.127449	0.0641576
1474.5	0.127449	0.0641789
1475	0.127449	0.0642027
1475.5	0.127449	0.0642213
1476	0	0.0642213
1476.5	0	0.0642213
1477	0	0.0642213
1477.5	0	0.0642213
1478	0.0124295	0.0641324
1478.5	0.127449	0.0641536
1479	0.127449	0.0641774
1479.5	0.127449	0.0641986
1480	0.127449	0.0642197
1480.5	0.127449	0.0642409
1481	0.127449	0.064262
1481.5	0.127449	0.0642831
1482	0.127449	0.0643042
1482.5	0.116778	0.064321
1483	0.135437	0.0643461
1483.5	0.12629	0.064367
1484	0.123116	0.0643872
1484.5	0.128932	0.0644112
1485	0.132313	0.064433
1485.5	0.126863	0.0644539
1486	0.127219	0.0644748
1486.5	0.121913	0.0644948
1487	0.125718	0.0645155
1487.5	0.136406	0.0645406
1488	0.127449	0.0645616
1488.5	0	0.0645616
1489	0	0.0645616
1489.5	0	0.0645616
1490	0	0.0645616
1490.5	0	0.0645616
1491	0	0.0645616
1491.5	0	0.0645616
1492	0	0.0645616
1492.5	0	0.0645616
1493	0	0.0645616
1493.5	0	0.0645616
1494	0	0.0645616
1494.5	0	0.0645616
1495	0	0.0645616
1495.5	0.00629967	0.0642689
1496	0.12747	0.0642899
1496.5	0.127573	0.0643108
1497	0.127403	0.0643342
1497.5	0.127413	0.0643551
1498	0.127502	0.0643734
1498.5	0	0.0643734
1499	0	0.0643734
1499.5	0	0.0643734
1500	0	0.0643734
1500.5	0	0.0643734
1501	0	0.0643734
1501.5	0	0.0643734
1502	0	0.0643734
1502.5	0	0.0643734
1503	0.012444	0.0641982
1503.5	0.127449	0.064219
1504	0.127449	0.0642398
1504.5	0.127449	0.0642632
1505	0.127449	0.064284
1505.5	0.127449	0.0643048
1506	0.127449	0.0643255
1506.5	0.127449	0.0643359
1507	0	0.0643359
1507.5	0	0.0643359
1508	0	0.0643359
1508.5	0.0207028	0.0642698
1509	0.127449	0.0642905
1509.5	0.127449	0.0643112
1510	0.127449	0.0643319
1510.5	0.127449	0.0643526
1511	0.127449	0.0643733
1511.5	0.127449	0.0643939
1512	0.126401	0.0644144
1512.5	0.128395	0.0644378
1513	0.127449	0.0644584
1513.5	0.127449	0.064479
1514	0.127449	0.0644996
1514.5	0.127449	0.0645202
1515	0.127449	0.0645407
1515.5	0.127449	0.0645459
1516	0	0.0645459
1516.5	0	0.0645459
1517	0	0.0645459
1517.5	0	0.0645459
1518	0	0.0645459
1518.5	0	0.0645459
1519	0	0.0645459
1519.5	0	0.0645459
1520	0	0.0645459
1520.5	0	0.0645459
1521	0	0.0645459
1521.5	0.00491191	0.0642942
1522	0.127449	0.0643121
1522.5	0	0.0643121
1523	0	0.0643121
1523.5	0	0.0643121
1524	0	0.0643121
1524.5	0.00302964	0.0642075
1525	0.0809137	0.0642118
1525.5	0.0720145	0.0642146
1526	0.0852038	0.064221
1526.5	0.134214	0.0642371
1527	0	0.0642371
1527.5	0	0.0642371
1528	0	0.0642371
1528.5	0.0139735	0.0641629
1529	0.105593	0.0641771
1529.5	0.123602	0.0641969
1530	0.0972759	0.0642074
1530.5	0.113346	0.064223
1531	0.0904544	0.064232
1531.5	0.102446	0.0642435
1532	0.129792	0.0642617
1532.5	0.0589651	0.0642603
1533	0.0600148	0.0642585
1533.5	0.0826425	0.0642654
1534	0.173602	0.064301
1534.5	0.172551	0.0643364
1535	0.128951	0.064357
1535.5	0.127423	0.0643774
1536	0.127335	0.0643875
1536.5	0	0.0643875
1537	0	0.0643875
1537.5	0	0.0643875
1538	0	0.0643875
1538.5	0	0.0643875
1539	0	0.0643875
1539.5	0	0.0643875
1540	0	0.0643875
1540.5	0	0.0643875
1541	0	0.0643875
1541.5	0	0.0643875
1542	0	0.0643875
1542.5	0.00466528	0.0641258
1543	0.128478	0.0641488
1543.5	0.127449	0.0641666
1544	0	0.0641666
1544.5	0	0.0641666
1545	0	0.0641666
1545.5	0	0.0641666
1546	0.0130811	0.0640869
1546.5	0.0472776	0.0640796
1547	0.127449	0.0640999
1547.5	0.127449	0.0641202
1548	0.127449	0.0641404
1548.5	0.127449	0.0641606
1549	0.127449	0.0641809
1549.5	0.12659	0.0641909
1550	0	0.0641909
1550.5	0	0.0641909
1551	0	0.0641909
1551.5	0	0.0641909
1552	0	0.0641909
1552.5	0.00238692	0.0640594
1553	0.127501	0.0640796
1553.5	0.127361	0.0640998
1554	0.12758	0.0641149
1554.5	0	0.0641149
1555	0	0.0641149
1555.5	0	0.0641149
1556	0	0.0641149
1556.5	0.00303358	0.0640129
1557	0.110409	0.06403
1557.5	0.123665	0.0640495
1558	0.0875084	0.0640563
1558.5	0.0924997	0.0640656
1559	0.176707	0.0641043
1559.5	0.16955	0.0641389
1560	0.133512	0.0641599
1560.5	0.127449	0.06418
1561	0.127449	0.0642
1561.5	0.127449	0.0642226
1562	0.127449	0.0642276
1562.5	0	0.0642276
1563	0	0.0642276
1563.5	0	0.0642276
1564	0.0269808	0.0641719
1564.5	0.127496	0.0641919
1565	0	0.0641919
1565.5	0	0.0641919
1566	0.0103367	0.0641395
1566.5	0.124291	0.064159
1567	0.130679	0.0641794
1567.5	0.127291	0.0642019
1568	0.127206	0.0642218
1568.5	0.127783	0.0642418
1569	0.12434	0.0642612
1569.5	0.128055	0.0642663
1570	0	0.0642663
1570.5	0	0.0642663
1571	0	0.0642663
1571.5	0.00396408	0.0641899
1572	0	0.0641899
1572.5	0.0166773	0.0641471
1573	0.127449	0.064167
1573.5	0.127449	0.0641869
1574	0.127449	0.0642068
1574.5	0.127449	0.0642267
1575	0.127449	0.0642465
1575.5	0.126929	0.0642663
1576	0.127351	0.0642861
1576.5	0.128003	0.0643085
1577	0.127449	0.0643283
1577.5	0.127449	0.0643481
1578	0.127449	0.0643679
1578.5	0.125861	0.0643874
1579	0.12722	0.0644072
1579.5	0.127542	0.0644269
1580	0.119774	0.0644454
1580.5	0.142193	0.0644618
1581	0	0.0644618
1581.5	0	0.0644618
1582	0	0.0644618
1582.5	0	0.0644618
1583	0	0.0644618
1583.5	0	0.0644618
1584	0	0.0644618
1584.5	0.00375342	0.0643008
1585	0.127449	0.0643205
1585.5	0.127449	0.0643402
1586	0.127449	0.064355
1586.5	0	0.064355
1587	0.0144415	0.0643207
1587.5	0.12598	0.0643425
1588	0.13081	0.0643627
1588.5	0.127371	0.0643824
1589	0.119543	0.0643892
1589.5	0	0.0643892
1590	0	0.0643892
1590.5	0	0.0643892
1591	0	0.0643892
1591.5	0	0.0643892
1592	0	0.0643892
1592.5	0	0.0643892
1593	0	0.0643892
1593.5	0	0.0643892
1594	0	0.0643892
1594.5	0	0.0643892
1595	0	0.0643892
1595.5	0	0.0643892
1596	0	0.0643892
1596.5	0	0.0643892
1597	0	0.0643892
1597.5	0	0.0643892
1598	0.00591558	0.0640479
1598.5	0.126539	0.0640698
1599	0.127096	0.0640893
1599.5	0.127326	0.0641089
1600	0.128975	0.0641287
