2	0	0	0
2.5	0.0192271	0.146885	1
3	0.127449	0.135111	1
3.5	0.129706	0.49259	2
4	0.272723	0.620922	4
4.5	0.507897	0.533793	4
5	0.509787	0.524504	4
5.5	0.510079	0.520589	4
6	0.511981	0.519176	4
6.5	0.127449	0.51899	1
7	0.13082	0.692159	2
7.5	0.277981	0.614673	3
8	0.254838	0.619804	2
8.5	0.26019	1.12627	4
9	0.509987	0.899885	4
9.5	0.5099	0.893752	4
10	0.510019	0.892569	4
10.5	0.382301	0.893938	3
11	0.392433	0.780629	4
11.5	0.516337	0.792937	4
12	0.384114	0.709758	4
12.5	0.507125	0.912763	5
13	0.637767	0.869779	5
13.5	0.50655	0.868643	4
14	0.561804	0.871077	5
14.5	0.516424	0.880517	4
15	0.386424	0.816204	4
15.5	0.385755	0.82477	3
16	0.297957	0.82703	3
16.5	0.382347	0.832851	3
17	0.284532	0.832764	3
17.5	0.402575	0.831389	4
18	0.509895	0.839679	4
18.5	0.509687	0.847598	4
19	0.509853	0.854579	4
19.5	0.509866	0.861094	4
20	0.512586	0.866623	4
20.5	0.254898	0.870048	2
21	0.254492	0.76141	3
21.5	0.254831	0.765968	2
22	0.255002	0.770257	2
22.5	0.2548	0.774617	2
23	0.258486	0.670902	3
23.5	0.261148	0.664272	3
24	0.258155	0.668373	2
24.5	0.247743	0.672209	2
25	0.262892	0.529482	4
25.5	0.272507	0.53069	3
26	0.260945	0.474038	3
26.5	0.127449	0.474641	1
27	0.0138936	0.474807	1
27.5	0.0535152	0.473749	2
28	0.257274	0.472636	3
28.5	0.28535	0.456897	4
29	0.505183	0.453873	5
29.5	0.522026	0.460907	4
30	0.503957	0.465782	4
30.5	0.385595	0.469596	3
31	0.274101	0.461935	4
31.5	0.537275	0.458529	6
32	0.627319	0.424654	6
32.5	0.628561	0.430459	6
33	0.668724	0.435014	6
33.5	0.633324	0.440256	6
34	0.700534	0.44607	6
34.5	0.634707	0.439854	7
35	0.736802	0.445602	6
35.5	0.700067	0.451841	5
36	0.63786	0.457666	5
36.5	0.548198	0.461061	5
37	0.592822	0.4617	6
37.5	0.690331	0.467301	6
38	0.683383	0.470885	5
38.5	0.467084	0.475832	4
39	0.393082	0.473314	4
39.5	0.526877	0.471413	6
40	0.696845	0.476345	6
40.5	0.648415	0.472139	7
41	0.628907	0.475411	7
41.5	0.69646	0.479285	7
42	0.614584	0.483826	6
42.5	0.660221	0.48867	6
43	0.857353	0.494299	5
43.5	0.605261	0.498726	5
44	0.67307	0.503689	5
44.5	0.539359	0.507338	4
45	0.384276	0.502788	4
45.5	0.510138	0.505634	4
46	0.382045	0.508101	3
46.5	0.427915	0.509517	4
47	0.509669	0.512431	4
47.5	0.509706	0.515123	4
48	0.382606	0.517269	3
48.5	0.383445	0.519019	3
49	0.275205	0.506056	4
49.5	0.509817	0.508561	4
50	0.38133	0.495654	4
50.5	0.509827	0.498699	4
51	0.509609	0.501638	4
51.5	0.388536	0.504003	3
52	0.38216	0.506281	3
52.5	0.394417	0.50687	4
53	0.377828	0.502976	4
53.5	0.528706	0.504565	5
54	0.638245	0.507817	5
54.5	0.637657	0.511094	5
55	0.620207	0.514032	5
55.5	0.642735	0.517041	5
56	0.509724	0.519522	4
56.5	0.509429	0.521882	4
57	0.503311	0.511587	5
57.5	0.595873	0.504271	6
58	0.670263	0.507172	6
58.5	0.636961	0.509871	6
59	0.696032	0.51285	6
59.5	0.689061	0.51645	5
60	0.553723	0.519301	4
60.5	0.382295	0.520947	3
61	0.38478	0.50534	4
61.5	0.510273	0.507223	4
62	0.409172	0.505015	5
62.5	0.64444	0.499762	6
63	0.509501	0.501886	4
63.5	0.509972	0.503916	4
64	0.523553	0.500383	5
64.5	0.384024	0.499331	4
65	0.507942	0.50169	4
65.5	0.509687	0.504088	4
66	0.5099	0.506376	4
66.5	0.509946	0.508685	4
67	0.509636	0.510896	4
67.5	0.509863	0.513062	4
68	0.384006	0.514462	3
68.5	0.254898	0.515362	2
69	0.264202	0.511477	3
69.5	0.382342	0.512811	3
70	0.383441	0.514017	3
70.5	0.245251	0.504836	4
71	0.51113	0.506591	4
71.5	0.382342	0.507858	3
72	0.382213	0.509106	3
72.5	0.382461	0.510379	3
73	0.398074	0.510291	4
73.5	0.509457	0.499774	5
74	0.633688	0.501979	5
74.5	0.64	0.504108	5
75	0.51115	0.496924	5
75.5	0.637199	0.499184	5
76	0.637328	0.501363	5
76.5	0.621514	0.497592	6
77	0.647329	0.499349	6
77.5	0.651911	0.501213	6
78	0.682112	0.503046	6
78.5	0.636596	0.504694	6
79	0.629834	0.50684	5
79.5	0.576952	0.504054	6
80	0.718052	0.506039	6
80.5	0.62837	0.50748	6
81	0.665004	0.509104	6
81.5	0.674393	0.510781	6
82	0.661114	0.512577	6
82.5	0.667809	0.51455	5
83	0.489453	0.516137	3
83.5	0.416748	0.515647	5
84	0.509605	0.517023	4
84.5	0.509884	0.518413	4
85	0.512458	0.512463	5
85.5	0.637122	0.514445	5
86	0.586689	0.513347	6
86.5	0.731334	0.515203	6
87	0.679637	0.516609	6
87.5	0.596988	0.511283	7
88	0.660154	0.512398	7
88.5	0.669802	0.514202	6
89	0.636616	0.516225	5
89.5	0.669609	0.518321	5
90	0.619132	0.520228	5
90.5	0.626858	0.519464	6
91	0.697253	0.520969	6
91.5	0.684417	0.517756	7
92	0.564925	0.519614	4
92.5	0.415168	0.520082	4
93	0.41701	0.520025	4
93.5	0.509527	0.521202	4
94	0.512382	0.520046	5
94.5	0.639734	0.520324	6
95	0.642169	0.521814	5
95.5	0.543155	0.522738	5
96	0.57863	0.523905	5
96.5	0.535028	0.523968	5
97	0.385702	0.524964	3
97.5	0.411628	0.524062	5
98	0.609945	0.523367	6
98.5	0.630126	0.524865	6
99	0.645506	0.518894	7
99.5	0.652967	0.520355	6
100	0.635339	0.521768	6
100.5	0.715421	0.523303	6
101	0.649413	0.520755	6
101.5	0.688531	0.521667	7
102	0.736326	0.523435	5
102.5	0.562254	0.524903	4
103	0.512997	0.52363	5
103.5	0.51617	0.523299	5
104	0.528435	0.523757	5
104.5	0.509863	0.525092	4
105	0.525519	0.525442	5
105.5	0.510037	0.52658	4
106	0.38244	0.527498	3
106.5	0.382356	0.528387	3
107	0.395612	0.525835	4
107.5	0.382238	0.526752	3
108	0.382513	0.5274	3
108.5	0.146523	0.522245	3
109	0.393526	0.521019	4
109.5	0.541305	0.521552	5
110	0.633607	0.522831	5
110.5	0.512858	0.522618	5
111	0.582403	0.523883	5
111.5	0.640231	0.52519	5
112	0.382404	0.526048	3
112.5	0.426969	0.526775	4
113	0.533648	0.521125	6
113.5	0.634235	0.522431	5
114	0.637511	0.519615	6
114.5	0.646388	0.520818	6
115	0.611812	0.519564	7
115.5	0.703661	0.52036	7
116	0.646137	0.521447	6
116.5	0.692854	0.523043	5
117	0.675427	0.524461	5
117.5	0.615058	0.524867	6
118	0.659905	0.526234	6
118.5	0.658209	0.527685	5
119	0.658301	0.526992	6
119.5	0.653409	0.52803	6
120	0.622239	0.525267	6
120.5	0.639236	0.526618	5
121	0.607346	0.526583	6
121.5	0.509869	0.52756	4
122	0.52905	0.527676	5
122.5	0.64023	0.528915	5
123	0.623213	0.52735	7
123.5	0.646922	0.528405	6
124	0.613189	0.527841	7
124.5	0.656412	0.52854	7
125	0.627883	0.529224	7
125.5	0.64766	0.530272	6
126	0.663725	0.531294	6
126.5	0.646146	0.530327	7
127	0.631011	0.530254	8
127.5	0.618482	0.531244	6
128	0.668765	0.532229	6
128.5	0.613753	0.532867	7
129	0.749102	0.533821	7
129.5	0.672827	0.535306	5
130	0.650075	0.536867	4
130.5	0.380576	0.537532	3
131	0.263372	0.535416	3
131.5	0.382287	0.536103	3
132	0.405552	0.536078	4
132.5	0.395401	0.535095	4
133	0.383163	0.535722	3
133.5	0.382497	0.536364	3
134	0.397577	0.532727	5
134.5	0.510268	0.533674	4
135	0.521659	0.53352	5
135.5	0.581312	0.532401	7
136	0.678747	0.533299	7
136.5	0.657391	0.534428	6
137	0.74859	0.535702	6
137.5	0.607866	0.536953	4
138	0.509719	0.537841	4
138.5	0.538462	0.536954	6
139	0.553876	0.533609	6
139.5	0.716311	0.534683	6
140	0.649663	0.534479	5
140.5	0.509698	0.535502	4
141	0.509822	0.536485	4
141.5	0.509796	0.53746	4
142	0.512608	0.538228	4
142.5	0.407985	0.536944	5
143	0.382347	0.537588	3
143.5	0.435852	0.538351	4
144	0.509812	0.539296	4
144.5	0.472555	0.535333	6
145	0.641949	0.53346	6
145.5	0.679343	0.534452	6
146	0.729201	0.535621	6
146.5	0.568553	0.534115	6
147	0.635361	0.535181	5
147.5	0.684651	0.535589	6
148	0.620861	0.535894	6
148.5	0.664003	0.536754	6
149	0.740945	0.537704	6
149.5	0.578609	0.538754	4
150	0.51235	0.538554	5
150.5	0.579627	0.539418	5
151	0.642372	0.540304	5
151.5	0.50782	0.537549	5
152	0.509579	0.538323	4
152.5	0.540778	0.538656	5
153	0.50965	0.539445	4
153.5	0.509927	0.540233	4
154	0.50976	0.540987	4
154.5	0.519878	0.540877	5
155	0.636919	0.541928	5
155.5	0.63659	0.542948	5
156	0.637804	0.543824	5
156.5	0.509729	0.544554	4
157	0.513839	0.545266	4
157.5	0.384061	0.542511	4
158	0.505001	0.538942	5
158.5	0.62851	0.536519	6
159	0.534467	0.537028	5
159.5	0.637428	0.537936	5
160	0.637393	0.538838	5
160.5	0.611863	0.538416	6
161	0.729397	0.53933	6
161.5	0.664424	0.540304	5
162	0.620634	0.541109	5
162.5	0.445609	0.53914	7
163	0.590384	0.539974	5
163.5	0.586491	0.538146	6
164	0.729412	0.539122	6
164.5	0.567557	0.539915	5
165	0.63405	0.540946	5
165.5	0.643391	0.541855	5
166	0.509983	0.542611	4
166.5	0.407359	0.542032	4
167	0.382347	0.542633	3
167.5	0.382347	0.5432	3
168	0.383453	0.541417	4
168.5	0.510958	0.539348	5
169	0.509977	0.540154	4
169.5	0.5155	0.538866	5
170	0.382306	0.539443	3
170.5	0.382435	0.540017	3
171	0.382992	0.540377	3
171.5	0.3193	0.539861	4
172	0.390669	0.538659	4
172.5	0.55284	0.538008	6
173	0.632726	0.536066	6
173.5	0.725533	0.536903	6
174	0.678531	0.537366	5
174.5	0.510107	0.538001	4
175	0.521603	0.537637	5
175.5	0.509708	0.538255	4
176	0.514508	0.535681	5
176.5	0.509703	0.53637	4
177	0.385393	0.536838	3
177.5	0.382347	0.537313	3
178	0.388828	0.536114	4
178.5	0.47226	0.535701	5
179	0.643984	0.536479	5
179.5	0.509708	0.537141	4
180	0.51039	0.537712	4
180.5	0.382259	0.538212	3
181	0.382383	0.538689	3
181.5	0.383623	0.53479	5
182	0.553513	0.534186	6
182.5	0.703183	0.534946	6
183	0.622606	0.535701	5
183.5	0.508096	0.534144	6
184	0.655982	0.534804	6
184.5	0.737236	0.535729	5
185	0.4802	0.536372	4
185.5	0.385681	0.536899	3
186	0.383758	0.537337	3
186.5	0.267782	0.53662	3
187	0.254898	0.536895	2
187.5	0.254898	0.537155	2
188	0.266139	0.53595	3
188.5	0.382302	0.536364	3
189	0.382352	0.536756	3
189.5	0.382275	0.537147	3
190	0.382451	0.537535	3
190.5	0.382477	0.537922	3
191	0.382161	0.538323	3
191.5	0.382513	0.538705	3
192	0.382317	0.539099	3
192.5	0.382349	0.539495	3
193	0.380976	0.537213	4
193.5	0.503828	0.537811	4
194	0.510562	0.538403	4
194.5	0.507534	0.536619	5
195	0.638855	0.537421	5
195.5	0.51879	0.538094	4
196	0.509965	0.538733	4
196.5	0.545409	0.538938	5
197	0.509792	0.53951	4
197.5	0.514149	0.540043	4
198	0.471531	0.540501	4
198.5	0.509414	0.541041	4
199	0.509869	0.541591	4
199.5	0.509848	0.542126	4
200	0.509763	0.542675	4
200.5	0.50973	0.536031	5
201	0.628447	0.536721	5
201.5	0.590601	0.531706	6
202	0.692069	0.532362	6
202.5	0.572633	0.526208	8
203	0.664882	0.52665	7
203.5	0.680317	0.52717	7
204	0.724534	0.527825	7
204.5	0.60735	0.528248	6
205	0.660528	0.529052	5
205.5	0.644494	0.529445	6
206	0.646847	0.530276	5
206.5	0.624394	0.531138	4
207	0.506873	0.531713	4
207.5	0.476534	0.530782	6
208	0.645323	0.529814	7
208.5	0.661262	0.530469	6
209	0.683262	0.531142	6
209.5	0.618177	0.531711	6
210	0.830568	0.532432	6
210.5	0.681711	0.533286	5
211	0.647654	0.534182	4
211.5	0.514368	0.533231	5
212	0.643671	0.533955	5
212.5	0.506586	0.53457	4
213	0.510131	0.535175	4
213.5	0.50978	0.535779	4
214	0.509775	0.536402	4
214.5	0.51002	0.536998	4
215	0.509817	0.537613	4
215.5	0.5189	0.536714	5
216	0.475383	0.533124	6
216.5	0.637391	0.531977	7
217	0.64022	0.532387	7
217.5	0.65217	0.532805	7
218	0.723039	0.533292	7
218.5	0.658729	0.533866	6
219	0.628821	0.534005	7
219.5	0.703722	0.534484	7
220	0.68152	0.534897	7
220.5	1.30381	0.534117	8
221	0.672172	0.534667	6
221.5	0.61362	0.534805	7
222	0.636962	0.535166	7
222.5	0.697944	0.535592	7
223	0.682548	0.536041	7
223.5	0.60009	0.535582	8
224	0.672093	0.535979	7
224.5	0.707749	0.536901	4
225	0.382306	0.537295	3
225.5	0.382471	0.537689	3
226	0.416687	0.537863	4
226.5	0.509474	0.538426	4
227	0.524488	0.538394	5
227.5	0.626532	0.537666	6
228	0.589205	0.536995	6
228.5	0.740108	0.537576	6
229	0.589826	0.537067	5
229.5	0.5438	0.537572	4
230	0.511877	0.537891	4
230.5	0.254898	0.538082	2
231	0.254898	0.538272	2
231.5	0.254898	0.538462	2
232	0.254898	0.538651	2
232.5	0.254898	0.538839	2
233	0.267686	0.538292	3
233.5	0.382361	0.538625	3
234	0.255002	0.538855	2
234.5	0.254841	0.539083	2
235	0.257928	0.53769	3
235.5	0.389157	0.536167	4
236	0.382316	0.53655	3
236.5	0.384306	0.535196	4
237	0.510098	0.535731	4
237.5	0.516445	0.536282	4
238	0.515654	0.534712	6
238.5	0.69151	0.535306	6
239	0.625563	0.535734	6
239.5	0.609197	0.536161	6
240	0.645894	0.536656	6
240.5	0.653547	0.537153	6
241	0.680762	0.537751	5
241.5	0.643353	0.538128	6
242	0.693989	0.538699	6
242.5	0.640256	0.539325	5
243	0.748484	0.536408	4
243.5	0.271404	0.536123	3
244	0.382249	0.536393	3
244.5	0.277936	0.536207	3
245	0.380602	0.535942	4
245.5	0.127449	0.536048	1
246	0.13665	0.535466	2
246.5	0.258805	0.534627	3
247	0.280432	0.534603	3
247.5	0.254898	0.534856	2
248	0.254898	0.535126	2
248.5	0.254898	0.535377	2
249	0.254898	0.535627	2
249.5	0.261484	0.533652	3
250	0.269053	0.53317	3
250.5	0.381422	0.527792	4
251	0.379312	0.525133	5
251.5	0.638806	0.525682	5
252	0.557387	0.525522	6
252.5	0.64382	0.525997	5
253	0.382347	0.526391	3
253.5	0.388259	0.526484	4
254	0.509817	0.52701	4
254.5	0.50991	0.527521	4
255	0.509709	0.528047	4
255.5	0.50976	0.528555	4
256	0.393684	0.527667	4
256.5	0.559719	0.528102	5
257	0.63808	0.528675	5
257.5	0.637292	0.529257	5
258	0.632057	0.528029	6
258.5	0.5411	0.52825	5
259	0.511299	0.528639	4
259.5	0.382347	0.528983	3
260	0.382487	0.526426	4
260.5	0.279579	0.526356	3
261	0.382295	0.526702	3
261.5	0.381097	0.526633	4
262	0.509076	0.52615	5
262.5	0.63792	0.526737	5
263	0.668403	0.527209	5
263.5	0.510227	0.5276	4
264	0.382383	0.52796	3
264.5	0.382477	0.528319	3
265	0.382326	0.528677	3
265.5	0.382104	0.529033	3
266	0.382487	0.529403	3
266.5	0.381274	0.527841	4
267	0.509481	0.528326	4
267.5	0.507886	0.527491	5
268	0.639352	0.528072	5
268.5	0.286327	0.528253	3
269	0.429917	0.528663	4
269.5	0.509817	0.529186	4
270	0.382342	0.529608	3
270.5	0.432809	0.526012	6
271	0.709896	0.526593	6
271.5	0.509796	0.527066	4
272	0.509796	0.527556	4
272.5	0.509796	0.528025	4
273	0.509796	0.52837	4
273.5	0.382347	0.528686	3
274	0.382347	0.529015	3
274.5	0.384809	0.522934	4
275	0.509806	0.523363	4
275.5	0.511643	0.52371	4
276	0.381527	0.523426	4
276.5	0.508827	0.522784	5
277	0.635646	0.523343	5
277.5	0.587784	0.521258	6
278	0.723999	0.521789	6
278.5	0.59317	0.520769	5
279	0.610971	0.521145	6
279.5	0.648611	0.521617	6
280	0.675145	0.522114	6
280.5	0.647024	0.522673	5
281	0.647553	0.523215	5
281.5	0.762236	0.522499	6
282	0.576154	0.52267	6
282.5	0.684703	0.523165	6
283	0.623589	0.523593	6
283.5	0.727523	0.524104	6
284	0.629329	0.524508	6
284.5	0.685662	0.524376	7
285	0.631363	0.524683	7
285.5	0.696558	0.525081	7
286	0.674203	0.525442	7
286.5	0.688766	0.525899	6
287	0.591193	0.526273	6
287.5	0.654049	0.526888	5
288	0.676178	0.527514	5
288.5	0.487996	0.527103	7
289	0.735182	0.527508	7
289.5	0.62528	0.527925	6
290	0.62496	0.525401	5
290.5	0.640559	0.525682	6
291	0.753271	0.526204	6
291.5	0.66534	0.526766	5
292	0.752587	0.527394	5
292.5	0.451016	0.527668	4
293	0.388749	0.527298	4
293.5	0.570577	0.526881	6
294	0.637352	0.527414	5
294.5	0.640189	0.527954	5
295	0.501953	0.52733	5
295.5	0.477929	0.527477	5
296	0.640212	0.528012	5
296.5	0.633533	0.528524	5
297	0.642387	0.528981	5
297.5	0.509827	0.529378	4
298	0.509812	0.529773	4
298.5	0.510053	0.530145	4
299	0.400397	0.530133	4
299.5	0.383952	0.528638	4
300	0.382414	0.528968	3
300.5	0.382326	0.529296	3
301	0.382409	0.529639	3
301.5	0.389232	0.529322	4
302	0.502707	0.527532	6
302.5	0.641373	0.528051	5
303	0.633684	0.528564	5
303.5	0.638017	0.529069	5
304	0.631452	0.529107	6
304.5	0.71895	0.529655	6
305	0.647501	0.530206	5
305.5	0.509702	0.530674	4
306	0.509212	0.531126	4
306.5	0.531765	0.530925	5
307	0.382311	0.53117	3
307.5	0.315687	0.529637	4
308	0.510415	0.530021	4
308.5	0.50989	0.530402	4
309	0.509888	0.530791	4
309.5	0.510012	0.531171	4
310	0.515551	0.530475	5
310.5	0.620188	0.530887	5
311	0.518858	0.53072	5
311.5	0.646704	0.531192	5
312	0.382357	0.531504	3
312.5	0.382922	0.531283	4
313	0.521562	0.531271	5
313.5	0.50977	0.531625	4
314	0.383342	0.531899	3
314.5	0.382717	0.527412	4
315	0.497345	0.52583	6
315.5	0.626758	0.526196	6
316	0.708663	0.526635	6
316.5	0.64597	0.527219	4
317	0.586446	0.52758	4
317.5	0.390216	0.527091	4
318	0.511151	0.52742	4
318.5	0.401598	0.527434	4
319	0.512038	0.527774	4
319.5	0.414699	0.527828	4
320	0.50146	0.52818	4
320.5	0.509831	0.528548	4
321	0.387542	0.528799	3
321.5	0.254898	0.528958	2
322	0.25747	0.527801	3
322.5	0.385834	0.527698	4
323	0.516423	0.527096	5
323.5	0.619249	0.527035	6
324	0.681118	0.527438	6
324.5	0.88056	0.527883	6
325	0.682839	0.528368	5
325.5	0.524553	0.528743	4
326	0.509757	0.529103	4
326.5	0.470814	0.529173	5
327	0.586523	0.52912	6
327.5	0.604473	0.52671	6
328	0.668855	0.52694	7
328.5	0.611909	0.52733	6
329	0.655137	0.527716	6
329.5	0.586261	0.52605	5
330	0.636704	0.526558	5
330.5	0.512108	0.52683	5
331	0.509912	0.527192	4
331.5	0.254898	0.527357	2
332	0.152822	0.526153	3
332.5	0.382347	0.526437	3
333	0.382347	0.526675	3
333.5	0.254898	0.526893	2
334	0.254898	0.527124	2
334.5	0.254898	0.527311	2
335	0.127449	0.527361	1
335.5	0.101512	0.526038	3
336	0.273942	0.525524	3
336.5	0.278093	0.525573	3
337	0.384275	0.525843	3
337.5	0.140492	0.524355	3
338	0.239786	0.524407	3
338.5	0.256876	0.524605	2
339	0.254877	0.524788	2
339.5	0.268423	0.524203	3
340	0.387798	0.522624	4
340.5	0.510568	0.520862	5
341	0.630045	0.520746	6
341.5	0.664412	0.521135	6
342	0.627557	0.521563	5
342.5	0.657276	0.521925	6
343	0.583114	0.521562	6
343.5	0.695331	0.521991	6
344	0.55859	0.520813	6
344.5	0.602524	0.520866	6
345	0.706511	0.521282	6
345.5	0.625647	0.5217	6
346	0.586724	0.52167	7
346.5	0.661408	0.521937	7
347	0.741617	0.521478	8
347.5	0.667005	0.521775	7
348	0.735951	0.521885	8
348.5	0.644251	0.522104	7
349	0.619719	0.522167	8
349.5	0.687525	0.52248	7
350	0.645649	0.522808	6
350.5	0.860588	0.523162	7
351	0.605748	0.523744	4
351.5	0.64354	0.524311	4
352	0.392847	0.524617	3
352.5	0.254898	0.524807	2
353	0.254898	0.524951	2
353.5	0.158004	0.523401	4
354	0.543545	0.523626	5
354.5	0.60509	0.523995	5
355	0.605977	0.523642	6
355.5	0.714458	0.524064	6
356	0.655453	0.524513	5
356.5	0.651562	0.524949	5
357	0.529696	0.525367	4
357.5	0.520775	0.525087	5
358	0.638021	0.525521	5
358.5	0.515752	0.525772	4
359	0.254898	0.525963	2
359.5	0.265352	0.525992	3
360	0.255069	0.52522	3
360.5	0.390277	0.524565	4
361	0.486198	0.524859	4
361.5	0.506784	0.525185	4
362	0.5099	0.525505	4
362.5	0.509787	0.525824	4
363	0.508454	0.526098	4
363.5	0.382425	0.526374	3
364	0.382416	0.526576	3
364.5	0.254883	0.526754	2
365	0.269856	0.525019	4
365.5	0.50976	0.525381	4
366	0.510746	0.525726	4
366.5	0.382228	0.52598	3
367	0.382394	0.526233	3
367.5	0.259103	0.524987	3
368	0.264038	0.521608	4
368.5	0.382456	0.521871	3
369	0.389666	0.521316	4
369.5	0.382314	0.521543	3
370	0.254574	0.521174	3
370.5	0.384016	0.521368	3
371	0.255095	0.521498	2
371.5	0.156298	0.521414	2
372	0.274603	0.521354	3
372.5	0.382251	0.521582	3
373	0.15189	0.520723	3
373.5	0.382321	0.521027	3
374	0.402031	0.521146	4
374.5	0.413149	0.521208	4
375	0.509952	0.521564	4
375.5	0.491729	0.520905	5
376	0.509824	0.521215	4
376.5	0.254898	0.521329	2
377	0.127449	0.521432	1
377.5	0.127449	0.521508	1
378	0	0.521508	0
378.5	0.0225699	0.521281	1
379	0.127449	0.521372	1
379.5	0.134266	0.521	2
380	0.260136	0.520393	3
380.5	0.393948	0.517741	5
381	0.58998	0.513801	6
381.5	0.658589	0.514218	5
382	0.634457	0.514623	5
382.5	0.627177	0.51503	5
383	0.524279	0.515369	4
383.5	0.568306	0.515219	6
384	0.63597	0.51389	7
384.5	0.666603	0.514153	7
385	0.633038	0.514573	5
385.5	0.620149	0.514858	6
386	0.673241	0.515233	6
386.5	0.607703	0.514443	6
387	0.625171	0.514969	4
387.5	0.561395	0.515329	4
388	0.383384	0.515538	3
388.5	0.170057	0.515237	3
389	0.428089	0.514071	6
389.5	0.592863	0.514236	6
390	0.680306	0.514599	6
390.5	0.653425	0.515016	5
391	0.746492	0.51512	6
391.5	0.616574	0.51509	7
392	0.741088	0.515387	7
392.5	0.725012	0.515815	6
393	0.581242	0.516316	4
393.5	0.551067	0.516718	4
394	0.509896	0.517084	4
394.5	0.53856	0.517214	5
395	0.6369	0.517653	5
395.5	0.648811	0.518034	5
396	0.382295	0.518302	3
396.5	0.258708	0.518486	2
397	0.267132	0.517715	3
397.5	0.382648	0.517875	3
398	0.26616	0.517668	3
398.5	0.382347	0.517913	3
399	0.382488	0.51619	4
399.5	0.508738	0.516033	5
400	0.63665	0.51643	5
400.5	0.512735	0.516757	4
401	0.509625	0.517071	4
401.5	0.509915	0.517384	4
402	0.5112	0.517676	4
402.5	0.301084	0.517816	3
403	0.402486	0.517929	4
403.5	0.498231	0.516029	6
404	0.706951	0.516403	6
404.5	0.80921	0.516757	6
405	0.669554	0.517049	5
405.5	0.382167	0.517263	3
406	0.39988	0.517328	4
406.5	0.510391	0.517617	4
407	0.527991	0.516675	6
407.5	0.652452	0.517005	6
408	0.681331	0.517328	6
408.5	0.642209	0.517719	5
409	0.568112	0.517412	6
409.5	0.625021	0.517692	6
410	0.72515	0.518064	6
410.5	0.641027	0.515204	6
411	0.730277	0.515554	6
411.5	0.706696	0.515531	5
412	0.382347	0.515765	3
412.5	0.415654	0.515492	5
413	0.641035	0.515883	5
413.5	0.636673	0.516272	5
414	0.655575	0.516291	6
414.5	0.410407	0.515982	5
415	0.637951	0.516385	5
415.5	0.643366	0.516783	5
416	0.509866	0.517123	4
416.5	0.509408	0.517452	4
417	0.453283	0.517713	4
417.5	0.511817	0.517236	5
418	0.635715	0.517644	5
418.5	0.586056	0.517562	6
419	0.659805	0.517919	6
419.5	0.701654	0.518284	6
420	0.64727	0.517273	7
420.5	0.675477	0.517632	6
421	0.664541	0.517972	6
421.5	0.677813	0.518327	6
422	0.648505	0.518364	6
422.5	0.646698	0.518751	5
423	0.605821	0.51756	6
423.5	0.607945	0.517572	7
424	0.689715	0.517821	7
424.5	0.673732	0.518231	5
425	0.658567	0.518604	5
425.5	0.616671	0.518969	5
426	0.635539	0.519045	6
426.5	0.663879	0.519362	6
427	0.640489	0.519661	6
427.5	0.662215	0.519468	7
428	0.622941	0.519652	7
428.5	0.688129	0.519938	7
429	0.699591	0.520268	6
429.5	0.624263	0.520469	6
430	0.588652	0.519564	7
430.5	0.65566	0.519784	7
431	0.683387	0.520049	7
431.5	0.663401	0.520327	6
432	0.597639	0.520457	7
432.5	0.747619	0.520805	6
433	0.724692	0.521012	7
433.5	0.720989	0.521437	5
434	0.640816	0.521905	4
434.5	0.586258	0.522296	4
435	0.463878	0.522562	4
435.5	0.510332	0.522806	4
436	0.382583	0.523039	3
436.5	0.386945	0.52316	3
437	0.12951	0.522504	2
437.5	0.254898	0.522625	2
438	0.254898	0.522745	2
438.5	0.254898	0.522874	2
439	0.254898	0.522993	2
439.5	0.25471	0.5226	3
440	0.26913	0.521756	4
440.5	0.509835	0.52207	4
441	0.509972	0.522373	4
441.5	0.382503	0.5226	3
442	0.382347	0.522836	3
442.5	0.407258	0.521519	5
443	0.637414	0.521899	5
443.5	0.639965	0.52228	5
444	0.644534	0.522599	5
444.5	0.509948	0.522865	4
445	0.382218	0.523085	3
445.5	0.38242	0.523304	3
446	0.382638	0.523452	3
446.5	0.170116	0.523483	2
447	0.151935	0.519468	4
447.5	0.509838	0.519738	4
448	0.508143	0.519957	4
448.5	0.390046	0.519857	4
449	0.512403	0.520136	4
449.5	0.387152	0.52034	3
450	0.257835	0.517954	3
450.5	0.387668	0.517738	4
451	0.509419	0.517997	4
451.5	0.510943	0.518231	4
452	0.382306	0.51844	3
452.5	0.384159	0.517427	4
453	0.509786	0.517717	4
453.5	0.509806	0.518007	4
454	0.512577	0.517293	6
454.5	0.509705	0.517565	4
455	0.55611	0.517773	5
455.5	0.509713	0.518046	4
456	0.509751	0.518272	4
456.5	0.401243	0.518267	4
457	0.382238	0.518454	3
457.5	0.391538	0.518217	4
458	0.486837	0.515668	6
458.5	0.593001	0.515633	7
459	0.68002	0.515878	7
459.5	0.614418	0.516128	6
460	0.701121	0.51644	6
460.5	0.617174	0.516806	5
461	0.716278	0.517026	6
461.5	0.593004	0.517141	5
462	0.583629	0.517466	4
462.5	0.382477	0.517655	3
463	0.419478	0.517725	4
463.5	0.494286	0.516818	6
464	0.827348	0.517136	6
464.5	0.697824	0.517512	5
465	0.400682	0.517741	3
465.5	0.38842	0.51773	4
466	0.516204	0.517414	5
466.5	0.510315	0.517702	4
467	0.552592	0.517895	5
467.5	0.637748	0.51822	5
468	0.643736	0.518557	5
468.5	0.630425	0.518875	5
469	0.626994	0.518617	6
469.5	0.666069	0.518896	6
470	0.681919	0.519209	6
470.5	0.673844	0.518534	7
471	0.630703	0.518781	6
471.5	0.627711	0.519041	6
472	0.59913	0.51908	7
472.5	0.689959	0.519317	7
473	0.583426	0.518082	7
473.5	0.684948	0.518375	6
474	0.635352	0.518685	5
474.5	0.58173	0.519041	4
475	0.531724	0.519122	5
475.5	0.643696	0.519205	6
476	0.635948	0.519552	5
476.5	0.64228	0.519849	5
477	0.509827	0.520117	4
477.5	0.255448	0.520249	2
478	0.306056	0.520355	3
478.5	0.382337	0.520549	3
479	0.382202	0.520743	3
479.5	0.378128	0.520344	4
480	0.521808	0.520329	5
480.5	0.6409	0.520667	5
481	0.63687	0.521003	5
481.5	0.641465	0.52004	6
482	0.655984	0.52036	5
482.5	0.515039	0.520447	5
483	0.647193	0.519558	6
483.5	0.6378	0.519842	5
484	0.50941	0.520087	4
484.5	0.382386	0.520273	3
485	0.436098	0.520405	4
485.5	0.387543	0.52012	4
486	0.534939	0.52027	5
486.5	0.509718	0.520531	4
487	0.498859	0.520713	4
487.5	0.255022	0.520858	2
488	0.261986	0.520308	3
488.5	0.254898	0.520442	2
489	0.254898	0.520575	2
489.5	0.257119	0.519134	3
490	0.391256	0.51896	4
490.5	0.511937	0.518407	5
491	0.393522	0.51803	4
491.5	0.382347	0.518233	3
492	0.384057	0.517888	4
492.5	0.509881	0.518153	4
493	0.512301	0.518137	5
493.5	0.565501	0.518319	5
494	0.509869	0.518574	4
494.5	0.490722	0.517047	6
495	0.676569	0.51736	6
495.5	0.59972	0.517582	6
496	0.645663	0.517836	6
496.5	0.695652	0.518118	6
497	0.617152	0.518426	5
497.5	0.639363	0.51827	5
498	0.636694	0.518597	5
498.5	0.650048	0.518922	5
499	0.717179	0.519208	5
499.5	0.43873	0.519402	4
500	0.510091	0.51964	4
500.5	0.382316	0.519836	3
501	0.386114	0.51864	4
501.5	0.438646	0.518325	5
502	0.626244	0.517942	6
502.5	0.685326	0.518239	5
503	0.50986	0.51851	4
503.5	0.509641	0.518772	4
504	0.509687	0.519019	4
504.5	0.382352	0.519219	3
505	0.382586	0.519419	3
505.5	0.403449	0.518624	5
506	0.509905	0.518891	4
506.5	0.512176	0.519131	4
507	0.382233	0.519334	3
507.5	0.382379	0.519536	3
508	0.379297	0.51823	4
508.5	0.517286	0.518473	4
509	0.504371	0.51844	5
509.5	0.648506	0.518728	5
510	0.509579	0.518991	4
510.5	0.509816	0.519263	4
511	0.515594	0.518624	5
511.5	0.509827	0.518889	4
512	0.527557	0.519036	5
512.5	0.637143	0.519366	5
513	0.643211	0.519681	5
513.5	0.509858	0.519939	4
514	0.509782	0.520172	4
514.5	0.256353	0.519466	3
515	0.382347	0.519631	3
515.5	0.407171	0.518231	6
516	0.668077	0.518497	6
516.5	0.600146	0.518799	5
517	0.743747	0.519145	5
517.5	0.571687	0.518889	6
518	0.603538	0.519138	6
518.5	0.738773	0.519425	6
519	0.655256	0.519646	6
519.5	0.660156	0.519962	5
520	0.700522	0.520325	5
520.5	0.468812	0.518219	4
521	0.384182	0.518405	3
521.5	0.210254	0.518251	3
522	0.382264	0.518362	3
522.5	0.127449	0.518424	1
523	0.127449	0.518485	1
523.5	0.137753	0.518287	2
524	0.262757	0.517867	3
524.5	0.382278	0.518048	3
525	0.384255	0.517558	4
525.5	0.508284	0.516781	5
526	0.643891	0.517022	5
526.5	0.510334	0.516739	5
527	0.637513	0.517043	5
527.5	0.640232	0.517331	5
528	0.509386	0.516794	5
528.5	0.637072	0.517098	5
529	0.586188	0.516149	7
529.5	0.724112	0.516381	7
530	0.610139	0.51654	7
530.5	0.653422	0.516783	6
531	0.646882	0.517027	6
531.5	0.658081	0.517292	6
532	0.658932	0.517541	6
532.5	0.70548	0.51784	6
533	0.737258	0.518132	5
533.5	0.50693	0.518368	4
534	0.509863	0.5186	4
534.5	0.513844	0.517998	5
535	0.637218	0.518285	5
535.5	0.511056	0.518507	4
536	0.511042	0.518728	4
536.5	0.382389	0.518849	3
537	0.310507	0.518942	3
537.5	0.381135	0.519066	3
538	0.128877	0.518509	2
538.5	0.254898	0.518607	2
539	0.127449	0.518651	1
539.5	0.127449	0.518694	1
540	0.14849	0.51851	2
540.5	0.256633	0.517397	3
541	0.382314	0.517561	3
541.5	0.385614	0.51771	3
542	0.322072	0.516681	5
542.5	0.512769	0.516917	4
543	0.510335	0.517137	4
543.5	0.510338	0.517357	4
544	0.510195	0.517584	4
544.5	0.505501	0.517776	4
545	0.382198	0.517959	3
545.5	0.419449	0.516911	6
546	0.743766	0.516066	7
546.5	0.630874	0.516372	5
547	0.41403	0.516579	3
547.5	0.405279	0.516635	4
548	0.509667	0.51687	4
548.5	0.510249	0.517059	4
549	0.402073	0.515128	5
549.5	0.509193	0.515322	4
550	0.382249	0.515509	3
550.5	0.382451	0.515703	3
551	0.382356	0.515896	3
551.5	0.395269	0.515839	4
552	0.395671	0.515456	4
552.5	0.382347	0.515629	3
553	0.292501	0.515712	3
553.5	0.383702	0.515325	4
554	0.509786	0.515576	4
554.5	0.509672	0.515818	4
555	0.500549	0.514464	6
555.5	0.698893	0.514721	6
556	0.692675	0.514978	6
556.5	0.590291	0.514601	7
557	0.687725	0.514873	6
557.5	0.582912	0.514959	7
558	0.729204	0.515181	7
558.5	0.635767	0.515409	6
559	0.776677	0.515576	7
559.5	0.645128	0.515794	6
560	0.664545	0.516113	5
560.5	0.554635	0.514999	6
561	0.673073	0.515259	6
561.5	0.643144	0.515509	6
562	0.615836	0.515736	6
562.5	0.810162	0.516069	6
563	0.66863	0.516442	4
563.5	0.482241	0.516173	4
564	0.509863	0.516409	4
564.5	0.509742	0.516652	4
565	0.509718	0.516886	4
565.5	0.509994	0.517128	4
566	0.508752	0.51731	4
566.5	0.382456	0.517493	3
567	0.385258	0.516625	4
567.5	0.512754	0.516831	4
568	0.388563	0.516482	4
568.5	0.509796	0.516709	4
569	0.509796	0.516929	4
569.5	0.509796	0.517148	4
570	0.523278	0.517159	5
570.5	0.6409	0.517409	5
571	0.50926	0.517646	4
571.5	0.509915	0.517876	4
572	0.513344	0.51808	4
572.5	0.382347	0.518262	3
573	0.379081	0.517208	4
573.5	0.482014	0.515912	6
574	0.757214	0.516193	6
574.5	0.584166	0.515466	5
575	0.40293	0.514969	5
575.5	0.637023	0.515214	5
576	0.519196	0.515415	4
576.5	0.391798	0.515513	4
577	0.509957	0.51573	4
577.5	0.528352	0.515765	5
578	0.641753	0.516017	5
578.5	0.509796	0.516234	4
579	0.509806	0.516443	4
579.5	0.534139	0.516554	5
580	0.636507	0.516182	6
580.5	0.67065	0.516417	6
581	0.694194	0.516664	6
581.5	0.668439	0.516892	6
582	0.647488	0.517162	5
582.5	0.723031	0.517461	5
583	0.509874	0.517686	4
583.5	0.513131	0.516923	5
584	0.511755	0.51614	5
584.5	0.640846	0.516369	5
585	0.509729	0.516597	4
585.5	0.507985	0.516635	5
586	0.637236	0.516914	5
586.5	0.637481	0.517186	5
587	0.528335	0.517169	5
587.5	0.634398	0.517443	5
588	0.639709	0.517692	5
588.5	0.508972	0.517853	4
589	0.255397	0.517918	2
589.5	0.135058	0.517877	2
590	0.1439	0.517816	2
590.5	0.127449	0.517881	1
591	0.127449	0.51794	1
591.5	0.137052	0.51777	2
592	0.254981	0.517882	2
592.5	0.259495	0.517279	4
593	0.510445	0.517497	4
593.5	0.507986	0.517203	5
594	0.388815	0.517369	3
594.5	0.382647	0.516275	4
595	0.556285	0.516427	5
595.5	0.509773	0.516647	4
596	0.537214	0.515807	6
596.5	0.652352	0.51604	6
597	0.77044	0.516303	6
597.5	0.676197	0.516589	5
598	0.647354	0.516866	5
598.5	0.595441	0.516932	6
599	0.729278	0.517199	6
599.5	0.648774	0.517457	5
600	0.384131	0.515237	4
600.5	0.520406	0.515276	5
601	0.513255	0.51548	4
601.5	0.507055	0.515688	4
602	0.510346	0.51589	4
602.5	0.519287	0.516083	4
603	0.382275	0.516238	3
603.5	0.382404	0.516388	3
604	0.382156	0.516544	3
604.5	0.394432	0.516184	4
605	0.25905	0.51574	3
605.5	0.396659	0.515812	4
606	0.503906	0.51429	6
606.5	0.626016	0.514248	7
607	0.701068	0.514417	7
607.5	0.666595	0.514651	6
608	0.61678	0.514305	6
608.5	0.657822	0.514565	5
609	0.618992	0.514716	6
609.5	0.660631	0.514931	6
610	0.6757	0.51515	6
610.5	0.679067	0.515416	5
611	0.569726	0.515309	6
611.5	0.800108	0.515086	7
612	0.708357	0.515211	7
612.5	0.622173	0.515354	7
613	0.70232	0.515286	7
613.5	0.626536	0.515335	8
614	0.696953	0.515476	8
614.5	0.623982	0.515698	5
615	0.647882	0.516017	4
615.5	0.50285	0.516157	4
616	0.512573	0.516369	4
616.5	0.510014	0.516555	4
617	0.38229	0.516715	3
617.5	0.386511	0.516517	4
618	0.402122	0.516278	4
618.5	0.382301	0.516428	3
619	0.397864	0.516337	4
619.5	0.383695	0.516477	3
620	0.270544	0.516384	3
620.5	0.300137	0.516451	3
621	0.409094	0.516407	4
621.5	0.382368	0.516553	3
622	0.382389	0.516688	3
622.5	0.254898	0.516784	2
623	0.254898	0.516865	2
623.5	0.127449	0.516921	1
624	0.127449	0.516976	1
624.5	0.127953	0.51657	2
625	0.254857	0.516677	2
625.5	0.256148	0.516746	2
626	0.127449	0.516807	1
626.5	0.127449	0.516862	1
627	0.12865	0.515603	2
627.5	0.14386	0.51548	2
628	0.254898	0.515586	2
628.5	0.282573	0.514486	4
629	0.455621	0.514655	4
629.5	0.482457	0.513255	6
630	0.643673	0.51351	5
630.5	0.63452	0.513764	5
631	0.669871	0.514035	5
631.5	0.647925	0.51429	5
632	0.658028	0.514538	5
632.5	0.509672	0.514733	4
633	0.506188	0.513141	5
633.5	0.640107	0.513355	5
634	0.384757	0.513504	3
634.5	0.38258	0.513645	3
635	0.381659	0.513698	3
635.5	0	0.513698	0
636	0.0426379	0.513656	1
636.5	0.128516	0.512217	2
637	0.261649	0.512067	3
637.5	0.382356	0.512213	3
638	0.382363	0.51236	3
638.5	0.382435	0.512499	3
639	0.382316	0.512639	3
639.5	0.389315	0.511984	4
640	0.254898	0.512083	2
640.5	0.254975	0.511491	3
641	0.254769	0.5116	2
641.5	0.257157	0.511677	2
642	0.132765	0.511591	2
642.5	0.260923	0.510996	3
643	0.382254	0.511126	3
643.5	0.254981	0.511225	2
644	0.258525	0.510904	3
644.5	0.361857	0.509106	5
645	0.520789	0.509225	5
645.5	0.621425	0.509221	6
646	0.66946	0.509433	6
646.5	0.647485	0.509639	6
647	0.661979	0.509843	6
647.5	0.66721	0.510095	5
648	0.638106	0.510338	5
648.5	0.640732	0.510448	6
649	0.6315	0.510693	5
649.5	0.712343	0.510962	5
650	0.544879	0.509667	5
650.5	0.640014	0.509915	5
651	0.517675	0.509774	7
651.5	0.689135	0.509987	6
652	0.71796	0.510151	6
652.5	0.649288	0.51041	5
653	0.617212	0.509572	6
653.5	0.57457	0.509595	7
654	0.630992	0.509752	7
654.5	0.696207	0.509661	8
655	0.707582	0.50987	6
655.5	0.681544	0.510058	5
656	0.502445	0.510092	5
656.5	0.514096	0.510126	5
657	0.641356	0.510334	5
657.5	0.555261	0.510492	5
658	0.638287	0.510732	5
658.5	0.640004	0.51096	5
659	0.51608	0.510832	5
659.5	0.51413	0.511	4
660	0.254898	0.511094	2
660.5	0.294396	0.511151	3
661	0.428646	0.511021	5
661.5	0.580567	0.510718	6
662	0.642743	0.510911	6
662.5	0.707054	0.511121	6
663	0.785899	0.511386	6
663.5	0.71298	0.511522	4
664	0.265659	0.511212	3
664.5	0.379097	0.510519	4
665	0.51503	0.510685	4
665.5	0.382347	0.510837	3
666	0.382347	0.510988	3
666.5	0.391428	0.510884	4
667	0.509734	0.511087	4
667.5	0.509869	0.511283	4
668	0.509887	0.511485	4
668.5	0.5096	0.51168	4
669	0.509846	0.511864	4
669.5	0.380987	0.511267	4
670	0.51169	0.510875	5
670.5	0.619738	0.510571	6
671	0.645127	0.51077	6
671.5	0.622491	0.510994	4
672	0.382135	0.51113	3
672.5	0.418916	0.510319	5
673	0.539745	0.510375	5
673.5	0.515274	0.510194	5
674	0.635949	0.510277	6
674.5	0.65144	0.510519	5
675	0.651518	0.510754	5
675.5	0.512247	0.510935	4
676	0.382368	0.511081	3
676.5	0.390656	0.510799	4
677	0.51688	0.510813	5
677.5	0.525881	0.510736	5
678	0.510029	0.51093	4
678.5	0.510814	0.5111	4
679	0.382653	0.511228	3
679.5	0.135019	0.510865	2
680	0.262436	0.510386	3
680.5	0.382347	0.510526	3
681	0.382347	0.510665	3
681.5	0.382347	0.51081	3
682	0.382347	0.51093	3
682.5	0.254898	0.511023	2
683	0.254898	0.511111	2
683.5	0.254898	0.511199	2
684	0.254898	0.511293	2
684.5	0.273426	0.510326	4
685	0.50977	0.510505	4
685.5	0.509874	0.510689	4
686	0.515529	0.51029	5
686.5	0.51254	0.510439	4
687	0.256468	0.509597	3
687.5	0.266008	0.509298	3
688	0.382368	0.509449	3
688.5	0.382384	0.509601	3
689	0.38228	0.509745	3
689.5	0.38449	0.509556	4
690	0.382378	0.5097	3
690.5	0.382218	0.509844	3
691	0.382373	0.509988	3
691.5	0.382378	0.510131	3
692	0.386681	0.509713	4
692.5	0.514216	0.509429	5
693	0.655732	0.509613	5
693.5	0.39187	0.509422	4
694	0.421433	0.509515	4
694.5	0.382347	0.509664	3
695	0.382347	0.509807	3
695.5	0.382347	0.509951	3
696	0.272779	0.509849	3
696.5	0.129082	0.509004	2
697	0.254898	0.509103	2
697.5	0.261883	0.50903	3
698	0.254888	0.509124	2
698.5	0.257962	0.508688	3
699	0.382089	0.508819	3
699.5	0.388345	0.508009	5
700	0.635927	0.50823	5
700.5	0.637427	0.508457	5
701	0.637147	0.508199	6
701.5	0.638346	0.506355	6
702	0.63367	0.506576	5
702.5	0.637349	0.506802	5
703	0.669161	0.507004	5
703.5	0.508456	0.507165	4
704	0.382182	0.507287	3
704.5	0.254898	0.507379	2
705	0.269143	0.506655	4
705.5	0.509911	0.506838	4
706	0.509533	0.506746	5
706.5	0.509889	0.5069	4
707	0.389171	0.506533	4
707.5	0.521117	0.50646	5
708	0.515752	0.506639	4
708.5	0.526485	0.506666	5
709	0.501452	0.506811	4
709.5	0.382301	0.506938	3
710	0.382446	0.507066	3
710.5	0.385529	0.507182	3
711	0.254875	0.507272	2
711.5	0.275061	0.50728	3
712	0.256377	0.507365	2
712.5	0.127449	0.507408	1
713	0.135573	0.507092	2
713.5	0.254914	0.507182	2
714	0.25798	0.506258	3
714.5	0.3824	0.506402	3
715	0.382373	0.50654	3
715.5	0.38432	0.505964	4
716	0.436174	0.506054	4
716.5	0.386831	0.504988	5
717	0.339289	0.505095	3
717.5	0.426099	0.505165	4
718	0.382949	0.505284	3
718.5	0.296266	0.504813	4
719	0.557076	0.504965	5
719.5	0.630769	0.505182	5
720	0.644497	0.505397	5
720.5	0.511991	0.504401	5
721	0.638226	0.504614	5
721.5	0.563543	0.504647	6
722	0.635237	0.504309	7
722.5	0.787841	0.504536	6
723	0.647385	0.504722	6
723.5	0.658597	0.504939	6
724	0.622744	0.505113	6
724.5	0.584637	0.50443	6
725	0.646275	0.504669	5
725.5	0.650063	0.504904	5
726	0.718398	0.504987	6
726.5	0.635444	0.504995	6
727	0.74475	0.505214	6
727.5	0.652589	0.505444	5
728	0.649687	0.505667	5
728.5	0.780465	0.505507	6
729	0.517218	0.505694	4
729.5	0.391352	0.505639	4
730	0.509769	0.505793	4
730.5	0.382347	0.505877	3
731	0.127449	0.505922	1
731.5	0.127449	0.505966	1
732	0.127449	0.506015	1
732.5	0.127449	0.506059	1
733	0.133211	0.505893	2
733.5	0.271073	0.505359	4
734	0.382347	0.505484	3
734.5	0.254898	0.505553	2
735	0.137203	0.505277	2
735.5	0.257672	0.504846	3
736	0.409421	0.504909	4
736.5	0.513959	0.504178	5
737	0.513285	0.504357	4
737.5	0.522644	0.503587	6
738	0.657201	0.503814	5
738.5	0.635087	0.504034	5
739	0.623135	0.504132	6
739.5	0.672606	0.504336	6
740	0.642487	0.504565	5
740.5	0.564616	0.50478	4
741	0.510454	0.504943	4
741.5	0.473113	0.504475	5
742	0.629658	0.504006	6
742.5	0.679316	0.504209	6
743	0.612451	0.50438	6
743.5	0.672574	0.504589	6
744	0.675294	0.504798	6
744.5	0.580036	0.505031	4
745	0.50975	0.505213	4
745.5	0.487687	0.504385	6
746	0.647164	0.504567	6
746.5	0.681387	0.504757	6
747	0.647924	0.504946	6
747.5	0.632124	0.505123	6
748	0.717113	0.505356	5
748.5	0.721269	0.505581	5
749	0.590282	0.505813	4
749.5	0.516631	0.505837	5
750	0.637272	0.506035	5
750.5	0.447417	0.506125	4
751	0.399945	0.50608	4
751.5	0.418912	0.506168	4
752	0.537538	0.506201	5
752.5	0.394614	0.506279	4
753	0.523722	0.505651	6
753.5	0.637941	0.505842	5
754	0.511465	0.50512	5
754.5	0.509888	0.505295	4
755	0.51271	0.505434	4
755.5	0.382347	0.505562	3
756	0.405313	0.505408	5
756.5	0.517835	0.505223	5
757	0.628864	0.50544	5
757.5	0.637804	0.50566	5
758	0.662913	0.50532	7
758.5	0.509884	0.505467	4
759	0.384142	0.505593	3
759.5	0.345892	0.505581	4
760	0.546399	0.505644	5
760.5	0.382622	0.505773	3
761	0.382269	0.505908	3
761.5	0.380293	0.506026	3
762	0.260744	0.505381	3
762.5	0.379594	0.505506	3
763	0.382487	0.505627	3
763.5	0.393422	0.505611	4
764	0.509844	0.505774	4
764.5	0.5026	0.5054	5
765	0.493299	0.505536	4
765.5	0.382283	0.505667	3
766	0.382347	0.505792	3
766.5	0.405447	0.505324	5
767	0.563085	0.505478	5
767.5	0.607232	0.504868	6
768	0.700216	0.505059	6
768.5	0.640753	0.505267	5
769	0.64749	0.505477	5
769.5	0.729248	0.505567	6
770	0.506702	0.505738	4
770.5	0.512072	0.505887	4
771	0.416021	0.505097	5
771.5	0.648912	0.505295	5
772	0.281278	0.505224	3
772.5	0.389256	0.504719	4
773	0.39085	0.504646	4
773.5	0.385671	0.504741	3
774	0.254774	0.504828	2
774.5	0.257075	0.504901	2
775	0.149393	0.504609	3
775.5	0.254898	0.504684	2
776	0.254898	0.504763	2
776.5	0.283407	0.504744	3
777	0.254898	0.504803	2
777.5	0.130036	0.504409	2
778	0.260927	0.503978	3
778.5	0.258035	0.50393	3
779	0.390355	0.503641	4
779.5	0.382435	0.503774	3
780	0.382249	0.503879	3
780.5	0.254976	0.503963	2
781	0.254784	0.504047	2
781.5	0.254893	0.504131	2
782	0.254955	0.504214	2
782.5	0.260676	0.504107	3
783	0.382575	0.504239	3
783.5	0.385114	0.504371	3
784	0.382352	0.504481	3
784.5	0.254981	0.504563	2
785	0.254815	0.504645	2
785.5	0.260863	0.50392	3
786	0.387281	0.504023	3
786.5	0.254877	0.504101	2
787	0.258401	0.503534	3
787.5	0.382357	0.503655	3
788	0.3841	0.502492	4
788.5	0.510066	0.502654	4
789	0.471403	0.502793	4
789.5	0.502237	0.501728	6
790	0.645165	0.501939	5
790.5	0.634753	0.502142	5
791	0.624205	0.502317	5
791.5	0.518697	0.502361	5
792	0.637687	0.502563	5
792.5	0.637069	0.502759	5
793	0.41736	0.502311	5
793.5	0.660224	0.50244	6
794	0.639295	0.502652	5
794.5	0.585412	0.502569	6
795	0.741457	0.502617	7
795.5	0.663823	0.502786	6
796	0.818566	0.503015	6
796.5	0.580364	0.50322	4
797	0.509802	0.503373	4
797.5	0.41021	0.503366	4
798	0.274399	0.503319	3
798.5	0.409803	0.503372	4
799	0.509954	0.50349	4
799.5	0.382783	0.503574	3
800	0.184996	0.503608	2
800.5	0.255038	0.503691	2
801	0.254916	0.503774	2
801.5	0.254769	0.503852	2
802	0.255022	0.503862	2
802.5	0.00301139	0.503272	1
803	0.135837	0.503011	2
803.5	0.254898	0.503086	2
804	0.208806	0.503131	2
804.5	0.259257	0.502728	3
805	0.381597	0.500491	4
805.5	0.440776	0.500103	5
806	0.636322	0.50031	5
806.5	0.636457	0.50051	5
807	0.573951	0.49999	6
807.5	0.670923	0.500176	6
808	0.660245	0.499378	8
808.5	0.609577	0.499548	5
809	0.624283	0.499773	4
809.5	0.509708	0.499934	4
810	0.509992	0.50009	4
810.5	0.385445	0.500211	3
811	0.382337	0.500325	3
811.5	0.382624	0.500443	3
812	0.382207	0.500557	3
812.5	0.410527	0.500188	5
813	0.553488	0.50033	5
813.5	0.642323	0.500505	5
814	0.512009	0.500199	6
814.5	0.582754	0.499874	7
815	0.664969	0.500013	7
815.5	0.716925	0.500161	7
816	0.689357	0.500373	5
816.5	0.731798	0.500016	5
817	0.547058	0.500077	5
817.5	0.640366	0.500254	5
818	0.511761	0.500354	5
818.5	0.51682	0.500522	4
819	0.510019	0.500683	4
819.5	0.382608	0.500808	3
820	0.382347	0.500927	3
820.5	0.382347	0.501047	3
821	0.382347	0.501171	3
821.5	0.382347	0.50129	3
822	0.382347	0.501409	3
822.5	0.382347	0.501523	3
823	0.254898	0.501599	2
823.5	0.133102	0.501128	2
824	0.25481	0.501211	2
824.5	0.261225	0.500585	3
825	0.376325	0.500158	4
825.5	0.483183	0.499662	5
826	0.640602	0.499863	5
826.5	0.59677	0.500021	5
827	0.512498	0.500179	4
827.5	0.444475	0.500293	4
828	0.388125	0.500001	4
828.5	0.51487	0.499467	5
829	0.382347	0.499565	3
829.5	0.140003	0.499009	3
830	0.420372	0.499061	4
830.5	0.451838	0.499158	4
831	0.382373	0.499277	3
831.5	0.392129	0.499136	4
832	0.509626	0.49925	4
832.5	0.384786	0.498943	4
833	0.509827	0.499093	4
833.5	0.509739	0.499249	4
834	0.510217	0.499058	5
834.5	0.513921	0.499215	4
835	0.509666	0.499353	4
835.5	0.392887	0.499074	4
836	0.506299	0.498909	5
836.5	0.619772	0.498662	6
837	0.654551	0.498831	6
837.5	0.658829	0.499043	5
838	0.577486	0.498987	6
838.5	0.63934	0.499181	5
839	0.771554	0.499317	6
839.5	0.628948	0.499548	4
840	0.554064	0.499719	4
840.5	0.513617	0.499835	4
841	0.38256	0.499949	3
841.5	0.382337	0.500059	3
842	0.382048	0.499635	4
842.5	0.511516	0.499771	4
843	0.254929	0.499848	2
843.5	0.260531	0.499646	3
844	0.254986	0.499721	2
844.5	0.254867	0.499796	2
845	0.254924	0.499875	2
845.5	0.274471	0.499845	3
846	0.385204	0.499965	3
846.5	0.380816	0.500071	3
847	0.254965	0.500149	2
847.5	0.25494	0.500227	2
848	0.258988	0.499971	3
848.5	0.389096	0.499314	5
849	0.514767	0.498737	5
849.5	0.622249	0.498846	6
850	0.605051	0.499034	5
850.5	0.693531	0.499254	5
851	0.565947	0.498361	6
851.5	0.382176	0.498478	3
852	0.382275	0.498595	3
852.5	0.412995	0.498662	4
853	0.50962	0.498824	4
853.5	0.511702	0.498087	5
854	0.644693	0.498274	5
854.5	0.509727	0.498403	4
855	0.400814	0.498467	4
855.5	0.509646	0.498623	4
856	0.516182	0.498461	5
856.5	0.626179	0.498225	6
857	0.654297	0.498393	6
857.5	0.705205	0.498581	6
858	0.525501	0.498243	6
858.5	0.649506	0.498405	6
859	0.639496	0.498569	6
859.5	0.547777	0.498602	6
860	0.672933	0.498728	7
860.5	0.66586	0.498935	5
861	0.646383	0.499166	4
861.5	0.644264	0.499398	4
862	0.578338	0.499591	4
862.5	0.509589	0.49974	4
863	0.525244	0.499727	5
863.5	0.63469	0.499919	5
864	0.635614	0.499835	6
864.5	0.67917	0.500013	6
865	0.63792	0.500209	5
865.5	0.655584	0.500074	6
866	0.647737	0.500275	5
866.5	0.60478	0.499465	6
867	0.585139	0.499404	7
867.5	0.64411	0.499412	7
868	0.783123	0.499578	6
868.5	0.697956	0.499783	5
869	0.26479	0.499861	2
869.5	0.282347	0.499656	4
870	0.514396	0.499712	5
870.5	0.612253	0.499752	6
871	0.644123	0.499906	6
871.5	0.645423	0.500063	6
872	0.685401	0.500299	4
872.5	0.431151	0.500397	4
873	0.509782	0.500211	5
873.5	0.637516	0.500399	5
874	0.639649	0.500587	5
874.5	0.511752	0.500748	4
875	0.509424	0.500902	4
875.5	0.52753	0.500912	5
876	0.423861	0.501006	4
876.5	0.512755	0.501159	4
877	0.506211	0.501291	4
877.5	0.382393	0.501404	3
878	0.385577	0.50149	3
878.5	0.260146	0.501378	3
879	0.254929	0.501448	2
879.5	0.256751	0.500975	3
880	0.385792	0.500282	4
880.5	0.49821	0.500421	4
881	0.385771	0.499648	5
881.5	0.648146	0.49948	7
882	0.650899	0.499585	7
882.5	0.661206	0.49974	6
883	0.625902	0.499923	5
883.5	0.658551	0.500117	5
884	0.657069	0.500311	5
884.5	0.536532	0.500087	6
885	0.758049	0.500304	5
885.5	0.475702	0.500418	4
886	0.514349	0.500306	5
886.5	0.573233	0.50045	5
887	0.590997	0.500463	6
887.5	0.641068	0.500609	6
888	0.753244	0.50079	6
888.5	0.55838	0.500961	4
889	0.433048	0.501019	4
889.5	0.379075	0.500613	4
890	0.509512	0.500729	4
890.5	0.399918	0.500465	5
891	0.509823	0.500612	4
891.5	0.512732	0.500756	4
892	0.488187	0.500871	4
892.5	0.392644	0.500719	4
893	0.422101	0.500732	5
893.5	0.636788	0.500917	5
894	0.646906	0.501076	5
894.5	0.338995	0.50089	4
895	0.509884	0.501031	4
895.5	0.512497	0.501065	5
896	0.64377	0.500672	6
896.5	0.499332	0.500787	4
897	0.431858	0.500677	5
897.5	0.632085	0.500854	5
898	0.634282	0.501026	5
898.5	0.657858	0.501168	5
899	0.482307	0.501268	4
899.5	0.382383	0.50137	3
900	0.382285	0.501471	3
900.5	0.383768	0.500821	4
901	0.509727	0.50096	4
901.5	0.514313	0.500873	5
902	0.599781	0.500665	6
902.5	0.625244	0.500808	6
903	0.687131	0.500967	6
903.5	0.645112	0.501106	6
904	0.621752	0.501241	6
904.5	0.687632	0.500887	7
905	0.599254	0.500982	7
905.5	0.638916	0.500661	8
906	0.695241	0.500823	6
906.5	0.655068	0.501046	4
907	0.577413	0.501195	4
907.5	0.382342	0.501295	3
908	0.319006	0.501054	5
908.5	0.509853	0.501191	4
909	0.525939	0.501146	5
909.5	0.586899	0.501126	6
910	0.695362	0.501285	6
910.5	0.630104	0.501172	6
911	0.58683	0.501338	5
911.5	0.650912	0.501527	5
912	0.648803	0.501714	5
912.5	0.61237	0.501765	6
913	0.553273	0.501907	4
913.5	0.413573	0.501968	4
914	0.382347	0.502077	3
914.5	0.382347	0.502191	3
915	0.382347	0.5023	3
915.5	0.382347	0.502413	3
916	0.382347	0.502522	3
916.5	0.382347	0.502607	3
917	0.254898	0.502679	2
917.5	0.254898	0.50275	2
918	0.254898	0.502821	2
918.5	0.254898	0.502897	2
919	0.259726	0.502578	3
919.5	0.383698	0.501943	4
920	0.382244	0.502051	3
920.5	0.415236	0.501851	5
921	0.641861	0.502024	5
921.5	0.515357	0.501343	5
922	0.637407	0.501512	5
922.5	0.509682	0.50165	4
923	0.509431	0.501766	4
923.5	0.382585	0.501873	3
924	0.385548	0.501985	3
924.5	0.379479	0.502096	3
925	0.393278	0.502007	4
925.5	0.254898	0.502081	2
926	0.25279	0.501019	4
926.5	0.385161	0.500247	4
927	0.491496	0.500356	4
927.5	0.382347	0.50046	3
928	0.382301	0.500565	3
928.5	0.382357	0.500673	3
929	0.395485	0.500029	5
929.5	0.510545	0.500165	4
930	0.383161	0.500277	3
930.5	0.38211	0.500388	3
931	0.386724	0.500487	3
931.5	0.27141	0.499897	5
932	0.514982	0.500034	4
932.5	0.385515	0.500136	3
933	0.397907	0.500166	4
933.5	0.509687	0.500308	4
934	0.508564	0.499921	5
934.5	0.637224	0.500099	5
935	0.643889	0.500278	5
935.5	0.635897	0.500426	5
936	0.391669	0.500265	4
936.5	0.418647	0.50036	4
937	0.509905	0.500501	4
937.5	0.497957	0.49951	6
938	0.709037	0.499685	6
938.5	0.646185	0.499869	5
939	0.654458	0.500041	5
939.5	0.509672	0.500189	4
940	0.500807	0.49991	6
940.5	0.712847	0.500089	6
941	0.605448	0.500214	6
941.5	0.686831	0.500401	5
942	0.586756	0.500504	6
942.5	0.742509	0.500675	6
943	0.634708	0.50088	4
943.5	0.444667	0.500959	4
944	0.549273	0.50104	5
944.5	0.382399	0.501144	3
945	0.385144	0.501234	3
945.5	0.269003	0.501136	3
946	0.382311	0.501235	3
946.5	0.42165	0.501149	5
947	0.642309	0.501267	5
947.5	0.307921	0.500748	4
948	0.559926	0.500792	5
948.5	0.525227	0.500848	5
949	0.64211	0.500988	5
949.5	0.520736	0.501002	5
950	0.385233	0.501108	3
950.5	0.390313	0.501094	4
951	0.382399	0.501198	3
951.5	0.383597	0.501271	3
952	0.254898	0.50134	2
952.5	0.264665	0.501316	3
953	0.267077	0.501231	3
953.5	0.234133	0.500413	5
954	0.643462	0.500587	5
954.5	0.632147	0.500758	5
955	0.584122	0.499579	6
955.5	0.66012	0.499731	6
956	0.684259	0.499914	5
956.5	0.524144	0.50004	4
957	0.389266	0.499707	4
957.5	0.382403	0.499807	3
958	0.396468	0.499824	4
958.5	0.509598	0.499957	4
959	0.510616	0.500093	4
959.5	0.509892	0.500225	4
960	0.522657	0.500115	5
960.5	0.626384	0.500259	5
961	0.509902	0.500391	4
961.5	0.51369	0.500502	4
962	0.254795	0.500565	2
962.5	0.25495	0.500629	2
963	0.2548	0.500693	2
963.5	0.25495	0.500761	2
964	0.266936	0.499857	4
964.5	0.512528	0.499963	4
965	0.267256	0.499846	3
965.5	0.381537	0.499376	4
966	0.531751	0.499435	5
966.5	0.637495	0.499604	5
967	0.64165	0.499403	6
967.5	0.705891	0.499561	6
968	0.631786	0.499678	6
968.5	0.68884	0.499829	6
969	0.693061	0.500008	5
969.5	0.618764	0.500196	4
970	0.509832	0.499513	5
970.5	0.634601	0.499676	5
971	0.625212	0.499702	6
971.5	0.62365	0.499867	5
972	0.632792	0.499576	6
972.5	0.713516	0.499733	6
973	0.709017	0.499923	5
973.5	0.535887	0.499995	5
974	0.646813	0.500161	5
974.5	0.518652	0.500264	4
975	0.382248	0.500364	3
975.5	0.382338	0.500463	3
976	0.336603	0.500083	4
976.5	0.519039	0.499883	6
977	0.643427	0.500024	6
977.5	0.668149	0.500173	6
978	0.631082	0.500303	6
978.5	0.725444	0.500461	6
979	0.586006	0.499799	8
979.5	0.638936	0.499969	5
980	0.612882	0.500124	5
980.5	0.707455	0.500304	5
981	0.68556	0.500349	6
981.5	0.257618	0.500241	3
982	0.382579	0.500346	3
982.5	0.382087	0.500451	3
983	0.38559	0.500544	3
983.5	0.264009	0.500476	3
984	0.410105	0.500521	4
984.5	0.382347	0.500606	3
985	0.127449	0.50064	1
985.5	0.146692	0.500123	3
986	0.386791	0.499795	4
986.5	0.516669	0.499818	5
987	0.635735	0.499981	5
987.5	0.641523	0.500135	5
988	0.529925	0.50006	6
988.5	0.694236	0.500211	6
989	0.623207	0.500385	5
989.5	0.6416	0.500556	5
990	0.675909	0.500736	5
990.5	0.657518	0.500912	5
991	0.612934	0.500902	6
991.5	0.680912	0.501074	5
992	0.599839	0.501223	4
992.5	0.385211	0.500789	4
993	0.511346	0.500911	4
993.5	0.399195	0.500895	4
994	0.527058	0.500932	5
994.5	0.637385	0.501103	5
995	0.63522	0.501249	5
995.5	0.382361	0.501353	3
996	0.38701	0.500549	4
996.5	0.509924	0.500681	4
997	0.536755	0.500748	5
997.5	0.586673	0.500757	6
998	0.538971	0.50048	7
998.5	0.65004	0.500656	5
999	0.612373	0.500766	6
999.5	0.61873	0.500819	7
1000	0.62852	0.500963	4
1000.5	0.382332	0.501061	3
1001	0.400383	0.500447	6
1001.5	0.663841	0.500586	6
1002	0.678752	0.500722	6
1002.5	0.628533	0.500884	5
1003	0.644528	0.50105	5
1003.5	0.632357	0.501212	5
1004	0.574658	0.501131	5
1004.5	0.63952	0.501297	5
1005	0.647483	0.501459	5
1005.5	0.673202	0.501626	5
1006	0.632491	0.501785	5
1006.5	0.663079	0.501951	5
1007	0.661198	0.502118	5
1007.5	0.526283	0.501824	5
1008	0.638102	0.50199	5
1008.5	0.646552	0.501865	6
1009	0.515678	0.501587	5
1009.5	0.635914	0.501702	6
1010	0.735164	0.501862	6
1010.5	0.576214	0.501893	6
1011	0.785958	0.502061	6
1011.5	0.617635	0.502192	5
1012	0.621692	0.502223	6
1012.5	0.763836	0.502394	6
1013	0.534535	0.50243	5
1013.5	0.640271	0.50259	5
1014	0.645025	0.502739	5
1014.5	0.511337	0.502862	4
1015	0.38228	0.502957	3
1015.5	0.425998	0.503035	4
1016	0.513401	0.502962	5
1016.5	0.638555	0.503118	5
1017	0.50991	0.503246	4
1017.5	0.509801	0.503374	4
1018	0.50977	0.503487	4
1018.5	0.382301	0.503584	3
1019	0.333719	0.503658	3
1019.5	0.382347	0.503747	3
1020	0.280505	0.503361	4
1020.5	0.509895	0.503482	4
1021	0.386652	0.503203	4
1021.5	0.516101	0.503053	5
1022	0.509687	0.503182	4
1022.5	0.512591	0.503299	4
1023	0.425147	0.503362	4
1023.5	0.419784	0.503263	5
1024	0.626627	0.503036	6
1024.5	0.638288	0.503201	5
1025	0.639497	0.503363	5
1025.5	0.638887	0.503528	5
1026	0.596458	0.503567	6
1026.5	0.681494	0.503504	7
1027	0.631669	0.503659	4
1027.5	0.38228	0.503756	3
1028	0.382389	0.503856	3
1028.5	0.382321	0.503952	3
1029	0.385348	0.50389	4
1029.5	0.512857	0.504007	4
1030	0.382389	0.504094	3
1030.5	0.259679	0.504095	3
1031	0.38139	0.503945	4
1031.5	0.509864	0.504064	4
1032	0.387567	0.504152	3
1032.5	0.306119	0.503857	4
1033	0.434149	0.503943	4
1033.5	0.510378	0.504051	4
1034	0.382347	0.504146	3
1034.5	0.393537	0.504114	4
1035	0.512415	0.502248	6
1035.5	0.622239	0.502401	5
1036	0.63958	0.502559	5
1036.5	0.644074	0.502717	5
1037	0.626059	0.502462	6
1037.5	0.604529	0.502614	5
1038	0.521315	0.502746	4
1038.5	0.50433	0.50287	4
1039	0.513297	0.502984	4
1039.5	0.382342	0.503073	3
1040	0.385097	0.503002	4
1040.5	0.510578	0.503122	4
1041	0.388174	0.503218	3
1041.5	0.378812	0.503306	3
1042	0.382347	0.5034	3
1042.5	0.390913	0.503384	4
1043	0.510098	0.503491	4
1043.5	0.382741	0.503576	3
1044	0.266704	0.502867	4
1044.5	0.506525	0.501983	5
1045	0.648698	0.502086	5
1045.5	0.33964	0.502043	4
1046	0.485586	0.502147	4
1046.5	0.412765	0.502191	4
1047	0.40792	0.502258	4
1047.5	0.510912	0.50237	4
1048	0.382402	0.502467	3
1048.5	0.297209	0.502318	4
1049	0.512552	0.502438	4
1049.5	0.382295	0.50253	3
1050	0.383316	0.501775	5
1050.5	0.624708	0.50142	6
1051	0.66163	0.501555	6
1051.5	0.613422	0.501548	6
1052	0.701011	0.501652	7
1052.5	0.622313	0.501752	6
1053	0.918358	0.501924	6
1053.5	0.529267	0.502001	6
1054	0.655305	0.502131	6
1054.5	0.685188	0.501725	7
1055	0.680384	0.501832	7
1055.5	0.628895	0.501986	5
1056	0.647642	0.502094	6
1056.5	0.326316	0.502192	2
1057	0.264629	0.502132	3
1057.5	0.254898	0.502195	2
1058	0.254898	0.502259	2
1058.5	0.254898	0.502322	2
1059	0.267776	0.502055	4
1059.5	0.509796	0.502182	4
1060	0.50976	0.502306	4
1060.5	0.511211	0.502167	5
1061	0.382482	0.502258	3
1061.5	0.414923	0.502313	4
1062	0.385067	0.501989	4
1062.5	0.379516	0.501515	4
1063	0.521886	0.501265	5
1063.5	0.509912	0.501385	4
1064	0.412592	0.501338	4
1064.5	0.245536	0.501398	2
1065	0.25648	0.501142	3
1065.5	0.260758	0.501061	3
1066	0.404487	0.501101	4
1066.5	0.5096	0.501223	4
1067	0.384954	0.501316	3
1067.5	0.334456	0.501389	3
1068	0.382295	0.501485	3
1068.5	0.388039	0.5012	4
1069	0.514652	0.501022	5
1069.5	0.636303	0.501173	5
1070	0.636268	0.501321	5
1070.5	0.637878	0.501473	5
1071	0.636488	0.50162	5
1071.5	0.512679	0.501353	5
1072	0.517035	0.501211	5
1072.5	0.640225	0.50135	5
1073	0.513131	0.501477	4
1073.5	0.512334	0.501582	4
1074	0.254997	0.501645	2
1074.5	0.254852	0.501708	2
1075	0.258061	0.501748	2
1075.5	0.010101	0.501598	1
1076	0	0.501598	0
1076.5	0	0.501598	0
1077	0	0.501598	0
1077.5	0	0.501598	0
1078	0	0.501598	0
1078.5	0.0122141	0.501428	1
1079	0.133123	0.500362	3
1079.5	0.387952	0.499955	4
1080	0.509523	0.500078	4
1080.5	0.509905	0.500202	4
1081	0.515004	0.499919	5
1081.5	0.506481	0.499482	5
1082	0.637582	0.499633	5
1082.5	0.634645	0.499763	5
1083	0.562992	0.499878	5
1083.5	0.635968	0.500024	5
1084	0.641878	0.50016	5
1084.5	0.509915	0.500275	4
1085	0.401922	0.499785	5
1085.5	0.636105	0.499936	5
1086	0.63344	0.499817	6
1086.5	0.720107	0.499968	6
1087	0.669268	0.500112	5
1087.5	0.509997	0.500222	4
1088	0.391964	0.500237	4
1088.5	0.403167	0.500305	4
1089	0.520137	0.500307	5
1089.5	0.511979	0.499532	5
1090	0.637682	0.499529	6
1090.5	0.753926	0.499685	6
1091	0.575229	0.49981	5
1091.5	0.635274	0.49996	5
1092	0.639807	0.500093	5
1092.5	0.519909	0.500084	5
1093	0.510138	0.500202	4
1093.5	0.509719	0.500324	4
1094	0.509832	0.500442	4
1094.5	0.511306	0.500538	4
1095	0.386408	0.500286	4
1095.5	0.396483	0.50021	4
1096	0.444092	0.500277	4
1096.5	0.40301	0.499617	5
1097	0.491405	0.499709	4
1097.5	0.382251	0.499779	3
1098	0.264475	0.499556	3
1098.5	0.284188	0.499549	3
1099	0.395751	0.499577	4
1099.5	0.509843	0.499699	4
1100	0.509781	0.499818	4
1100.5	0.517946	0.499749	5
1101	0.637656	0.499901	5
1101.5	0.636452	0.500049	5
1102	0.581703	0.49994	6
1102.5	0.550513	0.499679	7
1103	0.689285	0.49978	7
1103.5	0.697713	0.499892	7
1104	0.60018	0.500035	5
1104.5	0.654801	0.499597	6
1105	0.660641	0.499724	6
1105.5	0.682136	0.499854	6
1106	0.616929	0.499841	7
1106.5	0.603287	0.499952	6
1107	0.661253	0.500051	6
1107.5	0.67796	0.500209	5
1108	0.644354	0.50039	4
1108.5	0.5572	0.500526	4
1109	0.509838	0.50064	4
1109.5	0.510406	0.500732	4
1110	0.260939	0.500452	3
1110.5	0.410514	0.500508	4
1111	0.52849	0.500368	6
1111.5	0.63799	0.500515	5
1112	0.636323	0.500662	5
1112.5	0.639815	0.500778	5
1113	0.382389	0.500863	3
1113.5	0.39642	0.50084	4
1114	0.509594	0.500959	4
1114.5	0.509872	0.501056	4
1115	0.254898	0.501119	2
1115.5	0.268601	0.501015	3
1116	0.293219	0.500556	4
1116.5	0.520644	0.500573	5
1117	0.654697	0.500636	6
1117.5	0.599141	0.500524	6
1118	0.680196	0.500671	5
1118.5	0.509962	0.50079	4
1119	0.52996	0.500842	5
1119.5	0.262282	0.500787	3
1120	0.41177	0.500831	4
1120.5	0.516342	0.500717	6
1121	0.644645	0.500865	5
1121.5	0.659008	0.501008	5
1122	0.509744	0.501121	4
1122.5	0.510139	0.501233	4
1123	0.518696	0.501227	5
1123.5	0.632927	0.501104	6
1124	0.640116	0.501248	5
1124.5	0.637108	0.501388	5
1125	0.638978	0.501532	5
1125.5	0.519789	0.50165	4
1126	0.509892	0.501765	4
1126.5	0.509858	0.501877	4
1127	0.51832	0.501799	5
1127.5	0.385158	0.500576	5
1128	0.640918	0.500718	5
1128.5	0.516232	0.500839	4
1129	0.544728	0.500794	6
1129.5	0.679685	0.500923	6
1130	0.583022	0.500599	6
1130.5	0.683194	0.500732	6
1131	0.609385	0.500586	7
1131.5	0.608141	0.500658	7
1132	0.615792	0.500663	8
1132.5	0.733033	0.500754	8
1133	0.69272	0.500817	8
1133.5	0.651856	0.500904	7
1134	0.601494	0.50104	5
1134.5	0.623991	0.501179	5
1135	0.603637	0.501145	7
1135.5	0.711876	0.501282	6
1136	0.616691	0.501301	6
1136.5	0.689244	0.501457	5
1137	0.580926	0.501602	4
1137.5	0.528356	0.50162	5
1138	0.629769	0.501736	5
1138.5	0.379695	0.501532	5
1139	0.536751	0.501602	5
1139.5	0.509398	0.501693	4
1140	0.442108	0.501559	5
1140.5	0.636415	0.501699	5
1141	0.6429	0.501814	5
1141.5	0.385176	0.501886	3
1142	0.335909	0.501958	3
1142.5	0.399566	0.501732	5
1143	0.643798	0.501878	5
1143.5	0.58015	0.501771	6
1144	0.543681	0.501716	7
1144.5	0.748659	0.501844	7
1145	0.640519	0.501909	7
1145.5	1.40894	0.502063	7
1146	0.485506	0.502178	3
1146.5	0.25494	0.502239	2
1147	0.254991	0.502296	2
1147.5	0.283361	0.502305	3
1148	0.385312	0.501896	4
1148.5	0.509686	0.502012	4
1149	0.510014	0.502129	4
1149.5	0.51786	0.502037	5
1150	0.624918	0.501637	7
1150.5	0.657456	0.501728	7
1151	0.679528	0.501856	6
1151.5	0.645402	0.501963	6
1152	0.649787	0.502083	6
1152.5	0.712914	0.502216	6
1153	0.706115	0.50237	5
1153.5	0.693287	0.50212	5
1154	0.562451	0.502256	4
1154.5	0.509791	0.502366	4
1155	0.512473	0.502434	4
1155.5	0.263264	0.502435	3
1156	0.258387	0.501976	4
1156.5	0.522513	0.501968	5
1157	0.641877	0.502103	5
1157.5	0.506741	0.502214	4
1158	0.382772	0.502281	3
1158.5	0.2417	0.502335	2
1159	0.292445	0.502026	4
1159.5	0.523622	0.501954	5
1160	0.515028	0.502034	4
1160.5	0.254924	0.50209	2
1161	0.299242	0.502124	3
1161.5	0.277725	0.501929	4
1162	0.509957	0.50204	4
1162.5	0.429404	0.50212	4
1163	0.507322	0.502049	5
1163.5	0.611533	0.501745	6
1164	0.669782	0.501869	6
1164.5	0.42296	0.50157	4
1165	0.509853	0.501664	4
1165.5	0.382409	0.501748	3
1166	0.382296	0.501828	3
1166.5	0.277081	0.501741	4
1167	0.374294	0.501688	4
1167.5	0.382595	0.501769	3
1168	0.382455	0.50185	3
1168.5	0.382546	0.50193	3
1169	0.385821	0.501785	4
1169.5	0.51004	0.501893	4
1170	0.513457	0.50184	5
1170.5	0.639784	0.501651	6
1171	0.640624	0.501788	5
1171.5	0.566577	0.50166	6
1172	0.631016	0.501773	6
1172.5	0.663697	0.501895	6
1173	0.615985	0.502031	5
1173.5	0.810004	0.502201	5
1174	0.602876	0.502316	5
1174.5	0.503049	0.502425	4
1175	0.511917	0.502304	5
1175.5	0.618845	0.501659	6
1176	0.727015	0.501796	6
1176.5	0.574367	0.501709	6
1177	0.649589	0.501829	6
1177.5	0.616618	0.501935	6
1178	0.724123	0.501952	7
1178.5	0.693792	0.502084	6
1179	0.548918	0.501867	8
1179.5	0.771667	0.501951	8
1180	0.709138	0.502014	8
1180.5	0.633729	0.502103	7
1181	0.619167	0.502182	7
1181.5	0.631552	0.502297	6
1182	0.689977	0.502271	8
1182.5	0.652816	0.502341	7
1183	0.667166	0.502429	7
1183.5	0.748827	0.502561	6
1184	0.674704	0.50265	6
1184.5	0.672986	0.502797	5
1185	0.627032	0.502829	6
1185.5	0.806208	0.502885	7
1186	0.471857	0.503003	3
1186.5	0.382269	0.503088	3
1187	0.382451	0.503169	3
1187.5	0.382518	0.503249	3
1188	0.382394	0.50333	3
1188.5	0.383721	0.503401	3
1189	0.254898	0.503458	2
1189.5	0.267975	0.503341	3
1190	0.260296	0.502739	4
1190.5	0.523317	0.502519	6
1191	0.440635	0.502282	5
1191.5	0.635184	0.502414	5
1192	0.641251	0.50254	5
1192.5	0.509724	0.502645	4
1193	0.50977	0.502754	4
1193.5	0.509594	0.502859	4
1194	0.385402	0.502917	3
1194.5	0.254898	0.502975	2
1195	0.254898	0.503032	2
1195.5	0.26423	0.502853	3
1196	0.127449	0.502882	1
1196.5	0.137904	0.502768	2
1197	0.252988	0.502094	4
1197.5	0.512517	0.502185	4
1198	0.382446	0.502268	3
1198.5	0.383789	0.502316	3
1199	0.127449	0.502344	1
1199.5	0.127449	0.502373	1
1200	0.127449	0.502401	1
1200.5	0.127449	0.502433	1
1201	0.127449	0.502461	1
1201.5	0.128659	0.502095	2
1202	0.259234	0.501956	3
1202.5	0.382373	0.502035	3
1203	0.38537	0.501741	4
1203.5	0.510029	0.501851	4
1204	0.509681	0.50195	4
1204.5	0.383192	0.501566	4
1205	0.382361	0.501649	3
1205.5	0.382228	0.501727	3
1206	0.389175	0.50102	5
1206.5	0.634024	0.501029	6
1207	0.589076	0.500372	6
1207.5	0.567245	0.500454	5
1208	0.530883	0.500535	5
1208.5	0.634065	0.500669	5
1209	0.588313	0.500539	6
1209.5	0.657064	0.500651	6
1210	0.650807	0.500785	5
1210.5	0.520037	0.500824	5
1211	0.380201	0.500903	3
1211.5	0.382316	0.50098	3
1212	0.382332	0.501057	3
1212.5	0.382404	0.501134	3
1213	0.388473	0.500912	4
1213.5	0.509827	0.501015	4
1214	0.509543	0.501107	4
1214.5	0.382969	0.500865	4
1215	0.517366	0.500751	5
1215.5	0.631016	0.500882	5
1216	0.570497	0.50073	6
1216.5	0.651066	0.50084	6
1217	0.580206	0.500573	7
1217.5	0.740529	0.500678	7
1218	0.569041	0.500738	7
1218.5	0.730238	0.500602	8
1219	0.666534	0.500724	6
1219.5	0.604615	0.500826	6
1220	0.633142	0.500866	7
1220.5	0.648665	0.500952	7
1221	0.658284	0.500907	8
1221.5	0.68153	0.501017	7
1222	0.87139	0.501101	7
1222.5	0.658983	0.501242	5
1223	0.570021	0.501283	6
1223.5	0.509839	0.501383	4
1224	0.382101	0.501457	3
1224.5	0.254789	0.501511	2
1225	0.26167	0.501512	3
1225.5	0.397858	0.501274	5
1226	0.509895	0.50138	4
1226.5	0.511846	0.501462	4
1227	0.382368	0.501534	3
1227.5	0.254836	0.50159	2
1228	0.254967	0.501646	2
1228.5	0.254831	0.501698	2
1229	0.257041	0.501548	3
1229.5	0.383227	0.501611	3
1230	0.254898	0.501661	2
1230.5	0.254898	0.501711	2
1231	0.254898	0.501761	2
1231.5	0.256401	0.501264	3
1232	0.138556	0.500646	3
1232.5	0.385893	0.500283	4
1233	0.522286	0.500203	5
1233.5	0.40217	0.500208	4
1234	0.511524	0.500281	4
1234.5	0.254898	0.500333	2
1235	0.281117	0.500057	5
1235.5	0.631362	0.500189	5
1236	0.64682	0.500308	5
1236.5	0.513276	0.500396	4
1237	0.433566	0.500442	4
1237.5	0.383312	0.50051	3
1238	0.276653	0.500492	3
1238.5	0.391759	0.500284	4
1239	0.382295	0.50036	3
1239.5	0.418742	0.500285	5
1240	0.6388	0.500413	5
1240.5	0.638142	0.500539	5
1241	0.488558	0.500635	4
1241.5	0.51064	0.50073	4
1242	0.387924	0.500452	4
1242.5	0.509767	0.499805	5
1243	0.564939	0.499915	5
1243.5	0.638604	0.500025	5
1244	0.510972	0.499828	5
1244.5	0.637028	0.49996	5
1245	0.516401	0.500056	4
1245.5	0.382357	0.500135	3
1246	0.382337	0.500214	3
1246.5	0.38244	0.500293	3
1247	0.382337	0.500376	3
1247.5	0.384235	0.50032	4
1248	0.510169	0.500424	4
1248.5	0.395651	0.500455	4
1249	0.381894	0.500532	3
1249.5	0.394214	0.499883	5
1250	0.514039	0.499592	5
1250.5	0.645257	0.499572	7
1251	0.679781	0.499691	6
1251.5	0.654632	0.499797	6
1252	0.532881	0.499885	4
1252.5	0.273477	0.499867	3
1253	0.382352	0.499949	3
1253.5	0.382254	0.500027	3
1254	0.382425	0.500108	3
1254.5	0.382089	0.499742	4
1255	0.509924	0.499847	4
1255.5	0.509966	0.499952	4
1256	0.513624	0.499864	5
1256.5	0.638485	0.499998	5
1257	0.637499	0.500128	5
1257.5	0.622565	0.49997	6
1258	0.722623	0.500093	6
1258.5	0.57448	0.499903	6
1259	0.778662	0.500041	6
1259.5	0.573081	0.500121	6
1260	0.702196	0.500246	6
1260.5	0.638002	0.500404	4
1261	0.606905	0.500506	5
1261.5	0.512539	0.5006	4
1262	0.391446	0.500588	4
1262.5	0.533267	0.500402	6
1263	0.620295	0.500498	6
1263.5	0.641921	0.500609	6
1264	0.719076	0.500728	6
1264.5	0.655405	0.50082	6
1265	0.73703	0.500944	6
1265.5	0.617873	0.500869	6
1266	0.638555	0.500979	6
1266.5	0.777294	0.501114	6
1267	0.470049	0.500322	6
1267.5	0.703937	0.500398	7
1268	0.586906	0.500515	5
1268.5	0.673703	0.500653	5
1269	0.631298	0.500779	5
1269.5	0.595558	0.500816	6
1270	0.668179	0.500926	6
1270.5	0.754925	0.501051	6
1271	0.601418	0.501165	5
1271.5	0.661007	0.501303	5
1272	0.618375	0.500929	7
1272.5	0.639021	0.501007	7
1273	0.726017	0.501102	7
1273.5	0.704629	0.50122	6
1274	0.702853	0.501361	5
1274.5	0.676268	0.501495	4
1275	0.384306	0.501356	4
1275.5	0.382259	0.501436	3
1276	0.396846	0.501405	4
1276.5	0.478195	0.501496	4
1277	0.522017	0.501454	5
1277.5	0.521578	0.501416	5
1278	0.496546	0.501338	6
1278.5	0.689105	0.501182	7
1279	0.752586	0.501307	6
1279.5	0.652513	0.501406	6
1280	0.612254	0.50153	5
1280.5	0.651435	0.501658	5
1281	0.732778	0.501806	5
1281.5	0.639682	0.501755	5
1282	0.534603	0.501866	4
1282.5	0.512201	0.501964	4
1283	0.258523	0.501949	3
1283.5	0.431083	0.502009	4
1284	0.509527	0.502111	4
1284.5	0.509691	0.502193	4
1285	0.382264	0.502269	3
1285.5	0.386807	0.50201	4
1286	0.382275	0.502082	3
1286.5	0.306875	0.502127	3
1287	0.383033	0.502183	3
1287.5	0.257552	0.502227	2
1288	0.135378	0.502074	2
1288.5	0.127449	0.502099	1
1289	0.139209	0.502096	2
1289.5	0.127449	0.502121	1
1290	0.127449	0.502146	1
1290.5	0.130595	0.501309	3
1291	0.384798	0.501367	3
1291.5	0.144446	0.500957	3
1292	0.384774	0.50087	4
1292.5	0.509781	0.500969	4
1293	0.509863	0.501061	4
1293.5	0.382285	0.501136	3
1294	0.382278	0.500842	4
1294.5	0.254857	0.500892	2
1295	0.254976	0.500944	2
1295.5	0.254779	0.500993	2
1296	0.159212	0.500943	2
1296.5	0.127449	0.500972	1
1297	0.127449	0.500998	1
1297.5	0.127449	0.501023	1
1298	0.134907	0.500868	2
1298.5	0.254898	0.500918	2
1299	0.254898	0.500968	2
1299.5	0.254898	0.501018	2
1300	0.259112	0.500648	3
1300.5	0.382311	0.500727	3
1301	0.38229	0.500802	3
1301.5	0.382404	0.50088	3
1302	0.382342	0.500955	3
1302.5	0.382338	0.501032	3
1303	0.382275	0.501107	3
1303.5	0.377963	0.500643	4
1304	0.515236	0.500365	5
1304.5	0.636732	0.499311	6
1305	0.661721	0.499416	6
1305.5	0.686637	0.499526	6
1306	0.631607	0.499622	6
1306.5	0.760487	0.499759	6
1307	0.598714	0.499342	6
1307.5	0.733865	0.499455	6
1308	0.636404	0.499578	5
1308.5	0.604342	0.498801	7
1309	0.642944	0.498879	7
1309.5	0.715982	0.498999	6
1310	0.646922	0.499153	4
1310.5	0.395151	0.499232	3
1311	0.382347	0.499289	3
1311.5	0.26029	0.499152	3
1312	0.271535	0.49899	4
1312.5	0.38717	0.498928	4
1313	0.421676	0.498915	5
1313.5	0.515827	0.499016	4
1314	0.544317	0.499074	5
1314.5	0.510448	0.499041	5
1315	0.631699	0.499165	5
1315.5	0.616217	0.499205	6
1316	0.707377	0.499316	6
1316.5	0.644517	0.499411	6
1317	0.74642	0.498937	8
1317.5	0.619871	0.499015	7
1318	0.622728	0.499098	6
1318.5	0.596408	0.499119	7
1319	0.702198	0.499211	7
1319.5	0.627329	0.499297	6
1320	0.652677	0.499427	5
1320.5	0.677226	0.499512	3
1321	0.254898	0.499563	2
1321.5	0.290701	0.49958	3
1322	0.401853	0.499571	4
1322.5	0.382347	0.499632	3
1323	0.254815	0.499668	2
1323.5	0.131257	0.499497	2
1324	0.259558	0.499322	3
1324.5	0.416369	0.49936	4
1325	0.514572	0.49942	4
1325.5	0.203141	0.49934	3
1326	0.412533	0.498905	6
1326.5	0.639591	0.498954	6
1327	0.688223	0.499065	6
1327.5	0.620341	0.499186	5
1328	0.64451	0.49926	6
1328.5	0.66548	0.49923	7
1329	0.698054	0.499344	6
1329.5	0.84183	0.499496	5
1330	0.421688	0.499529	4
1330.5	0.509786	0.499626	4
1331	0.509931	0.499721	4
1331.5	0.516262	0.499227	5
1332	0.507311	0.499185	5
1332.5	0.513416	0.499283	4
1333	0.510013	0.499377	4
1333.5	0.55701	0.499292	5
1334	0.38743	0.499325	4
1334.5	0.320184	0.499037	5
1335	0.512605	0.499138	4
1335.5	0.517243	0.499143	5
1336	0.516005	0.49923	4
1336.5	0.38242	0.499302	3
1337	0.382513	0.499375	3
1337.5	0.386375	0.499445	3
1338	0.254898	0.499493	2
1338.5	0.263713	0.49936	3
1339	0.393795	0.4989	5
1339.5	0.603004	0.498872	6
1340	0.635656	0.498969	6
1340.5	0.652918	0.499069	6
1341	0.636849	0.499191	5
1341.5	0.670362	0.499318	5
1342	0.645334	0.49944	5
1342.5	0.651799	0.49956	5
1343	0.629825	0.499306	6
1343.5	0.726711	0.499421	6
1344	0.621792	0.499525	5
1344.5	0.512994	0.499624	4
1345	0.384015	0.499668	3
1345.5	0.16929	0.499524	4
1346	0.510014	0.49962	4
1346.5	0.508777	0.499686	4
1347	0.255226	0.499715	2
1347.5	0.162702	0.499718	2
1348	0.269353	0.499687	3
1348.5	0.254898	0.499733	2
1349	0.254898	0.499779	2
1349.5	0.254898	0.499828	2
1350	0.254898	0.499874	2
1350.5	0.254898	0.499919	2
1351	0.263393	0.499467	4
1351.5	0.509801	0.49956	4
1352	0.50977	0.499656	4
1352.5	0.50976	0.499752	4
1353	0.509832	0.499839	4
1353.5	0.48548	0.49993	4
1354	0.517452	0.499627	5
1354.5	0.507188	0.499157	5
1355	0.636897	0.499278	5
1355.5	0.63815	0.499397	5
1356	0.656082	0.49943	6
1356.5	0.643398	0.499544	5
1357	0.531464	0.499604	4
1357.5	0.254898	0.499653	2
1358	0.266348	0.499653	3
1358.5	0.396283	0.49871	5
1359	0.509832	0.498805	4
1359.5	0.509858	0.498903	4
1360	0.509408	0.498783	6
1360.5	0.682587	0.498895	6
1361	0.688088	0.499005	6
1361.5	0.629239	0.498878	6
1362	0.724837	0.498997	6
1362.5	0.626025	0.499115	5
1363	0.623785	0.499233	5
1363.5	0.643842	0.499278	6
1364	0.689919	0.499265	7
1364.5	0.674784	0.499395	5
1365	0.65038	0.499506	5
1365.5	0.628707	0.499626	5
1366	0.639685	0.499652	6
1366.5	0.748534	0.499768	6
1367	0.683876	0.499878	5
1367.5	0.382936	0.499934	3
1368	0.300727	0.499973	3
1368.5	0.399565	0.499736	5
1369	0.363158	0.499721	4
1369.5	0.509699	0.499816	4
1370	0.509775	0.499908	4
1370.5	0.539981	0.499934	5
1371	0.509693	0.500028	4
1371.5	0.509981	0.50011	4
1372	0.399787	0.500125	4
1372.5	0.509744	0.500205	4
1373	0.386761	0.500077	4
1373.5	0.383637	0.49899	4
1374	0.509655	0.499087	4
1374.5	0.509936	0.499181	4
1375	0.509682	0.499275	4
1375.5	0.510024	0.499372	4
1376	0.456552	0.499433	4
1376.5	0.386398	0.499061	4
1377	0.256286	0.498854	3
1377.5	0.385317	0.498704	4
1378	0.399542	0.498697	4
1378.5	0.563122	0.49877	5
1379	0.514554	0.498751	5
1379.5	0.640834	0.498857	5
1380	0.55076	0.498919	4
1380.5	0.254924	0.498968	2
1381	0.254862	0.499014	2
1381.5	0.25496	0.499031	2
1382	0.00341567	0.498933	1
1382.5	0.133594	0.498722	2
1383	0.254898	0.498771	2
1383.5	0.259934	0.498725	3
1384	0.382471	0.498782	3
1384.5	0.254898	0.498829	2
1385	0.268377	0.498594	4
1385.5	0.380567	0.49867	3
1386	0.387284	0.498535	4
1386.5	0.520307	0.498574	5
1387	0.509101	0.498271	5
1387.5	0.510033	0.498367	4
1388	0.509977	0.49846	4
1388.5	0.514167	0.498163	5
1389	0.628592	0.49828	5
1389.5	0.63993	0.498396	5
1390	0.575028	0.498371	6
1390.5	0.61647	0.49766	6
1391	0.642894	0.497778	5
1391.5	0.646413	0.497897	5
1392	0.651778	0.49801	5
1392.5	0.379051	0.498073	3
1393	0.254857	0.498119	2
1393.5	0.285883	0.498129	3
1394	0.386205	0.498031	4
1394.5	0.512893	0.497812	5
1395	0.510119	0.49791	4
1395.5	0.514217	0.49778	5
1396	0.509844	0.497878	4
1396.5	0.386941	0.497945	3
1397	0.348875	0.49801	3
1397.5	0.387414	0.498018	4
1398	0.509822	0.498094	4
1398.5	0.38243	0.498164	3
1399	0.393337	0.498193	4
1399.5	0.521871	0.498063	5
1400	0.510013	0.498159	4
1400.5	0.512261	0.497926	5
1401	0.640039	0.498043	5
1401.5	0.635395	0.498161	5
1402	0.637028	0.498277	5
1402.5	0.596734	0.498073	6
1403	0.694905	0.498183	6
1403.5	0.669948	0.498304	5
1404	0.519164	0.498389	4
1404.5	0.382333	0.49846	3
1405	0.382389	0.498529	3
1405.5	0.392625	0.498384	4
1406	0.510007	0.498476	4
1406.5	0.385523	0.498548	3
1407	0.382269	0.498606	3
1407.5	0.254971	0.498652	2
1408	0.294238	0.49851	4
1408.5	0.51589	0.498362	5
1409	0.557556	0.498448	5
1409.5	0.642892	0.498568	5
1410	0.582414	0.497852	6
1410.5	0.657919	0.497971	5
1411	0.641237	0.498056	6
1411.5	0.663784	0.498158	6
1412	0.835275	0.498293	5
1412.5	0.521033	0.498145	5
1413	0.430802	0.4982	4
1413.5	0.38252	0.498269	3
1414	0.386007	0.497893	4
1414.5	0.509807	0.497966	4
1415	0.386008	0.497907	4
1415.5	0.395019	0.497858	4
1416	0.456411	0.49793	4
1416.5	0.514477	0.49783	5
1417	0.606823	0.497931	5
1417.5	0.643412	0.498037	5
1418	0.385183	0.497867	4
1418.5	0.509831	0.49796	4
1419	0.51271	0.497906	5
1419.5	0.621324	0.497931	6
1420	0.701008	0.498035	6
1420.5	0.70115	0.498137	6
1421	0.559123	0.498264	4
1421.5	0.705663	0.498162	5
1422	0.50947	0.498256	4
1422.5	0.508951	0.498326	4
1423	0.25496	0.498372	2
1423.5	0.275522	0.498324	3
1424	0.387346	0.498319	4
1424.5	0.509983	0.498409	4
1425	0.509763	0.498501	4
1425.5	0.473792	0.498299	6
1426	0.708362	0.497899	7
1426.5	0.598028	0.497963	7
1427	0.819937	0.49807	6
1427.5	0.632863	0.498145	6
1428	0.66562	0.498248	6
1428.5	0.765233	0.498363	6
1429	0.623565	0.498475	5
1429.5	0.627236	0.498591	5
1430	0.646074	0.498705	5
1430.5	0.639234	0.498823	5
1431	0.663832	0.498945	5
1431.5	0.61758	0.498594	6
1432	0.60223	0.498681	6
1432.5	0.577012	0.498537	6
1433	0.7145	0.498665	5
1433.5	0.545607	0.498521	6
1434	0.610336	0.498584	6
1434.5	0.701125	0.498691	6
1435	0.609159	0.498783	6
1435.5	0.621	0.498786	7
1436	0.654983	0.498856	7
1436.5	0.647705	0.498951	6
1437	0.795724	0.49907	6
1437.5	0.562609	0.499114	6
1438	0.658694	0.499212	6
1438.5	0.674561	0.499311	6
1439	0.702744	0.49942	6
1439.5	0.642526	0.499558	4
1440	0.607078	0.499371	5
1440.5	0.640243	0.499486	5
1441	0.514415	0.499314	7
1441.5	0.720764	0.499402	7
1442	0.719939	0.499537	5
1442.5	0.58991	0.499484	6
1443	0.642063	0.499601	5
1443.5	0.744545	0.499712	5
1444	0.515768	0.49977	4
1444.5	0.254898	0.499815	2
1445	0.254898	0.499864	2
1445.5	0.254898	0.499909	2
1446	0.274075	0.499883	3
1446.5	0.384121	0.499527	6
1447	0.713685	0.499636	6
1447.5	0.621978	0.499474	6
1448	0.851507	0.499571	6
1448.5	0.382332	0.499636	3
1449	0.440754	0.499588	6
1449.5	0.682361	0.499687	6
1450	0.613501	0.499457	7
1450.5	0.6739	0.499579	5
1451	0.564048	0.499604	7
1451.5	0.656493	0.499666	7
1452	0.659997	0.499739	7
1452.5	0.738201	0.499828	7
1453	0.667978	0.499917	6
1453.5	0.646937	0.500034	5
1454	0.668839	0.50015	5
1454.5	0.681391	0.500295	4
1455	0.412036	0.500231	5
1455.5	0.638743	0.500342	5
1456	0.610021	0.500111	6
1456.5	0.649976	0.500205	6
1457	0.638295	0.500296	6
1457.5	0.623928	0.50029	6
1458	0.63271	0.500379	6
1458.5	0.676333	0.500487	6
1459	0.661863	0.500554	5
1459.5	0.554269	0.500334	6
1460	0.674792	0.500437	6
1460.5	0.653966	0.500529	6
1461	0.674541	0.500524	7
1461.5	0.613233	0.500607	6
1462	0.630713	0.500679	6
1462.5	0.730588	0.500762	6
1463	1.21435	0.500807	7
1463.5	0.835684	0.500901	7
1464	0.356989	0.500979	2
1464.5	0.261488	0.500801	3
1465	0.382409	0.50087	3
1465.5	0.382259	0.500937	3
1466	0.399253	0.500921	4
1466.5	0.509812	0.50101	4
1467	0.519747	0.500979	5
1467.5	0.637727	0.501089	5
1468	0.634466	0.501201	5
1468.5	0.638426	0.501314	5
1469	0.644905	0.501414	5
1469.5	0.507389	0.501014	6
1470	0.692637	0.501118	6
1470.5	0.635713	0.501232	5
1471	0.674887	0.501324	5
1471.5	0.382347	0.501385	3
1472	0.254898	0.501433	2
1472.5	0.280983	0.501295	4
1473	0.526173	0.501287	5
1473.5	0.385198	0.500721	5
1474	0.516443	0.50079	4
1474.5	0.382347	0.500853	3
1475	0.384273	0.500758	4
1475.5	0.382347	0.500819	3
1476	0.254898	0.500863	2
1476.5	0.254898	0.500905	2
1477	0.254898	0.500947	2
1477.5	0.254898	0.500992	2
1478	0.267125	0.500744	4
1478.5	0.510019	0.50083	4
1479	0.512907	0.500905	4
1479.5	0.385819	0.500723	4
1480	0.509879	0.500811	4
1480.5	0.509962	0.50088	4
1481	0.386122	0.500707	4
1481.5	0.515876	0.500702	5
1482	0.555878	0.500788	5
1482.5	0.531328	0.500387	7
1483	0.647103	0.500479	6
1483.5	0.702122	0.5006	5
1484	0.607339	0.500246	6
1484.5	0.614884	0.500355	5
1485	0.725594	0.50048	5
1485.5	0.445059	0.500411	5
1486	0.636608	0.500522	5
1486.5	0.624401	0.50056	6
1487	0.696627	0.500667	6
1487.5	0.644389	0.500759	5
1488	0.382347	0.500823	3
1488.5	0.296464	0.500797	4
1489	0.509698	0.500883	4
1489.5	0.509946	0.500961	4
1490	0.382283	0.501029	3
1490.5	0.425635	0.501078	4
1491	0.512591	0.501167	4
1491.5	0.382032	0.501221	3
1492	0.264947	0.501071	3
1492.5	0.382378	0.501136	3
1493	0.411495	0.501164	4
1493.5	0.509621	0.501246	4
1494	0.38244	0.501312	3
1494.5	0.384105	0.501344	3
1495	0.127449	0.501366	1
1495.5	0.133749	0.501095	2
1496	0.254919	0.50114	2
1496.5	0.263306	0.500864	4
1497	0.505091	0.500939	4
1497.5	0.382269	0.501006	3
1498	0.386196	0.50087	4
1498.5	0.387618	0.500785	4
1499	0.509718	0.500871	4
1499.5	0.510944	0.500947	4
1500	0.382347	0.501003	3
1500.5	0.293552	0.500438	4
1501	0.382347	0.500505	3
1501.5	0.206871	0.5005	3
1502	0.382337	0.500566	3
1502.5	0.382249	0.500634	3
1503	0.4013	0.500261	5
1503.5	0.509734	0.500347	4
1504	0.50975	0.500433	4
1504.5	0.509824	0.500522	4
1505	0.517555	0.500405	5
1505.5	0.507791	0.500474	4
1506	0.254971	0.500517	2
1506.5	0.25606	0.50055	2
1507	0.145531	0.500518	2
1507.5	0.254898	0.50056	2
1508	0.264385	0.500497	3
1508.5	0.402803	0.500497	4
1509	0.508568	0.500273	5
1509.5	0.636741	0.500381	5
1510	0.641272	0.500483	5
1510.5	0.509895	0.500569	4
1511	0.50972	0.500657	4
1511.5	0.510803	0.500363	5
1512	0.634906	0.500469	5
1512.5	0.643595	0.500565	5
1513	0.380029	0.500627	3
1513.5	0.254898	0.500669	2
1514	0.254898	0.50071	2
1514.5	0.258117	0.500572	3
1515	0.382347	0.500635	3
1515.5	0.382017	0.500665	3
1516	0.127449	0.500687	1
1516.5	0.127449	0.500709	1
1517	0.127449	0.50073	1
1517.5	0.127449	0.500752	1
1518	0.131751	0.500285	2
1518.5	0.254898	0.500331	2
1519	0.254898	0.500374	2
1519.5	0.254898	0.500417	2
1520	0.254898	0.50046	2
1520.5	0.254898	0.500506	2
1521	0.254898	0.500549	2
1521.5	0.25981	0.50034	3
1522	0.386679	0.500059	4
1522.5	0.383995	0.499724	4
1523	0.382766	0.498071	4
1523.5	0.52191	0.497392	6
1524	0.67395	0.497492	6
1524.5	0.786598	0.497488	7
1525	0.647259	0.49758	6
1525.5	0.601441	0.497614	7
1526	0.734595	0.49772	6
1526.5	0.587183	0.497689	5
1527	0.579353	0.497811	4
1527.5	0.560703	0.49788	5
1528	0.622088	0.497977	5
1528.5	0.517022	0.497861	6
1529	0.543364	0.497792	7
1529.5	0.674667	0.497862	7
1530	0.645709	0.49793	7
1530.5	0.67761	0.498024	6
1531	0.653142	0.498117	6
1531.5	0.624557	0.498138	7
1532	0.636502	0.498072	8
1532.5	0.649344	0.498125	8
1533	0.649926	0.498193	7
1533.5	0.791188	0.498275	7
1534	0.645686	0.498405	4
1534.5	0.630931	0.498491	5
1535	0.622232	0.498606	4
1535.5	0.382342	0.498668	3
1536	0.383915	0.498714	3
1536.5	0.127449	0.498736	1
1537	0.168546	0.498631	3
1537.5	0.3856	0.498475	4
1538	0.254981	0.498515	2
1538.5	0.163882	0.498513	2
1539	0.254898	0.498554	2
1539.5	0.254898	0.498598	2
1540	0.254898	0.49864	2
1540.5	0.254898	0.498681	2
1541	0.254898	0.498722	2
1541.5	0.259392	0.49864	3
1542	0.382435	0.498706	3
1542.5	0.389798	0.498164	5
1543	0.639356	0.498248	5
1543.5	0.382306	0.498311	3
1544	0.254889	0.498356	2
1544.5	0.254919	0.498398	2
1545	0.25495	0.498441	2
1545.5	0.277111	0.49841	3
1546	0.395382	0.498393	4
1546.5	0.43151	0.498012	5
1547	0.509598	0.498097	4
1547.5	0.509755	0.49818	4
1548	0.492406	0.49826	4
1548.5	0.51452	0.498325	4
1549	0.38554	0.497819	5
1549.5	0.642608	0.497913	5
1550	0.382583	0.497975	3
1550.5	0.382347	0.498018	3
1551	0.254898	0.498058	2
1551.5	0.256617	0.497763	3
1552	0.400135	0.497703	4
1552.5	0.390896	0.49675	6
1553	0.671358	0.496818	6
1553.5	0.637127	0.496923	5
1554	0.645601	0.497023	5
1554.5	0.515146	0.496954	5
1555	0.614022	0.497052	5
1555.5	0.59712	0.497028	6
1556	0.564453	0.496982	7
1556.5	0.676037	0.496951	8
1557	0.78524	0.497008	8
1557.5	0.658377	0.497081	7
1558	0.624962	0.497143	7
1558.5	0.673934	0.497218	7
1559	0.704068	0.497311	6
1559.5	0.754644	0.497393	6
1560	0.72135	0.497504	5
1560.5	0.409899	0.497526	4
1561	0.509806	0.497609	4
1561.5	0.509827	0.497695	4
1562	0.509729	0.497756	4
1562.5	0.254846	0.4978	2
1563	0.254916	0.497844	2
1563.5	0.262867	0.497741	3
1564	0.281879	0.49773	3
1564.5	0.254945	0.497771	2
1565	0.179556	0.497601	3
1565.5	0.38488	0.497339	4
1566	0.514581	0.497371	5
1566.5	0.637321	0.497476	5
1567	0.632219	0.497568	5
1567.5	0.583448	0.497657	5
1568	0.636222	0.497759	5
1568.5	0.637236	0.497846	5
1569	0.381781	0.497531	4
1569.5	0.511967	0.497345	5
1570	0.382536	0.497411	3
1570.5	0.404819	0.49741	4
1571	0.520824	0.497396	5
1571.5	0.386421	0.497384	4
1572	0.382513	0.497446	3
1572.5	0.399123	0.497464	4
1573	0.509574	0.497546	4
1573.5	0.509734	0.497627	4
1574	0.383801	0.497678	3
1574.5	0.256993	0.497296	3
1575	0.384229	0.497185	4
1575.5	0.379461	0.497246	3
1576	0.382276	0.497309	3
1576.5	0.382901	0.49736	3
1577	0.298991	0.497276	4
1577.5	0.518007	0.497133	5
1578	0.509869	0.497214	4
1578.5	0.512791	0.49713	5
1579	0.636797	0.497232	5
1579.5	0.516349	0.497155	5
1580	0.625842	0.496843	6
1580.5	0.666989	0.496769	7
1581	0.642634	0.496849	6
1581.5	0.668102	0.496939	6
1582	0.718746	0.496958	7
1582.5	0.717112	0.497049	6
1583	0.647634	0.497114	6
1583.5	0.775768	0.497207	5
1584	0.509932	0.497291	4
1584.5	0.515999	0.497193	5
1585	0.303987	0.497231	3
1585.5	0.382466	0.497295	3
1586	0.393302	0.497262	4
1586.5	0.38222	0.497326	3
1587	0.38096	0.497348	4
1587.5	0.511408	0.497422	4
1588	0.391267	0.497367	4
1588.5	0.509532	0.497449	4
1589	0.505598	0.49752	4
1589.5	0.384307	0.497573	3
1590	0.254898	0.497618	2
1590.5	0.254898	0.497652	2
1591	0.127449	0.497673	1
1591.5	0.127449	0.497693	1
1592	0.127449	0.497714	1
1592.5	0.134583	0.497623	2
1593	0.254898	0.497664	2
1593.5	0.254898	0.497706	2
1594	0.264173	0.497514	3
1594.5	0.382347	0.497571	3
1595	0.258242	0.497449	3
1595.5	0.382337	0.497512	3
1596	0.382466	0.497577	3
1596.5	0.384459	0.497127	4
1597	0.509731	0.497213	4
1597.5	0.51477	0.496808	5
1598	0.51173	0.496543	5
1598.5	0.516274	0.496489	5
1599	0.635441	0.496589	5
1599.5	0.636735	0.496692	5
1600	0.645232	0.496791	5
