12.5	0.000628989	0.190012
13	0.134344	0.138399
13.5	0.124291	0.131752
14	0.127434	0.130393
14.5	0	0.130393
15	0	0.130393
15.5	0	0.130393
16	0	0.130393
16.5	0	0.130393
17	0	0.130393
17.5	0	0.130393
18	0	0.130393
18.5	0	0.130393
19	0	0.130393
19.5	0	0.130393
20	0	0.130393
20.5	0	0.130393
21	0	0.130393
21.5	0	0.130393
22	0	0.130393
22.5	0	0.130393
23	0.00356974	0.0227285
23.5	0	0.0227285
24	0	0.0227285
24.5	0	0.0227285
25	0	0.0227285
25.5	0.0176084	0.0216779
26	0.127449	0.0231562
26.5	0	0.0231562
27	0	0.0231562
27.5	0.0344248	0.0245225
28	0.127274	0.0277854
28.5	0.124385	0.0308253
29	0.121483	0.0336552
29.5	0.136463	0.0367718
30	0.120957	0.0389531
30.5	0.130365	0.041694
31	0.129946	0.0439922
31.5	0.121577	0.0460933
32	0.127629	0.0481437
32.5	0	0.0481437
33	0.0314887	0.0473361
33.5	0.129423	0.0492284
34	0.120726	0.0509527
34.5	0.123513	0.0526238
35	0.0925402	0.0535233
35.5	0.165721	0.055828
36	0.138511	0.0576173
36.5	0.125789	0.0590313
37	0.101317	0.0598325
37.5	0.098568	0.0606931
38	0.225792	0.062279
38.5	0	0.062279
39	0	0.062279
39.5	0	0.062279
40	0	0.062279
40.5	0.0114562	0.0573175
41	0.0741313	0.0575674
41.5	0.0845959	0.0580853
42	0.161793	0.0599559
42.5	0.149407	0.0613629
43	0.17448	0.0630308
43.5	0.126046	0.0640432
44	0.126367	0.0651469
44.5	0.131573	0.0661362
45	0.127449	0.0670647
45.5	0.127449	0.0680761
46	0.127449	0.0689471
46.5	0.127449	0.069793
47	0.127449	0.0706147
47.5	0.127449	0.0714134
48	0.127449	0.0721899
48.5	0.127449	0.0729452
49	0.127449	0.0736801
49.5	0.127449	0.0740402
50	0	0.0740402
50.5	0	0.0740402
51	0	0.0740402
51.5	0	0.0740402
52	0	0.0740402
52.5	0	0.0740402
53	0	0.0740402
53.5	0	0.0740402
54	0	0.0740402
54.5	0	0.0740402
55	0	0.0740402
55.5	0	0.0740402
56	0	0.0740402
56.5	0	0.0740402
57	0.00201845	0.0614707
57.5	0.116691	0.0621295
58	0.094729	0.0624849
58.5	0.144053	0.0632573
59	0.112633	0.0638481
59.5	0.180058	0.0649253
60	0.130488	0.0656715
60.5	0.127449	0.0663047
61	0.127449	0.0669252
61.5	0.127449	0.0676083
62	0.127449	0.0682027
62.5	0.127449	0.0684955
63	0	0.0684955
63.5	0	0.0684955
64	0	0.0684955
64.5	0	0.0684955
65	0	0.0684955
65.5	0	0.0684955
66	0	0.0684955
66.5	0	0.0684955
67	0	0.0684955
67.5	0	0.0684955
68	0	0.0684955
68.5	0	0.0684955
69	0	0.0684955
69.5	0	0.0684955
70	0	0.0684955
70.5	0	0.0684955
71	0	0.0684955
71.5	0	0.0684955
72	0	0.0684955
72.5	0	0.0684955
73	0	0.0684955
73.5	0.00278775	0.0563859
74	0.123853	0.0568722
74.5	0.130264	0.0575131
75	0.124472	0.0580527
75.5	0.127393	0.0585944
76	0.127449	0.0591279
76.5	0.124482	0.0596423
77	0.0873851	0.0598354
77.5	0.169701	0.0606947
78	0.0570769	0.0606719
78.5	0.0966212	0.0609815
79	0.147359	0.0616727
79.5	0.126933	0.0622138
80	0.126543	0.0626859
80.5	0.126375	0.0631505
81	0.108064	0.0634833
81.5	0.126487	0.0639358
82	0.154293	0.064596
82.5	0.134012	0.0649446
83	0	0.0649446
83.5	0.00703257	0.0640354
84	0.127351	0.0644715
84.5	0.127506	0.0649022
85	0.128841	0.0653316
85.5	0.127294	0.0658019
86	0.118432	0.0661337
86.5	0.117946	0.0662273
87	0.0359355	0.0658725
87.5	0.0904776	0.066043
88	0.107925	0.0662849
88.5	0.10802	0.0666036
89	0.145605	0.0671038
89.5	0.111053	0.0673458
90	0.110134	0.0676601
90.5	0.138405	0.0681223
91	0.0926116	0.0682807
91.5	0.161996	0.068396
92	0	0.068396
92.5	0	0.068396
93	0	0.068396
93.5	0	0.068396
94	0.00273435	0.0660861
94.5	0.127247	0.0664537
95	0.129638	0.0668704
95.5	0.127449	0.0672294
96	0.127449	0.0675842
96.5	0.127449	0.0676283
97	0	0.0676283
97.5	0.0108855	0.066667
98	0.12352	0.0669205
98.5	0.1244	0.0673415
99	0.0785345	0.0673933
99.5	0.105964	0.0676556
100	0.108204	0.0678905
100.5	0.071859	0.0679053
101	0.123335	0.0682243
101.5	0.0890093	0.0683683
102	0.157404	0.0688639
102.5	0.193234	0.0695927
103	0.127573	0.0696322
103.5	0	0.0696322
104	0.0214427	0.0688623
104.5	0.127454	0.0691756
105	0.127594	0.069486
105.5	0.128749	0.0697964
106	0.127449	0.0700998
106.5	0.127449	0.0704001
107	0.127449	0.0706972
107.5	0.127449	0.0709913
108	0.127449	0.0713185
108.5	0.124981	0.0715989
109	0.124365	0.0718746
109.5	0.127537	0.0721567
110	0.127314	0.0724354
110.5	0.127548	0.0727119
111	0.124394	0.0729764
111.5	0.127311	0.0730781
112	0	0.0730781
112.5	0	0.0730781
113	0	0.0730781
113.5	0	0.0730781
114	0	0.0730781
114.5	0	0.0730781
115	0.010334	0.0707559
115.5	0.0664356	0.0707361
116	0.0864829	0.0708188
116.5	0.11635	0.0710254
117	0.117704	0.0712634
117.5	0.145849	0.071607
118	0.176431	0.0721367
118.5	0.107962	0.072284
119	0.154994	0.072716
119.5	0.108096	0.0728361
120	0	0.0728361
120.5	0	0.0728361
121	0	0.0728361
121.5	0	0.0728361
122	0	0.0728361
122.5	0	0.0728361
123	0.0151034	0.070938
123.5	0.117809	0.0711067
124	0.0906706	0.0712129
124.5	0.121449	0.0714156
125	0.0430196	0.0712776
125.5	0.0669755	0.0712642
126	0.0611477	0.0712071
126.5	0.114482	0.0713632
127	0.112829	0.0715645
127.5	0.148771	0.0718831
128	0.101133	0.0719814
128.5	0.0855373	0.0720563
129	0.134039	0.0723364
129.5	0.183507	0.0728234
130	0.135984	0.0730714
130.5	0.128066	0.0732997
131	0.127834	0.0735255
131.5	0.127472	0.0737764
132	0.127516	0.0739976
132.5	0.126613	0.0742148
133	0.128296	0.0744342
133.5	0.127506	0.07465
134	0.125962	0.0748603
134.5	0.12774	0.0750732
135	0.127164	0.0752829
135.5	0.10226	0.0754006
136	0.139101	0.0756623
136.5	0.136549	0.0758878
137	0.129271	0.0761219
137.5	0.134922	0.0763406
138	0.124306	0.0765334
138.5	0.127459	0.0767323
139	0.115968	0.0768792
139.5	0.1294	0.0769546
140	0	0.0769546
140.5	0	0.0769546
141	0	0.0769546
141.5	0	0.0769546
142	0	0.0769546
142.5	0.00480255	0.0751411
143	0	0.0751411
143.5	0	0.0751411
144	0	0.0751411
144.5	0	0.0751411
145	0	0.0751411
145.5	0	0.0751411
146	0	0.0751411
146.5	0.00764661	0.0730754
147	0.122789	0.0732641
147.5	0.128775	0.0734395
148	0.120163	0.0736195
148.5	0.10551	0.0737415
149	0.174241	0.0739737
149.5	0	0.0739737
150	0	0.0739737
150.5	0	0.0739737
151	0	0.0739737
151.5	0	0.0739737
152	0	0.0739737
152.5	0	0.0739737
153	0	0.0739737
153.5	0	0.0739737
154	0	0.0739737
154.5	0	0.0739737
155	0	0.0739737
155.5	0	0.0739737
156	0	0.0739737
156.5	0	0.0739737
157	0	0.0739737
157.5	0	0.0739737
158	0.00596495	0.0696732
158.5	0.130945	0.0698742
159	0.126715	0.0700663
159.5	0.127513	0.0702586
160	0.127472	0.0704733
160.5	0.124491	0.0706342
161	0.126563	0.0708442
161.5	0.133263	0.0710168
162	0.128377	0.0712277
162.5	0.122472	0.0712935
163	0	0.0712935
163.5	0	0.0712935
164	0	0.0712935
164.5	0	0.0712935
165	0	0.0712935
165.5	0	0.0712935
166	0	0.0712935
166.5	0	0.0712935
167	0	0.0712935
167.5	0	0.0712935
168	0	0.0712935
168.5	0.00370804	0.0685456
169	0.127558	0.068731
169.5	0.12747	0.0688692
170	0	0.0688692
170.5	0	0.0688692
171	0	0.0688692
171.5	0.00738771	0.0680484
172	0.127449	0.0682317
172.5	0.120135	0.0683589
173	0.119628	0.0685264
173.5	0.092491	0.0685896
174	0	0.0685896
174.5	0	0.0685896
175	0	0.0685896
175.5	0	0.0685896
176	0	0.0685896
176.5	0	0.0685896
177	0	0.0685896
177.5	0	0.0685896
178	0.0100822	0.0669401
178.5	0.127434	0.0671195
179	0.127423	0.0672978
179.5	0.127418	0.067475
180	0.127573	0.0675634
180.5	0	0.0675634
181	0	0.0675634
181.5	0	0.0675634
182	0	0.0675634
182.5	0	0.0675634
183	0	0.0675634
183.5	0	0.0675634
184	0	0.0675634
184.5	0	0.0675634
185	0	0.0675634
185.5	0	0.0675634
186	0	0.0675634
186.5	0	0.0675634
187	0	0.0675634
187.5	0	0.0675634
188	0	0.0675634
188.5	0	0.0675634
189	0	0.0675634
189.5	0	0.0675634
190	0	0.0675634
190.5	0	0.0675634
191	0	0.0675634
191.5	0	0.0675634
192	0	0.0675634
192.5	0	0.0675634
193	0	0.0675634
193.5	0	0.0675634
194	0	0.0675634
194.5	0	0.0675634
195	0	0.0675634
195.5	0	0.0675634
196	0	0.0675634
196.5	0	0.0675634
197	0	0.0675634
197.5	0	0.0675634
198	0	0.0675634
198.5	0	0.0675634
199	0	0.0675634
199.5	0	0.0675634
200	0	0.0675634
200.5	0.00227255	0.0603713
201	0.12204	0.0605605
201.5	0.124399	0.0606883
202	0.103826	0.0607572
202.5	0.0439496	0.060694
203	0.0777362	0.0607482
203.5	0.13896	0.0609561
204	0.166703	0.0611899
204.5	0.0809748	0.0612398
205	0.0843577	0.0613068
205.5	0.0946584	0.0613927
206	0.043243	0.0613757
206.5	0	0.0613757
207	0	0.0613757
207.5	0	0.0613757
208	0	0.0613757
208.5	0	0.0613757
209	0	0.0613757
209.5	0	0.0613757
210	0	0.0613757
210.5	0	0.0613757
211	0	0.0613757
211.5	0.00948713	0.0598668
212	0.125989	0.0600524
212.5	0.124271	0.0602145
213	0.130804	0.0603833
213.5	0.124301	0.0605438
214	0.127434	0.0607072
214.5	0.130723	0.0608735
215	0.124311	0.0610316
215.5	0.127569	0.0611928
216	0.114618	0.0613365
216.5	0.0720471	0.0613594
217	0.0905733	0.0614336
217.5	0.0864256	0.0614999
218	0.0808748	0.0615456
218.5	0.0904491	0.0616186
219	0.113346	0.0617399
219.5	0.140453	0.0619098
220	0.0576426	0.0618986
220.5	0.0647076	0.0619035
221	0	0.0619035
221.5	0	0.0619035
222	0	0.0619035
222.5	0	0.0619035
223	0	0.0619035
223.5	0.0124279	0.0611638
224	0.0948024	0.0612428
224.5	0.107789	0.0612748
225	0	0.0612748
225.5	0	0.0612748
226	0.034241	0.0610428
226.5	0.127366	0.0611954
227	0.127444	0.0613475
227.5	0.122544	0.0614932
228	0.113196	0.0616095
228.5	0.103069	0.0617118
229	0.173371	0.0619683
229.5	0.127738	0.0621172
230	0.12953	0.0621923
230.5	0	0.0621923
231	0	0.0621923
231.5	0	0.0621923
232	0	0.0621923
232.5	0	0.0621923
233	0	0.0621923
233.5	0	0.0621923
234	0	0.0621923
234.5	0	0.0621923
235	0	0.0621923
235.5	0	0.0621923
236	0	0.0621923
236.5	0.00464788	0.0604586
237	0.124286	0.0606021
237.5	0.130772	0.0607517
238	0.121985	0.0608914
238.5	0.120189	0.0610283
239	0.129578	0.0611749
239.5	0.0853171	0.0612237
240	0.120541	0.0613594
240.5	0.126342	0.061501
241	0.120287	0.0616352
241.5	0.092559	0.0617038
242	0.116342	0.0618161
242.5	0.142092	0.0619895
243	0	0.0619895
243.5	0	0.0619895
244	0	0.0619895
244.5	0	0.0619895
245	0	0.0619895
245.5	0	0.0619895
246	0	0.0619895
246.5	0.00390664	0.060993
247	0.122153	0.0610433
247.5	0	0.0610433
248	0	0.0610433
248.5	0	0.0610433
249	0	0.0610433
249.5	0	0.0610433
250	0.0141549	0.0603871
250.5	0.124751	0.0605231
251	0.121481	0.060655
251.5	0.133894	0.0607986
252	0.127553	0.0609357
252.5	0.13029	0.0610749
253	0.127449	0.0612277
253.5	0.127449	0.0613629
254	0.127449	0.0614976
254.5	0.127449	0.0616318
255	0.127449	0.0617654
255.5	0.127449	0.0618984
256	0.127449	0.0620309
256.5	0.127449	0.0621794
257	0.127449	0.0623108
257.5	0.127449	0.0624416
258	0.127449	0.062572
258.5	0.127449	0.0627018
259	0.127449	0.0628311
259.5	0.127449	0.0629599
260	0.125009	0.0630228
260.5	0	0.0630228
261	0	0.0630228
261.5	0.00451539	0.0626147
262	0.127449	0.0627586
262.5	0.127449	0.062886
263	0.127449	0.0630128
263.5	0.127449	0.0631392
264	0.127449	0.063265
264.5	0.127449	0.0633904
265	0.127449	0.0635153
265.5	0.127449	0.0636397
266	0.127449	0.0637791
266.5	0.127449	0.0639025
267	0.127449	0.0640254
267.5	0.127449	0.0641478
268	0.127449	0.0642697
268.5	0.127449	0.0643912
269	0.127449	0.0645122
269.5	0.127449	0.0646328
270	0.127449	0.0647679
270.5	0.127047	0.0648722
271	0.127763	0.0650066
271.5	0.127449	0.0651252
272	0.127449	0.0652435
272.5	0.127449	0.0653612
273	0.127449	0.0654786
273.5	0.127449	0.0655955
274	0.127449	0.0657264
274.5	0.127449	0.0658424
275	0.127449	0.0659579
275.5	0.127449	0.066073
276	0.126415	0.0661866
276.5	0.124426	0.0662978
277	0.127098	0.0664113
277.5	0.12887	0.066526
278	0.10284	0.0665991
278.5	0.15409	0.0667664
279	0.11028	0.0668361
279.5	0.132549	0.0669671
280	0.129658	0.0670806
280.5	0.132117	0.0672102
281	0.129228	0.0673083
281.5	0.129521	0.0674344
282	0.105388	0.0675077
282.5	0.142133	0.067645
283	0.107706	0.0677204
283.5	0.0791003	0.0677413
284	0.0903328	0.0677846
284.5	0.136442	0.0679007
285	0.111161	0.0679679
285.5	0.0508006	0.0679291
286	0.187648	0.0681303
286.5	0.0497686	0.0680986
287	0.125733	0.0681903
287.5	0.103639	0.0682683
288	0.145392	0.0684042
288.5	0.105456	0.0684741
289	0.0308418	0.0684049
289.5	0.152683	0.06853
290	0	0.06853
290.5	0.028733	0.0683737
291	0.129639	0.0684801
291.5	0.158124	0.0686395
292	0.180119	0.0688479
292.5	0.147148	0.068982
293	0.127439	0.0690846
293.5	0.125919	0.0691854
294	0.127382	0.0692872
294.5	0.121385	0.0693827
295	0	0.0693827
295.5	0.0158097	0.0691949
296	0.130452	0.0693118
296.5	0.127264	0.0694123
297	0.12597	0.0695113
297.5	0.127428	0.0696114
298	0.127496	0.0697111
298.5	0.127449	0.0697733
299	0	0.0697733
299.5	0	0.0697733
300	0	0.0697733
300.5	0	0.0697733
301	0	0.0697733
301.5	0	0.0697733
302	0.00848393	0.0689906
302.5	0.13078	0.0690928
303	0.127449	0.0691917
303.5	0.127449	0.0692902
304	0.127449	0.0693884
304.5	0.126131	0.0694972
305	0.128965	0.0695961
305.5	0.127449	0.0696933
306	0.127449	0.0697901
306.5	0.127449	0.0698867
307	0.127449	0.0699589
307.5	0.0598171	0.0699363
308	0.127449	0.0700321
308.5	0.124365	0.0701247
309	0.127402	0.0702198
309.5	0.127449	0.0703147
310	0.130942	0.0704123
310.5	0.106523	0.0704302
311	0	0.0704302
311.5	0	0.0704302
312	0	0.0704302
312.5	0.00654577	0.06992
313	0.126477	0.0700134
313.5	0.127501	0.0701073
314	0.128384	0.0702018
314.5	0.127449	0.0702951
315	0.126778	0.0703875
315.5	0.0485334	0.0703525
316	0.110667	0.0704184
316.5	0.220878	0.0706645
317	0.128304	0.0707686
317.5	0.125791	0.0708586
318	0.12749	0.0709156
318.5	0	0.0709156
319	0	0.0709156
319.5	0.0323828	0.0707028
320	0.123053	0.0707896
320.5	0.127449	0.0708802
321	0.127449	0.0709592
321.5	0	0.0709592
322	0	0.0709592
322.5	0	0.0709592
323	0	0.0709592
323.5	0.0123396	0.07048
324	0.155458	0.0705626
324.5	0.118624	0.0706746
325	0.138417	0.0707852
325.5	0.129474	0.070876
326	0.127449	0.0709648
326.5	0.127449	0.0710534
327	0.121646	0.0711364
327.5	0.128774	0.0712255
328	0.126309	0.0713122
328.5	0.0589492	0.0712966
329	0.124545	0.0714025
329.5	0.189303	0.0715874
330	0.127275	0.0716739
330.5	0.127629	0.0717603
331	0.127565	0.0718142
331.5	0	0.0718142
332	0	0.0718142
332.5	0	0.0718142
333	0	0.0718142
333.5	0	0.0718142
334	0	0.0718142
334.5	0	0.0718142
335	0	0.0718142
335.5	0	0.0718142
336	0	0.0718142
336.5	0	0.0718142
337	0	0.0718142
337.5	0.00116821	0.0703552
338	0.127449	0.0704415
338.5	0.127449	0.0705276
339	0.127449	0.0706134
339.5	0.125235	0.0706971
340	0.12748	0.0707824
340.5	0.124335	0.0708648
341	0.128217	0.0709395
341.5	0.114348	0.0709939
342	0.0924738	0.0710381
342.5	0.178249	0.0711953
343	0.0752648	0.0712017
343.5	0.0925054	0.0712072
344	0	0.0712072
344.5	0	0.0712072
345	0	0.0712072
345.5	0	0.0712072
346	0	0.0712072
346.5	0	0.0712072
347	0.00200479	0.070398
347.5	0.123644	0.0704786
348	0.139833	0.0705714
348.5	0.0693725	0.0705702
349	0.023567	0.0704772
349.5	0.129831	0.0705304
350	0.0347272	0.0704585
350.5	0.147015	0.0705794
351	0.123334	0.0706586
351.5	0.132314	0.0707449
352	0	0.0707449
352.5	0	0.0707449
353	0	0.0707449
353.5	0.00766281	0.0703663
354	0.126244	0.0704476
354.5	0.0954317	0.0704836
355	0.121306	0.0705508
355.5	0.080415	0.0705536
356	0	0.0705536
356.5	0	0.0705536
357	0	0.0705536
357.5	0	0.0705536
358	0	0.0705536
358.5	0	0.0705536
359	0	0.0705536
359.5	0	0.0705536
360	0.00316836	0.0695937
360.5	0.127449	0.0696755
361	0.127455	0.0697571
361.5	0.127449	0.0698385
362	0.127449	0.0699196
362.5	0.127449	0.0700006
363	0.127449	0.0700812
363.5	0.127449	0.0701718
364	0.127449	0.070252
364.5	0.127449	0.0703319
365	0.127449	0.0704117
365.5	0.127449	0.0704912
366	0.127449	0.0705706
366.5	0.127449	0.0706497
367	0.127449	0.0707285
367.5	0.127449	0.070817
368	0.127449	0.0708954
368.5	0.127449	0.0709736
369	0.127449	0.0710516
369.5	0.127449	0.0711294
370	0.126574	0.0712062
370.5	0.128336	0.0712843
371	0.127449	0.0713614
371.5	0.127449	0.0714479
372	0.127449	0.0715246
372.5	0.127449	0.0715915
373	0	0.0715915
373.5	0	0.0715915
374	0	0.0715915
374.5	0.030792	0.0713618
375	0.127439	0.071438
375.5	0.124424	0.0715116
376	0.127036	0.0715211
376.5	0	0.0715211
377	0	0.0715211
377.5	0	0.0715211
378	0	0.0715211
378.5	0	0.0715211
379	0	0.0715211
379.5	0	0.0715211
380	0.00527982	0.0707179
380.5	0.125977	0.0707927
381	0.121429	0.0708637
381.5	0	0.0708637
382	0	0.0708637
382.5	0	0.0708637
383	0	0.0708637
383.5	0.00941743	0.0704499
384	0.121462	0.0705031
384.5	0.0891137	0.0705339
385	0.162068	0.0706528
385.5	0.135323	0.0707433
386	0.12467	0.0707887
386.5	0.12445	0.0708881
387	0.144885	0.0709844
387.5	0.137361	0.0710652
388	0.127449	0.0711392
388.5	0	0.0711392
389	0	0.0711392
389.5	0.0326243	0.0709918
390	0.0836547	0.0710044
390.5	0	0.0710044
391	0	0.0710044
391.5	0.00929731	0.0707297
392	0.0772119	0.0707384
392.5	0.102279	0.0707575
393	0	0.0707575
393.5	0	0.0707575
394	0	0.0707575
394.5	0	0.0707575
395	0	0.0707575
395.5	0	0.0707575
396	0	0.0707575
396.5	0	0.0707575
397	0	0.0707575
397.5	0	0.0707575
398	0	0.0707575
398.5	0	0.0707575
399	0	0.0707575
399.5	0	0.0707575
400	0	0.0707575
400.5	0	0.0707575
401	0	0.0707575
401.5	0	0.0707575
402	0	0.0707575
402.5	0	0.0707575
403	0	0.0707575
403.5	0	0.0707575
404	0	0.0707575
404.5	0	0.0707575
405	0	0.0707575
405.5	0	0.0707575
406	0	0.0707575
406.5	0	0.0707575
407	0	0.0707575
407.5	0	0.0707575
408	0	0.0707575
408.5	0	0.0707575
409	0	0.0707575
409.5	0	0.0707575
410	0	0.0707575
410.5	0.000429017	0.0675273
411	0.120563	0.0675966
411.5	0	0.0675966
412	0	0.0675966
412.5	0.0376159	0.0674872
413	0.127449	0.0675701
413.5	0.127449	0.0676436
414	0.120058	0.0676948
414.5	0	0.0676948
415	0	0.0676948
415.5	0	0.0676948
416	0	0.0676948
416.5	0	0.0676948
417	0	0.0676948
417.5	0	0.0676948
418	0	0.0676948
418.5	0	0.0676948
419	0	0.0676948
419.5	0	0.0676948
420	0	0.0676948
420.5	0	0.0676948
421	0	0.0676948
421.5	0	0.0676948
422	0	0.0676948
422.5	0	0.0676948
423	0.00172066	0.0662299
423.5	0.113582	0.0662855
424	0.166006	0.0664
424.5	0.116218	0.0664572
425	0.123943	0.0665365
425.5	0.12925	0.0666102
426	0.120449	0.066678
426.5	0.111174	0.0667235
427	0.110737	0.0667762
427.5	0.112885	0.0668379
428	0.116126	0.066894
428.5	0.108103	0.0669443
429	0.143827	0.0670449
429.5	0.179876	0.0671629
430	0.145661	0.067254
430.5	0.117735	0.0673184
431	0.129746	0.0673995
431.5	0.145849	0.0674901
432	0.0997525	0.0675264
432.5	0.120611	0.0675922
433	0.160899	0.0676138
433.5	0	0.0676138
434	0	0.0676138
434.5	0	0.0676138
435	0	0.0676138
435.5	0	0.0676138
436	0	0.0676138
436.5	0	0.0676138
437	0	0.0676138
437.5	0	0.0676138
438	0	0.0676138
438.5	0	0.0676138
439	0	0.0676138
439.5	0	0.0676138
440	0	0.0676138
440.5	0	0.0676138
441	0	0.0676138
441.5	0	0.0676138
442	0	0.0676138
442.5	0.00633276	0.066202
443	0.127475	0.066272
443.5	0.12748	0.0663419
444	0.129987	0.0664131
444.5	0.127751	0.0664915
445	0.127449	0.0665609
445.5	0.127449	0.0666301
446	0.127449	0.0666992
446.5	0.127449	0.0667595
447	0	0.0667595
447.5	0	0.0667595
448	0	0.0667595
448.5	0	0.0667595
449	0	0.0667595
449.5	0	0.0667595
450	0	0.0667595
450.5	0	0.0667595
451	0	0.0667595
451.5	0	0.0667595
452	0	0.0667595
452.5	0	0.0667595
453	0	0.0667595
453.5	0	0.0667595
454	0	0.0667595
454.5	0	0.0667595
455	0	0.0667595
455.5	0	0.0667595
456	0	0.0667595
456.5	0	0.0667595
457	0	0.0667595
457.5	0	0.0667595
458	0.00270683	0.0650934
458.5	0.0884347	0.0651073
459	0.0231662	0.0650437
459.5	0.133126	0.0651155
460	0.0705134	0.0651222
460.5	0.123188	0.0651882
461	0.210427	0.0653572
461.5	0.147758	0.0654351
462	0.101983	0.0654539
462.5	0	0.0654539
463	0	0.0654539
463.5	0.0344962	0.065329
464	0.119437	0.0653841
464.5	0.138319	0.0654665
465	0.128406	0.0655429
465.5	0.127366	0.0656101
466	0.126831	0.0656769
466.5	0.127703	0.065744
467	0.124192	0.065809
467.5	0.127553	0.0658757
468	0.130663	0.065944
468.5	0.124365	0.0660087
469	0.124719	0.0660734
469.5	0.134875	0.0661521
470	0.120478	0.066214
470.5	0.136808	0.0662758
471	0.110237	0.0663304
471.5	0.129704	0.0663972
472	0.0576238	0.0663868
472.5	0.108198	0.0664263
473	0.0789471	0.0664398
473.5	0.0811467	0.0664429
474	0.0830562	0.0664769
474.5	0.141757	0.066558
475	0.127625	0.066623
475.5	0.127387	0.0666876
476	0.127049	0.0667519
476.5	0.128756	0.0668252
477	0.127397	0.0668894
477.5	0.127792	0.0669537
478	0.122271	0.0670146
478.5	0.127459	0.0670785
479	0.127361	0.0671421
479.5	0.124434	0.067204
480	0.136243	0.067272
480.5	0.12744	0.0673432
481	0.117487	0.0673932
481.5	0.131437	0.0674665
482	0.128764	0.0675063
482.5	0	0.0675063
483	0	0.0675063
483.5	0	0.0675063
484	0	0.0675063
484.5	0	0.0675063
485	0	0.0675063
485.5	0.0085321	0.0670479
486	0.127601	0.0671108
486.5	0.127418	0.0671734
487	0.121398	0.067203
487.5	0	0.067203
488	0	0.067203
488.5	0	0.067203
489	0	0.067203
489.5	0	0.067203
490	0.0120768	0.0668281
490.5	0.122646	0.0668655
491	0	0.0668655
491.5	0	0.0668655
492	0	0.0668655
492.5	0	0.0668655
493	0	0.0668655
493.5	0	0.0668655
494	0	0.0668655
494.5	0	0.0668655
495	0	0.0668655
495.5	0	0.0668655
496	0	0.0668655
496.5	0	0.0668655
497	0	0.0668655
497.5	0	0.0668655
498	0	0.0668655
498.5	0	0.0668655
499	0	0.0668655
499.5	0	0.0668655
500	0	0.0668655
500.5	0	0.0668655
501	0.00366936	0.065483
501.5	0.126265	0.0655448
502	0.125045	0.0656058
502.5	0.16233	0.0656153
503	0	0.0656153
503.5	0	0.0656153
504	0	0.0656153
504.5	0	0.0656153
505	0	0.0656153
505.5	0	0.0656153
506	0	0.0656153
506.5	0	0.0656153
507	0	0.0656153
507.5	0	0.0656153
508	0	0.0656153
508.5	0	0.0656153
509	0	0.0656153
509.5	0	0.0656153
510	0	0.0656153
510.5	0	0.0656153
511	0	0.0656153
511.5	0	0.0656153
512	0	0.0656153
512.5	0	0.0656153
513	0	0.0656153
513.5	0	0.0656153
514	0	0.0656153
514.5	0	0.0656153
515	0	0.0656153
515.5	0	0.0656153
516	0	0.0656153
516.5	0	0.0656153
517	0	0.0656153
517.5	0	0.0656153
518	0	0.0656153
518.5	0	0.0656153
519	0	0.0656153
519.5	0	0.0656153
520	0	0.0656153
520.5	0.000424952	0.0632471
521	0.127449	0.0633093
521.5	0.063224	0.0633092
522	0.127449	0.0633712
522.5	0.127449	0.063433
523	0.127449	0.0634948
523.5	0.127449	0.0635641
524	0.127449	0.0636256
524.5	0.127449	0.0636869
525	0.126657	0.0637478
525.5	0.126197	0.0638083
526	0.128657	0.0638699
526.5	0.127625	0.0639309
527	0.121412	0.0639886
527.5	0.134015	0.0640602
528	0.117726	0.0641087
528.5	0.127316	0.0641691
529	0.125629	0.0642285
529.5	0.099911	0.0642394
530	0.0439592	0.0642114
530.5	0.0589251	0.0642046
531	0.114298	0.0642444
531.5	0.135173	0.0643237
532	0.10799	0.0643542
532.5	0.0341484	0.0643409
533	0	0.0643409
533.5	0	0.0643409
534	0	0.0643409
534.5	0	0.0643409
535	0	0.0643409
535.5	0	0.0643409
536	0	0.0643409
536.5	0	0.0643409
537	0	0.0643409
537.5	0	0.0643409
538	0	0.0643409
538.5	0	0.0643409
539	0	0.0643409
539.5	0	0.0643409
540	0	0.0643409
540.5	0	0.0643409
541	0	0.0643409
541.5	0	0.0643409
542	0	0.0643409
542.5	0	0.0643409
543	0	0.0643409
543.5	0	0.0643409
544	0	0.0643409
544.5	0	0.0643409
545	0	0.0643409
545.5	0	0.0643409
546	0	0.0643409
546.5	0	0.0643409
547	0	0.0643409
547.5	0	0.0643409
548	0	0.0643409
548.5	0	0.0643409
549	0.00324598	0.062415
549.5	0.127969	0.0624749
550	0.127449	0.0625344
550.5	0.127449	0.0625938
551	0.127449	0.0626531
551.5	0.127449	0.0626975
552	0	0.0626975
552.5	0	0.0626975
553	0	0.0626975
553.5	0	0.0626975
554	0	0.0626975
554.5	0	0.0626975
555	0	0.0626975
555.5	0	0.0626975
556	0	0.0626975
556.5	0.00762527	0.0621769
557	0.0350279	0.0621545
557.5	0.0986781	0.0621918
558	0.0997119	0.0622243
558.5	0.0301806	0.0621938
559	0.0926348	0.0621985
559.5	0.0511973	0.06218
560	0.0646835	0.0621817
560.5	0.0889423	0.0622118
561	0.180095	0.0623054
561.5	0.116754	0.0623654
562	0.0485994	0.0623533
562.5	0.1654	0.062451
563	0.156693	0.0625195
563.5	0	0.0625195
564	0	0.0625195
564.5	0	0.0625195
565	0	0.0625195
565.5	0	0.0625195
566	0	0.0625195
566.5	0	0.0625195
567	0	0.0625195
567.5	0	0.0625195
568	0.00621628	0.062008
568.5	0.127449	0.0620732
569	0.127449	0.062131
569.5	0.127449	0.0621887
570	0.125954	0.0622457
570.5	0.128698	0.0623038
571	0.12716	0.0623611
571.5	0.12749	0.0624184
572	0.127976	0.0624759
572.5	0.127449	0.0625401
573	0.125755	0.0625964
573.5	0.129442	0.0626469
574	0.117326	0.062699
574.5	0.144016	0.0627463
575	0	0.0627463
575.5	0	0.0627463
576	0	0.0627463
576.5	0	0.0627463
577	0	0.0627463
577.5	0	0.0627463
578	0	0.0627463
578.5	0	0.0627463
579	0	0.0627463
579.5	0	0.0627463
580	0	0.0627463
580.5	0	0.0627463
581	0	0.0627463
581.5	0	0.0627463
582	0	0.0627463
582.5	0	0.0627463
583	0	0.0627463
583.5	0	0.0627463
584	0.00324143	0.0617386
584.5	0.129991	0.0617962
585	0.127449	0.0618597
585.5	0.125783	0.0619153
586	0.127361	0.0619716
586.5	0.127525	0.0620137
587	0	0.0620137
587.5	0	0.0620137
588	0	0.0620137
588.5	0	0.0620137
589	0	0.0620137
589.5	0	0.0620137
590	0	0.0620137
590.5	0	0.0620137
591	0	0.0620137
591.5	0	0.0620137
592	0	0.0620137
592.5	0	0.0620137
593	0	0.0620137
593.5	0	0.0620137
594	0	0.0620137
594.5	0	0.0620137
595	0	0.0620137
595.5	0	0.0620137
596	0.00163071	0.0610184
596.5	0.0925018	0.0610458
597	0.162459	0.0610542
597.5	0	0.0610542
598	0	0.0610542
598.5	0.0120389	0.0608907
599	0.138813	0.0609583
599.5	0.124677	0.0610061
600	0.127546	0.0610687
600.5	0.127459	0.0611243
601	0.12431	0.0611785
601.5	0.127485	0.0612339
602	0.130701	0.0612905
602.5	0.127257	0.0613456
603	0.127413	0.0614007
603.5	0.127449	0.0614557
604	0.127362	0.0615175
604.5	0.130418	0.0615664
605	0	0.0615664
605.5	0.0144836	0.0614805
606	0.128286	0.0615011
606.5	0.0660595	0.0615057
607	0.10803	0.0615568
607.5	0.104579	0.0615894
608	0.114963	0.0616383
608.5	0	0.0616383
609	0.0221013	0.0615677
609.5	0.0868745	0.0615868
610	0.1112	0.061622
610.5	0	0.061622
611	0	0.061622
611.5	0	0.061622
612	0	0.061622
612.5	0	0.061622
613	0.00766514	0.0613462
613.5	0.0842011	0.0613674
614	0.108062	0.0614012
614.5	0	0.0614012
615	0	0.0614012
615.5	0	0.0614012
616	0	0.0614012
616.5	0	0.0614012
617	0	0.0614012
617.5	0	0.0614012
618	0	0.0614012
618.5	0	0.0614012
619	0	0.0614012
619.5	0	0.0614012
620	0	0.0614012
620.5	0	0.0614012
621	0	0.0614012
621.5	0	0.0614012
622	0	0.0614012
622.5	0	0.0614012
623	0	0.0614012
623.5	0	0.0614012
624	0	0.0614012
624.5	0	0.0614012
625	0	0.0614012
625.5	0	0.0614012
626	0	0.0614012
626.5	0	0.0614012
627	0.00120103	0.0601219
627.5	0.127449	0.0601758
628	0.127449	0.0602296
628.5	0.127449	0.0602497
629	0.0675217	0.0602593
629.5	0.118292	0.060303
630	0.0969091	0.0603317
630.5	0.151114	0.0604156
631	0.132676	0.0604709
631.5	0.120366	0.0605213
632	0.142244	0.0605867
632.5	0.127449	0.0606398
633	0.127449	0.0606928
633.5	0.126944	0.060706
634	0	0.060706
634.5	0	0.060706
635	0	0.060706
635.5	0	0.060706
636	0	0.060706
636.5	0	0.060706
637	0	0.060706
637.5	0	0.060706
638	0	0.060706
638.5	0	0.060706
639	0	0.060706
639.5	0	0.060706
640	0	0.060706
640.5	0.00211847	0.0600153
641	0.127449	0.0600681
641.5	0.127449	0.0600945
642	0	0.0600945
642.5	0	0.0600945
643	0	0.0600945
643.5	0	0.0600945
644	0	0.0600945
644.5	0	0.0600945
645	0	0.0600945
645.5	0	0.0600945
646	0	0.0600945
646.5	0	0.0600945
647	0	0.0600945
647.5	0	0.0600945
648	0	0.0600945
648.5	0	0.0600945
649	0	0.0600945
649.5	0	0.0600945
650	0	0.0600945
650.5	0	0.0600945
651	0	0.0600945
651.5	0	0.0600945
652	0	0.0600945
652.5	0	0.0600945
653	0.000673767	0.0590145
653.5	0.0649311	0.0590201
654	0.0854634	0.059039
654.5	0.0190485	0.0590133
655	0	0.0590133
655.5	0	0.0590133
656	0.00479971	0.0588757
656.5	0.127364	0.0589281
657	0.127534	0.0589804
657.5	0.127274	0.0590326
658	0.127625	0.0590849
658.5	0.127385	0.0591304
659	0	0.0591304
659.5	0	0.0591304
660	0	0.0591304
660.5	0	0.0591304
661	0.0180611	0.0589655
661.5	0.132356	0.0590191
662	0.10523	0.0590509
662.5	0.0705263	0.0590607
663	0.147002	0.0591328
663.5	0.214356	0.0591415
664	0	0.0591415
664.5	0	0.0591415
665	0	0.0591415
665.5	0	0.0591415
666	0	0.0591415
666.5	0.0115037	0.0588932
667	0.127495	0.0589513
667.5	0.127454	0.0590027
668	0.12748	0.0590542
668.5	0.12732	0.0591054
669	0.127485	0.0591567
669.5	0.128133	0.0592081
670	0.12436	0.0592581
670.5	0.124891	0.0593082
671	0.0810199	0.059321
671.5	0.159519	0.0594181
672	0.127309	0.0594689
672.5	0.127249	0.0595195
673	0.13354	0.0595459
673.5	0	0.0595459
674	0	0.0595459
674.5	0	0.0595459
675	0	0.0595459
675.5	0	0.0595459
676	0	0.0595459
676.5	0	0.0595459
677	0	0.0595459
677.5	0	0.0595459
678	0	0.0595459
678.5	0	0.0595459
679	0	0.0595459
679.5	0	0.0595459
680	0.00753768	0.0589784
680.5	0.127449	0.0590289
681	0.127449	0.0590793
681.5	0.127449	0.0591296
682	0.127449	0.0591798
682.5	0.127449	0.05923
683	0.127449	0.05928
683.5	0.127449	0.0593301
684	0.127449	0.0593862
684.5	0.127449	0.0594361
685	0.127449	0.0594859
685.5	0.127449	0.0595356
686	0.127449	0.0595852
686.5	0.127449	0.0596348
687	0.127449	0.0596843
687.5	0.127449	0.0597337
688	0.127449	0.0597892
688.5	0.127449	0.0598385
689	0.127449	0.0598877
689.5	0.127449	0.0599368
690	0.127449	0.0599859
690.5	0.127449	0.0600349
691	0.127449	0.0600838
691.5	0.127449	0.0601326
692	0.127449	0.0601875
692.5	0.127449	0.0602362
693	0.127449	0.0602848
693.5	0.127449	0.0603334
694	0.127449	0.0603818
694.5	0.127449	0.0604302
695	0.127449	0.0604786
695.5	0.127449	0.0605269
696	0	0.0605269
696.5	0	0.0605269
697	0	0.0605269
697.5	0	0.0605269
698	0	0.0605269
698.5	0	0.0605269
699	0	0.0605269
699.5	0	0.0605269
700	0	0.0605269
700.5	0	0.0605269
701	0.00141074	0.0600496
701.5	0.129021	0.0600982
702	0.127449	0.0601463
702.5	0.127449	0.0601943
703	0.127449	0.0602423
703.5	0.127449	0.0602902
704	0.127449	0.060338
704.5	0.127449	0.0603857
705	0.127449	0.0604394
705.5	0.127449	0.0604869
706	0.127449	0.0605345
706.5	0.127449	0.0605582
707	0	0.0605582
707.5	0	0.0605582
708	0	0.0605582
708.5	0.024789	0.0604444
709	0.13035	0.0604988
709.5	0.127402	0.060546
710	0.127547	0.0605933
710.5	0.130631	0.0606415
711	0.127426	0.0606944
711.5	0.127496	0.0607415
712	0.126558	0.0607764
712.5	0	0.0607764
713	0	0.0607764
713.5	0	0.0607764
714	0	0.0607764
714.5	0	0.0607764
715	0	0.0607764
715.5	0	0.0607764
716	0	0.0607764
716.5	0	0.0607764
717	0	0.0607764
717.5	0	0.0607764
718	0	0.0607764
718.5	0.00593352	0.0602631
719	0.125415	0.0603092
719.5	0.127522	0.060356
720	0.129475	0.0604033
720.5	0.127449	0.0604499
721	0.125774	0.0604959
721.5	0.126268	0.0605478
722	0.125913	0.060588
722.5	0.126449	0.060634
723	0.100814	0.0606648
723.5	0.117827	0.0606969
724	0.0660906	0.0607014
724.5	0.13867	0.0607571
725	0.169168	0.0608347
725.5	0.110819	0.0608645
726	0.0941506	0.0608917
726.5	0.166727	0.0609544
727	0.135587	0.0610088
727.5	0.12958	0.0610611
728	0.0945594	0.0610844
728.5	0.216985	0.0611867
729	0.129903	0.0612388
729.5	0.127449	0.0612842
730	0.127449	0.0613296
730.5	0.127449	0.0613523
731	0	0.0613523
731.5	0	0.0613523
732	0	0.0613523
732.5	0	0.0613523
733	0.00576177	0.0611423
733.5	0.127449	0.0611875
734	0.127449	0.0612384
734.5	0.127449	0.061261
735	0	0.061261
735.5	0	0.061261
736	0.0314071	0.0611889
736.5	0.127154	0.0612282
737	0	0.0612282
737.5	0.0299219	0.0611829
738	0.125692	0.0612273
738.5	0.128689	0.0612726
739	0.118972	0.0613093
739.5	0.126435	0.0613593
740	0.113163	0.0613938
740.5	0.151643	0.0614579
741	0.128056	0.0615027
741.5	0.12475	0.0615463
742	0.127084	0.0615907
742.5	0.0680317	0.0615948
743	0.15499	0.0616659
743.5	0.0954126	0.0616849
744	0.118283	0.0617311
744.5	0.190613	0.061818
745	0.127356	0.0618621
745.5	0.129268	0.0619067
746	0.0971214	0.06193
746.5	0.115326	0.0619695
747	0.138928	0.0620228
747.5	0.111045	0.0620463
748	0.0996002	0.0620785
748.5	0.129189	0.0621006
749	0	0.0621006
749.5	0	0.0621006
750	0	0.0621006
750.5	0	0.0621006
751	0.0198424	0.0619423
751.5	0.124661	0.061985
752	0.122616	0.0620113
752.5	0.0122516	0.0619682
753	0.124405	0.0620108
753.5	0.127516	0.0620543
754	0.127548	0.0620977
754.5	0.127541	0.0621465
755	0.130363	0.0621907
755.5	0.127449	0.062234
756	0.124369	0.0622761
756.5	0.130678	0.0623203
757	0.124481	0.0623623
757.5	0.124503	0.0624044
758	0.133075	0.0624547
758.5	0.127449	0.0624975
759	0.127449	0.062535
759.5	0.0861364	0.0625523
760	0.125697	0.0625945
760.5	0.124379	0.0626361
761	0.127459	0.0626787
761.5	0.13026	0.0627276
762	0.127502	0.0627649
762.5	0.124722	0.0628116
763	0.127547	0.062854
763.5	0.124355	0.0628953
764	0.127366	0.0629376
764.5	0.130663	0.0629808
765	0.130777	0.0630241
765.5	0.127385	0.0630714
766	0.127449	0.0631135
766.5	0.130663	0.0631565
767	0.117602	0.0631902
767.5	0.135014	0.0632344
768	0.0942641	0.0632583
768.5	0.138654	0.0633091
769	0.145418	0.0633618
769.5	0.139816	0.0634071
770	0.127472	0.0634539
770.5	0.128307	0.0634958
771	0.127449	0.0635373
771.5	0.127449	0.0635632
772	0	0.0635632
772.5	0	0.0635632
773	0	0.0635632
773.5	0	0.0635632
774	0	0.0635632
774.5	0	0.0635632
775	0	0.0635632
775.5	0	0.0635632
776	0	0.0635632
776.5	0	0.0635632
777	0	0.0635632
777.5	0	0.0635632
778	0	0.0635632
778.5	0	0.0635632
779	0	0.0635632
779.5	0	0.0635632
780	0	0.0635632
780.5	0	0.0635632
781	0	0.0635632
781.5	0	0.0635632
782	0	0.0635632
782.5	0	0.0635632
783	0	0.0635632
783.5	0	0.0635632
784	0	0.0635632
784.5	0	0.0635632
785	0	0.0635632
785.5	0	0.0635632
786	0	0.0635632
786.5	0	0.0635632
787	0	0.0635632
787.5	0	0.0635632
788	0.00375674	0.0622752
788.5	0.127449	0.0623166
789	0.089521	0.062335
789.5	0.117698	0.0623682
790	0.135119	0.0624171
790.5	0.128553	0.0624586
791	0.126029	0.0624992
791.5	0.127211	0.0625402
792	0.127645	0.0625813
792.5	0.126963	0.0626119
793	0	0.0626119
793.5	0.0210192	0.0625522
794	0.127325	0.0625931
794.5	0.114179	0.0626293
795	0.172599	0.0626549
795.5	0	0.0626549
796	0	0.0626549
796.5	0	0.0626549
797	0	0.0626549
797.5	0	0.0626549
798	0	0.0626549
798.5	0	0.0626549
799	0	0.0626549
799.5	0	0.0626549
800	0	0.0626549
800.5	0	0.0626549
801	0	0.0626549
801.5	0	0.0626549
802	0	0.0626549
802.5	0.00301139	0.062065
803	0.127449	0.0621057
803.5	0.127449	0.0621464
804	0.0813569	0.0621581
804.5	0.127449	0.0622038
805	0.127449	0.062219
805.5	0.0582275	0.0622149
806	0.127334	0.0622553
806.5	0.127327	0.0622957
807	0.125406	0.0623355
807.5	0.0753979	0.062344
808	0.117628	0.0623625
808.5	0	0.0623625
809	0	0.0623625
809.5	0	0.0623625
810	0	0.0623625
810.5	0	0.0623625
811	0	0.0623625
811.5	0	0.0623625
812	0	0.0623625
812.5	0.00498409	0.062024
813	0.126581	0.062064
813.5	0.128434	0.0621044
814	0.119422	0.062142
814.5	0.0720376	0.0621474
815	0.0754253	0.062156
815.5	0.0863209	0.0621669
816	0.0965017	0.0621912
816.5	0.20202	0.0622925
817	0.136975	0.0623403
817.5	0.128628	0.0623805
818	0.125089	0.0624195
818.5	0.129899	0.06246
819	0.127449	0.0624997
819.5	0.127449	0.0625442
820	0.127449	0.0625838
820.5	0.127449	0.0626233
821	0.127449	0.0626628
821.5	0.127449	0.0627022
822	0.127449	0.0627416
822.5	0.127449	0.0627809
823	0.127449	0.0628153
823.5	0	0.0628153
824	0	0.0628153
824.5	0	0.0628153
825	0	0.0628153
825.5	0	0.0628153
826	0	0.0628153
826.5	0	0.0628153
827	0	0.0628153
827.5	0	0.0628153
828	0	0.0628153
828.5	0	0.0628153
829	0	0.0628153
829.5	0.00475537	0.0623465
830	0.127449	0.0623857
830.5	0.127449	0.0624248
831	0.127449	0.062464
831.5	0.127449	0.062503
832	0.127449	0.062542
832.5	0.127449	0.0625859
833	0.127449	0.0626248
833.5	0.127449	0.0626637
834	0.127449	0.0627025
834.5	0.127449	0.0627412
835	0.127449	0.06278
835.5	0.127449	0.0628187
836	0.127447	0.0628573
836.5	0.111784	0.0628865
837	0.103153	0.0629125
837.5	0.122645	0.0629449
838	0.112619	0.0629616
838.5	0	0.0629616
839	0.024897	0.0629036
839.5	0.205114	0.0629956
840	0.15513	0.0630463
840.5	0.127449	0.0630511
841	0	0.0630511
841.5	0	0.0630511
842	0	0.0630511
842.5	0	0.0630511
843	0	0.0630511
843.5	0.00452549	0.062807
844	0.127537	0.0628453
844.5	0.127418	0.0628835
845	0.127475	0.0629217
845.5	0.124335	0.0629589
846	0.130332	0.0630027
846.5	0.125149	0.06304
847	0.127516	0.063078
847.5	0.12749	0.063116
848	0.124379	0.063153
848.5	0.123588	0.0631897
849	0.125201	0.0632268
849.5	0.114478	0.0632478
850	0.122156	0.063293
850.5	0.13835	0.0633387
851	0.165014	0.063356
851.5	0	0.063356
852	0	0.063356
852.5	0	0.063356
853	0	0.063356
853.5	0	0.063356
854	0	0.063356
854.5	0	0.063356
855	0	0.063356
855.5	0	0.063356
856	0	0.063356
856.5	0.00134484	0.0629275
857	0.1175	0.062962
857.5	0.094738	0.0629807
858	0.0507037	0.0629739
858.5	0.149714	0.0630223
859	0.0603726	0.0630207
859.5	0.0926555	0.0630384
860	0.117604	0.0630728
860.5	0.0995316	0.0630931
861	0.150342	0.0631467
861.5	0.199344	0.0632288
862	0.141064	0.0632746
862.5	0.127346	0.0633118
863	0.127459	0.0633489
863.5	0.126954	0.0633858
864	0.127296	0.0634182
864.5	0.107626	0.0634484
865	0.125099	0.0634847
865.5	0.137897	0.0634996
866	0	0.0634996
866.5	0	0.0634996
867	0	0.0634996
867.5	0.00365875	0.0633495
868	0.0581967	0.0633463
868.5	0.118931	0.0633848
869	0	0.0633848
869.5	0	0.0633848
870	0	0.0633848
870.5	0	0.0633848
871	0	0.0633848
871.5	0	0.0633848
872	0	0.0633848
872.5	0	0.0633848
873	0	0.0633848
873.5	0	0.0633848
874	0	0.0633848
874.5	0	0.0633848
875	0	0.0633848
875.5	0	0.0633848
876	0	0.0633848
876.5	0	0.0633848
877	0	0.0633848
877.5	0	0.0633848
878	0	0.0633848
878.5	0	0.0633848
879	0	0.0633848
879.5	0	0.0633848
880	0.00339874	0.062587
880.5	0.127449	0.0626238
881	0.127449	0.0626606
881.5	0.114363	0.0626728
882	0.0318777	0.0626467
882.5	0.0924689	0.0626641
883	0.0673018	0.0626672
883.5	0.174809	0.062725
884	0.13629	0.0627639
884.5	0.0944673	0.062785
885	0.193816	0.0628579
885.5	0.17933	0.0629221
886	0.127449	0.0629585
886.5	0.127443	0.0629993
887	0.0944185	0.0630172
887.5	0.140221	0.0630567
888	0.0751634	0.0630639
888.5	0.203266	0.0631442
889	0.127449	0.0631803
889.5	0.12532	0.0632158
890	0.127315	0.0632518
890.5	0.124419	0.0632869
891	0.127439	0.0633229
891.5	0.130308	0.0633641
892	0.127428	0.0634
892.5	0.127477	0.0634269
893	0.0130567	0.0633925
893.5	0.127371	0.0634283
894	0.129603	0.0634692
894.5	0	0.0634692
895	0	0.0634692
895.5	0	0.0634692
896	0	0.0634692
896.5	0	0.0634692
897	0.00800301	0.0632848
897.5	0.129979	0.0633257
898	0.127449	0.0633614
898.5	0.127449	0.0633881
899	0.0984615	0.0634133
899.5	0.127485	0.0634489
900	0.127387	0.0634843
900.5	0.127532	0.0635198
901	0.124335	0.0635544
901.5	0.130303	0.063595
902	0.110338	0.0636212
902.5	0.0572348	0.0636182
903	0.111403	0.0636371
903.5	0.0223546	0.0636046
904	0.116364	0.0636325
904.5	0.0982511	0.063648
905	0.0417839	0.0636388
905.5	0.0179748	0.0636165
906	0	0.0636165
906.5	0	0.0636165
907	0	0.0636165
907.5	0	0.0636165
908	0.00276789	0.063424
908.5	0.127511	0.0634592
909	0.12746	0.0634943
909.5	0.109566	0.0635201
910	0.0972816	0.0635292
910.5	0.0663757	0.0635307
911	0.0977142	0.0635612
911.5	0.125427	0.0635913
912	0.134616	0.0636327
912.5	0.125085	0.0636584
913	0	0.0636584
913.5	0.0340705	0.0636206
914	0.127449	0.0636555
914.5	0.127449	0.0636903
915	0.127449	0.0637251
915.5	0.127449	0.0637641
916	0.127449	0.0637988
916.5	0.127449	0.0638335
917	0.127449	0.0638681
917.5	0.127449	0.0639027
918	0.127449	0.0639373
918.5	0.127449	0.0639718
919	0.127449	0.0640062
919.5	0.127449	0.064045
920	0.127449	0.0640794
920.5	0.126678	0.0641135
921	0.12747	0.0641478
921.5	0.124345	0.0641813
922	0.130663	0.0642164
922.5	0.127516	0.0642506
923	0.124321	0.0642839
923.5	0.130712	0.0643189
924	0.127463	0.0643572
924.5	0.127392	0.0643913
925	0.127553	0.0643998
925.5	0	0.0643998
926	0	0.0643998
926.5	0	0.0643998
927	0	0.0643998
927.5	0	0.0643998
928	0	0.0643998
928.5	0	0.0643998
929	0.00542006	0.0641204
929.5	0.12437	0.0641536
930	0.127826	0.0641876
930.5	0.130351	0.0642267
931	0.127511	0.0642606
931.5	0.127449	0.0642944
932	0.128857	0.0643286
932.5	0.127449	0.0643624
933	0.127449	0.0643961
933.5	0.127449	0.064434
934	0.127449	0.0644677
934.5	0.127449	0.0645013
935	0.127449	0.0645349
935.5	0.127449	0.0645433
936	0	0.0645433
936.5	0	0.0645433
937	0	0.0645433
937.5	0	0.0645433
938	0	0.0645433
938.5	0	0.0645433
939	0	0.0645433
939.5	0	0.0645433
940	0	0.0645433
940.5	0	0.0645433
941	0	0.0645433
941.5	0	0.0645433
942	0	0.0645433
942.5	0	0.0645433
943	0	0.0645433
943.5	0	0.0645433
944	0	0.0645433
944.5	0	0.0645433
945	0	0.0645433
945.5	0	0.0645433
946	0	0.0645433
946.5	0	0.0645433
947	0	0.0645433
947.5	0	0.0645433
948	0	0.0645433
948.5	0	0.0645433
949	0	0.0645433
949.5	0	0.0645433
950	0	0.0645433
950.5	0	0.0645433
951	0	0.0645433
951.5	0	0.0645433
952	0	0.0645433
952.5	0	0.0645433
953	0	0.0645433
953.5	0	0.0645433
954	0	0.0645433
954.5	0	0.0645433
955	0.00236471	0.0632306
955.5	0.141136	0.0632719
956	0.119088	0.0632991
956.5	0.135694	0.063339
957	0.127449	0.0633474
957.5	0	0.0633474
958	0	0.0633474
958.5	0	0.0633474
959	0	0.0633474
959.5	0	0.0633474
960	0	0.0633474
960.5	0	0.0633474
961	0	0.0633474
961.5	0	0.0633474
962	0	0.0633474
962.5	0	0.0633474
963	0	0.0633474
963.5	0	0.0633474
964	0	0.0633474
964.5	0	0.0633474
965	0	0.0633474
965.5	0.00177018	0.0627749
966	0.124358	0.0628074
966.5	0.124429	0.06284
967	0.133441	0.0628791
967.5	0.0924484	0.0628844
968	0.0284967	0.0628547
968.5	0.157911	0.0629041
969	0.141085	0.0629449
969.5	0.219515	0.0630209
970	0.127449	0.0630541
970.5	0.126932	0.063087
971	0.11719	0.0631135
971.5	0.128985	0.063151
972	0.132692	0.0631853
972.5	0.100718	0.0632066
973	0.134938	0.0632457
973.5	0.14794	0.0632877
974	0.12991	0.0633212
974.5	0.130421	0.0633548
975	0.127449	0.0633916
975.5	0.127449	0.0634244
976	0.0769781	0.0634316
976.5	0.127158	0.0634642
977	0.0323558	0.0634485
977.5	0.158065	0.0634972
978	0.0631805	0.063497
978.5	0.153503	0.0635399
979	0.109613	0.0635637
979.5	0.151663	0.0636156
980	0.140056	0.063651
980.5	0.110271	0.0636749
981	0.182242	0.0637382
981.5	0	0.0637382
982	0	0.0637382
982.5	0	0.0637382
983	0	0.0637382
983.5	0	0.0637382
984	0	0.0637382
984.5	0	0.0637382
985	0	0.0637382
985.5	0	0.0637382
986	0	0.0637382
986.5	0	0.0637382
987	0	0.0637382
987.5	0	0.0637382
988	0	0.0637382
988.5	0	0.0637382
989	0	0.0637382
989.5	0	0.0637382
990	0	0.0637382
990.5	0	0.0637382
991	0	0.0637382
991.5	0	0.0637382
992	0	0.0637382
992.5	0	0.0637382
993	0	0.0637382
993.5	0	0.0637382
994	0	0.0637382
994.5	0	0.0637382
995	0	0.0637382
995.5	0	0.0637382
996	0.00469396	0.0628354
996.5	0.130641	0.0628685
997	0.12748	0.0629008
997.5	0.104822	0.0629231
998	0.0852286	0.0629335
998.5	0.161937	0.062987
999	0.12261	0.0630141
999.5	0.0864105	0.063027
1000	0.184789	0.0630375
1000.5	0	0.0630375
1001	0	0.0630375
1001.5	0	0.0630375
1002	0	0.0630375
1002.5	0	0.0630375
1003	0	0.0630375
1003.5	0	0.0630375
1004	0.0124359	0.0628122
1004.5	0.0947248	0.0628281
1005	0.0751332	0.0628346
1005.5	0.202256	0.0628945
1006	0.114919	0.0629231
1006.5	0.161444	0.0629712
1007	0.132867	0.0630044
1007.5	0.124328	0.0630394
1008	0.127573	0.0630713
1008.5	0.132737	0.0631044
1009	0.122542	0.0631349
1009.5	0.128451	0.0631629
1010	0.129534	0.0631992
1010.5	0.122446	0.0632258
1011	0.0905588	0.0632424
1011.5	0.153129	0.0632838
1012	0.117365	0.0633092
1012.5	0.147186	0.0633315
1013	0.12668	0.0633825
1013.5	0.131164	0.0634149
1014	0.126401	0.0634461
1014.5	0.128219	0.0634777
1015	0.127382	0.0635091
1015.5	0.127537	0.0635405
1016	0.127377	0.0635718
1016.5	0.127412	0.0636071
1017	0.127568	0.0636384
1017.5	0.127356	0.0636696
1018	0.127465	0.0637009
1018.5	0.127402	0.063732
1019	0.0788207	0.0637395
1019.5	0.127449	0.0637706
1020	0.127449	0.0638018
1020.5	0.127449	0.0638367
1021	0.127449	0.0638678
1021.5	0.127449	0.0638988
1022	0.127449	0.0639298
1022.5	0.127449	0.0639607
1023	0.127449	0.0639917
1023.5	0.12669	0.0640224
1024	0.124454	0.0640525
1024.5	0.128309	0.0640836
1025	0.121742	0.0641129
1025.5	0.13097	0.0641445
1026	0.128548	0.0641794
1026.5	0.0631541	0.0641789
1027	0.215338	0.0642169
1027.5	0	0.0642169
1028	0	0.0642169
1028.5	0	0.0642169
1029	0	0.0642169
1029.5	0	0.0642169
1030	0	0.0642169
1030.5	0	0.0642169
1031	0.00554932	0.0639727
1031.5	0.12431	0.0640026
1032	0.133365	0.0640346
1032.5	0.127449	0.0640652
1033	0.0440818	0.0640547
1033.5	0.127449	0.0640853
1034	0.127449	0.0641158
1034.5	0.127449	0.0641463
1035	0.127449	0.0641692
1035.5	0.126205	0.0642069
1036	0.119953	0.0642354
1036.5	0.131783	0.0642668
1037	0.123887	0.0642852
1037.5	0.12455	0.0643259
1038	0.138787	0.0643629
1038.5	0.127449	0.0643931
1039	0.127449	0.0644234
1039.5	0.127449	0.0644536
1040	0.121985	0.0644824
1040.5	0.127506	0.0645126
1041	0	0.0645126
1041.5	0	0.0645126
1042	0	0.0645126
1042.5	0.0115855	0.0644082
1043	0.127222	0.0644383
1043.5	0.127719	0.0644609
1044	0	0.0644609
1044.5	0	0.0644609
1045	0	0.0644609
1045.5	0.0148016	0.064359
1046	0.127449	0.064374
1046.5	0.030433	0.0643486
1047	0.127808	0.0643788
1047.5	0.128601	0.064409
1048	0.127449	0.064439
1048.5	0.127449	0.0644689
1049	0.127449	0.0644951
1049.5	0	0.0644951
1050	0	0.0644951
1050.5	0	0.0644951
1051	0	0.0644951
1051.5	0.00606154	0.0643496
1052	0.103043	0.0643694
1052.5	0.132858	0.0644005
1053	0.153921	0.0644444
1053.5	0.129387	0.0644746
1054	0.120536	0.0645026
1054.5	0.121697	0.0645238
1055	0.0540185	0.064518
1055.5	0.13267	0.0645489
1056	0.0323392	0.0645339
1056.5	0	0.0645339
1057	0	0.0645339
1057.5	0	0.0645339
1058	0	0.0645339
1058.5	0	0.0645339
1059	0.00513533	0.0643606
1059.5	0.127449	0.0643902
1060	0.127413	0.0644198
1060.5	0.126712	0.0644235
1061	0	0.0644235
1061.5	0	0.0644235
1062	0	0.0644235
1062.5	0	0.0644235
1063	0	0.0644235
1063.5	0	0.0644235
1064	0	0.0644235
1064.5	0	0.0644235
1065	0.00158242	0.0641276
1065.5	0.127449	0.0641572
1066	0.127449	0.0641868
1066.5	0.127449	0.0642163
1067	0.127449	0.0642459
1067.5	0.127449	0.064279
1068	0.127449	0.0643085
1068.5	0.127449	0.0643379
1069	0.126929	0.0643672
1069.5	0.127745	0.0643967
1070	0.127262	0.064426
1070.5	0.127508	0.0644553
1071	0.127313	0.0644846
1071.5	0.127572	0.0645102
1072	0	0.0645102
1072.5	0	0.0645102
1073	0	0.0645102
1073.5	0	0.0645102
1074	0	0.0645102
1074.5	0	0.0645102
1075	0	0.0645102
1075.5	0	0.0645102
1076	0	0.0645102
1076.5	0	0.0645102
1077	0	0.0645102
1077.5	0	0.0645102
1078	0	0.0645102
1078.5	0	0.0645102
1079	0	0.0645102
1079.5	0	0.0645102
1080	0	0.0645102
1080.5	0	0.0645102
1081	0	0.0645102
1081.5	0.0054495	0.0639536
1082	0.127449	0.0639865
1082.5	0.115443	0.063993
1083	0.0568936	0.0639876
1083.5	0.127211	0.0640167
1084	0.128084	0.064046
1084.5	0.127449	0.0640751
1085	0	0.0640751
1085.5	0	0.0640751
1086	0	0.0640751
1086.5	0	0.0640751
1087	0	0.0640751
1087.5	0	0.0640751
1088	0	0.0640751
1088.5	0	0.0640751
1089	0	0.0640751
1089.5	0	0.0640751
1090	0	0.0640751
1090.5	0	0.0640751
1091	0	0.0640751
1091.5	0	0.0640751
1092	0	0.0640751
1092.5	0	0.0640751
1093	0	0.0640751
1093.5	0	0.0640751
1094	0	0.0640751
1094.5	0	0.0640751
1095	0	0.0640751
1095.5	0	0.0640751
1096	0	0.0640751
1096.5	0.00395071	0.0634144
1097	0	0.0634144
1097.5	0	0.0634144
1098	0	0.0634144
1098.5	0.0292896	0.0633471
1099	0.125771	0.0633757
1099.5	0.127413	0.0634047
1100	0.127496	0.0634337
1100.5	0.127449	0.0634627
1101	0.127475	0.0634916
1101.5	0.121214	0.0635191
1102	0.125762	0.0635476
1102.5	0.0377935	0.0635378
1103	0.105835	0.0635608
1103.5	0.0810521	0.0635685
1104	0.126214	0.0635971
1104.5	0.161971	0.0636363
1105	0.144007	0.0636764
1105.5	0.0835	0.0636832
1106	0.105593	0.0637031
1106.5	0.0882702	0.0637151
1107	0	0.0637151
1107.5	0	0.0637151
1108	0	0.0637151
1108.5	0	0.0637151
1109	0	0.0637151
1109.5	0	0.0637151
1110	0	0.0637151
1110.5	0	0.0637151
1111	0	0.0637151
1111.5	0	0.0637151
1112	0	0.0637151
1112.5	0	0.0637151
1113	0	0.0637151
1113.5	0	0.0637151
1114	0	0.0637151
1114.5	0	0.0637151
1115	0	0.0637151
1115.5	0	0.0637151
1116	0	0.0637151
1116.5	0	0.0637151
1117	0	0.0637151
1117.5	0	0.0637151
1118	0	0.0637151
1118.5	0	0.0637151
1119	0	0.0637151
1119.5	0	0.0637151
1120	0	0.0637151
1120.5	0	0.0637151
1121	0	0.0637151
1121.5	0	0.0637151
1122	0	0.0637151
1122.5	0	0.0637151
1123	0	0.0637151
1123.5	0	0.0637151
1124	0	0.0637151
1124.5	0	0.0637151
1125	0	0.0637151
1125.5	0	0.0637151
1126	0	0.0637151
1126.5	0	0.0637151
1127	0	0.0637151
1127.5	0.00111581	0.0625313
1128	0.128108	0.06256
1128.5	0.122926	0.0625877
1129	0.128985	0.0626166
1129.5	0.115025	0.0626422
1130	0.116186	0.0626648
1130.5	0.0761684	0.0626698
1131	0	0.0626698
1131.5	0	0.0626698
1132	0.0148581	0.0626022
1132.5	0.0884607	0.0626144
1133	0.134854	0.0626332
1133.5	0.0549852	0.0626283
1134	0.140202	0.0626593
1134.5	0.0905036	0.0626722
1135	0.0736427	0.0626774
1135.5	0.182592	0.0627278
1136	0.11905	0.062751
1136.5	0.143456	0.0627902
1137	0.184034	0.0628408
1137.5	0.130109	0.0628732
1138	0.115713	0.0628796
1138.5	0	0.0628796
1139	0.0293329	0.0628397
1139.5	0.127449	0.0628433
1140	0.0501587	0.0628327
1140.5	0.127312	0.0628609
1141	0.130398	0.0628861
1141.5	0	0.0628861
1142	0	0.0628861
1142.5	0	0.0628861
1143	0	0.0628861
1143.5	0	0.0628861
1144	0.015459	0.0627585
1144.5	0.135743	0.062792
1145	0.0704606	0.0627958
1145.5	0.6498	0.062802
1146	0	0.062802
1146.5	0	0.062802
1147	0	0.062802
1147.5	0	0.062802
1148	0	0.062802
1148.5	0	0.062802
1149	0	0.062802
1149.5	0.0106077	0.0625984
1150	0.107314	0.0626185
1150.5	0.0753194	0.0626243
1151	0.15427	0.0626652
1151.5	0.12666	0.0626931
1152	0.138961	0.0627271
1152.5	0.129704	0.0627377
1153	0	0.0627377
1153.5	0	0.0627377
1154	0	0.0627377
1154.5	0	0.0627377
1155	0	0.0627377
1155.5	0	0.0627377
1156	0.0020649	0.0625362
1156.5	0.132651	0.0625652
1157	0.127444	0.0625931
1157.5	0.127454	0.0626245
1158	0.127884	0.0626524
1158.5	0.127449	0.0626803
1159	0.124992	0.0627075
1159.5	0.127639	0.0627319
1160	0	0.0627319
1160.5	0	0.0627319
1161	0	0.0627319
1161.5	0	0.0627319
1162	0	0.0627319
1162.5	0	0.0627319
1163	0.00439356	0.0625509
1163.5	0.1251	0.0625781
1164	0.0925076	0.0625913
1164.5	0	0.0625913
1165	0	0.0625913
1165.5	0	0.0625913
1166	0	0.0625913
1166.5	0	0.0625913
1167	0	0.0625913
1167.5	0	0.0625913
1168	0	0.0625913
1168.5	0	0.0625913
1169	0.00947478	0.0623632
1169.5	0.127506	0.0623909
1170	0.12434	0.0624179
1170.5	0.12335	0.062438
1171	0	0.062438
1171.5	0	0.062438
1172	0	0.062438
1172.5	0	0.062438
1173	0	0.062438
1173.5	0	0.062438
1174	0	0.062438
1174.5	0	0.062438
1175	0.00509825	0.0622104
1175.5	0.116193	0.0622355
1176	0.117845	0.0622482
1176.5	0	0.0622482
1177	0	0.0622482
1177.5	0	0.0622482
1178	0.00355356	0.062137
1178.5	0.142288	0.0621711
1179	0.0884151	0.0621831
1179.5	0.13664	0.0622124
1180	0.0720309	0.0622133
1180.5	0	0.0622133
1181	0	0.0622133
1181.5	0	0.0622133
1182	0.0166345	0.0621214
1182.5	0.0925917	0.0621347
1183	0.0770885	0.0621412
1183.5	0.057615	0.0621391
1184	0.138888	0.0621724
1184.5	0.150671	0.0622117
1185	0.129543	0.0622395
1185.5	0.122944	0.0622659
1186	0.208615	0.0623222
1186.5	0.127454	0.0623529
1187	0.127573	0.0623802
1187.5	0.127511	0.0624075
1188	0.12748	0.0624347
1188.5	0.128922	0.0624622
1189	0.127449	0.0624894
1189.5	0.127449	0.0625166
1190	0.127449	0.0625437
1190.5	0.127449	0.0625742
1191	0.127447	0.0626013
1191.5	0.120238	0.0626237
1192	0.133687	0.0626555
1192.5	0.127449	0.0626825
1193	0.127449	0.0627095
1193.5	0.127449	0.0627365
1194	0.127449	0.0627635
1194.5	0.127449	0.0627938
1195	0.127449	0.0628207
1195.5	0.127449	0.0628274
1196	0	0.0628274
1196.5	0	0.0628274
1197	0	0.0628274
1197.5	0	0.0628274
1198	0	0.0628274
1198.5	0	0.0628274
1199	0	0.0628274
1199.5	0	0.0628274
1200	0	0.0628274
1200.5	0	0.0628274
1201	0	0.0628274
1201.5	0	0.0628274
1202	0	0.0628274
1202.5	0	0.0628274
1203	0	0.0628274
1203.5	0	0.0628274
1204	0	0.0628274
1204.5	0.000876211	0.0623621
1205	0	0.0623621
1205.5	0	0.0623621
1206	0	0.0623621
1206.5	0	0.0623621
1207	0	0.0623621
1207.5	0	0.0623621
1208	0	0.0623621
1208.5	0	0.0623621
1209	0.00321049	0.0621205
1209.5	0.125654	0.062147
1210	0.132332	0.0621783
1210.5	0.127449	0.0622051
1211	0.127449	0.0622319
1211.5	0.127449	0.0622587
1212	0.127449	0.0622854
1212.5	0.127449	0.0623122
1213	0.127449	0.0623422
1213.5	0.127449	0.0623689
1214	0.127449	0.0623856
1214.5	0	0.0623856
1215	0	0.0623856
1215.5	0	0.0623856
1216	0	0.0623856
1216.5	0	0.0623856
1217	0	0.0623856
1217.5	0	0.0623856
1218	0	0.0623856
1218.5	0.00166744	0.0621488
1219	0.0447232	0.0621437
1219.5	0.0777281	0.0621515
1220	0.138993	0.0621839
1220.5	0.066456	0.0621855
1221	0.0494141	0.0621805
1221.5	0.14082	0.0622167
1222	0.216122	0.0622352
1222.5	0	0.0622352
1223	0.0115109	0.0621781
1223.5	0.127449	0.0621947
1224	0	0.0621947
1224.5	0	0.0621947
1225	0	0.0621947
1225.5	0	0.0621947
1226	0	0.0621947
1226.5	0	0.0621947
1227	0	0.0621947
1227.5	0	0.0621947
1228	0	0.0621947
1228.5	0	0.0621947
1229	0	0.0621947
1229.5	0	0.0621947
1230	0	0.0621947
1230.5	0	0.0621947
1231	0	0.0621947
1231.5	0	0.0621947
1232	0	0.0621947
1232.5	0.00341804	0.0617525
1233	0.127648	0.061779
1233.5	0.127122	0.0618054
1234	0.128241	0.0618121
1234.5	0	0.0618121
1235	0.00555009	0.0617471
1235.5	0.13063	0.0617741
1236	0.127501	0.0617873
1236.5	0	0.0617873
1237	0	0.0617873
1237.5	0	0.0617873
1238	0.0242694	0.0617181
1238.5	0.127449	0.0617445
1239	0.127449	0.0617709
1239.5	0.126371	0.061797
1240	0.121492	0.0618221
1240.5	0.133327	0.0618529
1241	0.106217	0.0618689
1241.5	0.124721	0.0618947
1242	0.127352	0.0619242
1242.5	0.12734	0.0619504
1243	0.0514057	0.0619465
1243.5	0.12748	0.0619727
1244	0.12777	0.0620022
1244.5	0.127449	0.0620283
1245	0.127044	0.0620544
1245.5	0.127459	0.0620805
1246	0.127439	0.0621066
1246.5	0.127542	0.0621327
1247	0.127439	0.0621587
1247.5	0.127475	0.0621847
1248	0.123858	0.0622069
1248.5	0.0127924	0.0621824
1249	0.127449	0.0622083
1249.5	0.126105	0.062234
1250	0	0.062234
1250.5	0.0163761	0.0621986
1251	0.126784	0.0622276
1251.5	0.119068	0.0622487
1252	0.138612	0.0622731
1252.5	0	0.0622731
1253	0	0.0622731
1253.5	0	0.0622731
1254	0	0.0622731
1254.5	0	0.0622731
1255	0	0.0622731
1255.5	0	0.0622731
1256	0	0.0622731
1256.5	0	0.0622731
1257	0	0.0622731
1257.5	0	0.0622731
1258	0	0.0622731
1258.5	0.00716101	0.0619825
1259	0.121526	0.0619917
1259.5	0.0483108	0.0619828
1260	0.112651	0.0620054
1260.5	0.157141	0.0620397
1261	0.129277	0.0620528
1261.5	0	0.0620528
1262	0	0.0620528
1262.5	0.0133293	0.061984
1263	0.0859964	0.061991
1263.5	0.106018	0.0620144
1264	0.143615	0.0620215
1264.5	0.00886332	0.0619839
1265	0.143947	0.0619982
1265.5	0.0924043	0.0620167
1266	0.105152	0.0620321
1266.5	0.0683382	0.0620333
1267	0	0.0620333
1267.5	0.00799123	0.061991
1268	0	0.061991
1268.5	0	0.061991
1269	0	0.061991
1269.5	0	0.061991
1270	0	0.061991
1270.5	0	0.061991
1271	0	0.061991
1271.5	0	0.061991
1272	0.0034077	0.0617769
1272.5	0.0757214	0.0617849
1273	0.0903681	0.0617967
1273.5	0.123571	0.0618216
1274	0.110414	0.0618407
1274.5	0.226398	0.061904
1275	0.127449	0.0619295
1275.5	0.127449	0.0619583
1276	0.127449	0.0619838
1276.5	0.124655	0.0620087
1277	0.127428	0.0620342
1277.5	0.124405	0.0620435
1278	0	0.0620435
1278.5	0	0.0620435
1279	0	0.0620435
1279.5	0	0.0620435
1280	0	0.0620435
1280.5	0	0.0620435
1281	0	0.0620435
1281.5	0.00366067	0.0618464
1282	0.136293	0.0618768
1282.5	0.12996	0.0619027
1283	0.125883	0.0619278
1283.5	0.127511	0.0619532
1284	0.127335	0.0619785
1284.5	0.127509	0.062007
1285	0.127366	0.0620323
1285.5	0.126463	0.0620574
1286	0.127377	0.0620827
1286.5	0.127465	0.0621079
1287	0.127553	0.0621332
1287.5	0.130103	0.0621589
1288	0.127449	0.0621873
1288.5	0.127449	0.0622124
1289	0.127449	0.0622376
1289.5	0.127449	0.0622627
1290	0.127449	0.0622879
1290.5	0.122329	0.062312
1291	0.12774	0.0623214
1291.5	0	0.0623214
1292	0	0.0623214
1292.5	0	0.0623214
1293	0	0.0623214
1293.5	0	0.0623214
1294	0	0.0623214
1294.5	0	0.0623214
1295	0	0.0623214
1295.5	0	0.0623214
1296	0	0.0623214
1296.5	0	0.0623214
1297	0	0.0623214
1297.5	0	0.0623214
1298	0	0.0623214
1298.5	0	0.0623214
1299	0	0.0623214
1299.5	0	0.0623214
1300	0.00421392	0.0619014
1300.5	0.127413	0.0619264
1301	0.127392	0.0619515
1301.5	0.127506	0.0619765
1302	0.127444	0.0620015
1302.5	0.12744	0.0620296
1303	0.127377	0.0620545
1303.5	0.124938	0.062079
1304	0.127392	0.0621039
1304.5	0.1273	0.0621288
1305	0.113153	0.0621479
1305.5	0.120447	0.0621714
1306	0.110726	0.06219
1306.5	0.15779	0.0622231
1307	0.11011	0.0622441
1307.5	0.0851811	0.0622523
1308	0.192094	0.0622973
1308.5	0.0771547	0.0623031
1309	0.0475183	0.0622975
1309.5	0	0.0622975
1310	0	0.0622975
1310.5	0	0.0622975
1311	0	0.0622975
1311.5	0	0.0622975
1312	0.0127481	0.0621802
1312.5	0.124489	0.0622044
1313	0.124533	0.0622285
1313.5	0.130586	0.0622537
1314	0.130472	0.062279
1314.5	0.127449	0.0623036
1315	0.125658	0.0623279
1315.5	0.1138	0.0623497
1316	0.140039	0.0623764
1316.5	0.120508	0.0623996
1317	0.114396	0.0624078
1317.5	0	0.0624078
1318	0	0.0624078
1318.5	0.0172858	0.0623451
1319	0.0927715	0.0623549
1319.5	0	0.0623549
1320	0	0.0623549
1320.5	0	0.0623549
1321	0	0.0623549
1321.5	0	0.0623549
1322	0	0.0623549
1322.5	0	0.0623549
1323	0	0.0623549
1323.5	0	0.0623549
1324	0.00465999	0.0621328
1324.5	0.125055	0.0621569
1325	0.129858	0.0621724
1325.5	0	0.0621724
1326	0	0.0621724
1326.5	0.0136435	0.0621088
1327	0.138659	0.0621384
1327.5	0.119309	0.0621584
1328	0.0993323	0.0621718
1328.5	0.11631	0.0621912
1329	0.0792569	0.0621989
1329.5	0.220674	0.0622588
1330	0.138271	0.062285
1330.5	0.127449	0.0623123
1331	0.127449	0.0623367
1331.5	0.127449	0.0623458
1332	0	0.0623458
1332.5	0	0.0623458
1333	0	0.0623458
1333.5	0	0.0623458
1334	0	0.0623458
1334.5	0	0.0623458
1335	0	0.0623458
1335.5	0	0.0623458
1336	0	0.0623458
1336.5	0	0.0623458
1337	0	0.0623458
1337.5	0	0.0623458
1338	0	0.0623458
1338.5	0	0.0623458
1339	0.00805851	0.0620271
1339.5	0.112341	0.0620457
1340	0.102891	0.0620621
1340.5	0.102294	0.062076
1341	0.13464	0.0621047
1341.5	0.156275	0.0621295
1342	0.107862	0.0621521
1342.5	0.141368	0.0621752
1343	0.0740801	0.0621809
1343.5	0.0972971	0.0621873
1344	0.0768972	0.0621951
1344.5	0.130679	0.0622198
1345	0	0.0622198
1345.5	0	0.0622198
1346	0	0.0622198
1346.5	0	0.0622198
1347	0	0.0622198
1347.5	0	0.0622198
1348	0	0.0622198
1348.5	0	0.0622198
1349	0	0.0622198
1349.5	0	0.0622198
1350	0	0.0622198
1350.5	0	0.0622198
1351	0.00717535	0.0619501
1351.5	0.127449	0.0619742
1352	0.127449	0.0619983
1352.5	0.127449	0.0620223
1353	0.127449	0.0620403
1353.5	0.103052	0.062059
1354	0.130783	0.0620835
1354.5	0.121436	0.0621064
1355	0.127169	0.0621333
1355.5	0.130958	0.0621578
1356	0.127553	0.0621638
1356.5	0	0.0621638
1357	0	0.0621638
1357.5	0	0.0621638
1358	0	0.0621638
1358.5	0.0163468	0.0620658
1359	0.127449	0.0620898
1359.5	0.127449	0.0621136
1360	0.125594	0.0621372
1360.5	0.115284	0.0621506
1361	0.096086	0.062167
1361.5	0.181993	0.0622015
1362	0.0959762	0.0622178
1362.5	0.117568	0.0622342
1363	0.105465	0.0622533
1363.5	0.16209	0.0622819
1364	0.0720493	0.0622858
1364.5	0.151605	0.0623234
1365	0.199184	0.0623712
1365.5	0.141359	0.0624004
1366	0.12911	0.0624213
1366.5	0.126498	0.0624478
1367	0.134481	0.0624757
1367.5	0.128037	0.0624994
1368	0.127449	0.062523
1368.5	0.127449	0.0625436
1369	0	0.0625436
1369.5	0	0.0625436
1370	0	0.0625436
1370.5	0.0298329	0.0624929
1371	0.127371	0.0625165
1371.5	0.127665	0.0625312
1372	0	0.0625312
1372.5	0	0.0625312
1373	0	0.0625312
1373.5	0	0.0625312
1374	0	0.0625312
1374.5	0	0.0625312
1375	0	0.0625312
1375.5	0	0.0625312
1376	0	0.0625312
1376.5	0	0.0625312
1377	0.00138783	0.062278
1377.5	0.127449	0.0622985
1378	0	0.0622985
1378.5	0.0560443	0.0622934
1379	0.12434	0.0623163
1379.5	0.134931	0.062341
1380	0.127382	0.0623644
1380.5	0.127475	0.0623879
1381	0.127413	0.0624113
1381.5	0.127511	0.0624171
1382	0	0.0624171
1382.5	0	0.0624171
1383	0	0.0624171
1383.5	0	0.0624171
1384	0	0.0624171
1384.5	0	0.0624171
1385	0	0.0624171
1385.5	0	0.0624171
1386	0.00476634	0.0622099
1386.5	0.127526	0.0622333
1387	0.12718	0.0622391
1387.5	0	0.0622391
1388	0	0.0622391
1388.5	0	0.0622391
1389	0	0.0622391
1389.5	0	0.0622391
1390	0.0165616	0.0621292
1390.5	0.143524	0.0621615
1391	0.119679	0.0621834
1391.5	0.13964	0.0622086
1392	0.127393	0.0622319
1392.5	0.121785	0.0622458
1393	0	0.0622458
1393.5	0	0.0622458
1394	0	0.0622458
1394.5	0	0.0622458
1395	0	0.0622458
1395.5	0	0.0622458
1396	0	0.0622458
1396.5	0	0.0622458
1397	0	0.0622458
1397.5	0	0.0622458
1398	0	0.0622458
1398.5	0	0.0622458
1399	0	0.0622458
1399.5	0	0.0622458
1400	0	0.0622458
1400.5	0.00669532	0.0619176
1401	0.12728	0.0619408
1401.5	0.127619	0.0619641
1402	0.127449	0.0619873
1402.5	0.122078	0.0620095
1403	0.123234	0.0620319
1403.5	0.108112	0.0620415
1404	0	0.0620415
1404.5	0	0.0620415
1405	0	0.0620415
1405.5	0	0.0620415
1406	0	0.0620415
1406.5	0	0.0620415
1407	0	0.0620415
1407.5	0	0.0620415
1408	0	0.0620415
1408.5	0	0.0620415
1409	0	0.0620415
1409.5	0	0.0620415
1410	0	0.0620415
1410.5	0	0.0620415
1411	0	0.0620415
1411.5	0	0.0620415
1412	0	0.0620415
1412.5	0	0.0620415
1413	0	0.0620415
1413.5	0	0.0620415
1414	0.00366448	0.0615958
1414.5	0.127449	0.0616015
1415	0	0.0616015
1415.5	0	0.0616015
1416	0	0.0616015
1416.5	0	0.0616015
1417	0	0.0616015
1417.5	0	0.0616015
1418	0	0.0616015
1418.5	0	0.0616015
1419	0	0.0616015
1419.5	0	0.0616015
1420	0	0.0616015
1420.5	0	0.0616015
1421	0	0.0616015
1421.5	0	0.0616015
1422	0	0.0616015
1422.5	0	0.0616015
1423	0	0.0616015
1423.5	0	0.0616015
1424	0	0.0616015
1424.5	0	0.0616015
1425	0	0.0616015
1425.5	0	0.0616015
1426	0.00066637	0.0610941
1426.5	0.0794278	0.0611018
1427	0	0.0611018
1427.5	0.0228495	0.061074
1428	0.120469	0.0610958
1428.5	0.0843788	0.0611004
1429	0	0.0611004
1429.5	0	0.0611004
1430	0	0.0611004
1430.5	0	0.0611004
1431	0	0.0611004
1431.5	0	0.0611004
1432	0	0.0611004
1432.5	0	0.0611004
1433	0	0.0611004
1433.5	0.010574	0.0609158
1434	0.102299	0.0609292
1434.5	0.0927649	0.0609387
1435	0.101781	0.0609564
1435.5	0.104953	0.0609702
1436	0.0147388	0.0609529
1436.5	0.0883177	0.0609632
1437	0.12937	0.0609661
1437.5	0	0.0609661
1438	0	0.0609661
1438.5	0	0.0609661
1439	0	0.0609661
1439.5	0	0.0609661
1440	0	0.0609661
1440.5	0	0.0609661
1441	0.0141861	0.0608213
1441.5	0.11791	0.0608425
1442	0.136233	0.0608668
1442.5	0.129486	0.0608901
1443	0.126141	0.0609156
1443.5	0.137772	0.06094
1444	0.127449	0.0609429
1444.5	0	0.0609429
1445	0	0.0609429
1445.5	0	0.0609429
1446	0.0191773	0.0608714
1446.5	0.11173	0.0608888
1447	0.12628	0.0609115
1447.5	0.129605	0.0609347
1448	0.14193	0.0609658
1448.5	0.127449	0.0609886
1449	0.109782	0.0610056
1449.5	0.136315	0.0610297
1450	0.135448	0.0610567
1450.5	0.120104	0.0610782
1451	0.0837074	0.0610841
1451.5	0.101779	0.0611015
1452	0.0982044	0.0611118
1452.5	0.134271	0.0611415
1453	0.0587842	0.0611406
1453.5	0.114208	0.0611558
1454	0.12949	0.0611816
1454.5	0.200779	0.0612345
1455	0.133603	0.0612581
1455.5	0.124416	0.0612802
1456	0.112839	0.0612976
1456.5	0.0663062	0.0612992
1457	0.126677	0.0613244
1457.5	0.149309	0.0613532
1458	0.0948376	0.0613647
1458.5	0.117931	0.0613855
1459	0.129665	0.0613884
1459.5	0	0.0613884
1460	0	0.0613884
1460.5	0	0.0613884
1461	0	0.0613884
1461.5	0	0.0613884
1462	0	0.0613884
1462.5	0	0.0613884
1463	0	0.0613884
1463.5	0	0.0613884
1464	0	0.0613884
1464.5	0.00665207	0.0611661
1465	0.127449	0.0611914
1465.5	0.127449	0.0612139
1466	0.127449	0.0612363
1466.5	0.127449	0.0612587
1467	0.126714	0.061281
1467.5	0.127524	0.0613034
1468	0.126788	0.0613256
1468.5	0.127695	0.061348
1469	0.12842	0.0613734
1469.5	0.126656	0.0613928
1470	0.126523	0.0614177
1470.5	0.119181	0.061436
1471	0.136477	0.0614626
1471.5	0.127449	0.0614793
1472	0	0.0614793
1472.5	0.0213433	0.061449
1473	0.127622	0.0614657
1473.5	0	0.0614657
1474	0	0.0614657
1474.5	0	0.0614657
1475	0	0.0614657
1475.5	0	0.0614657
1476	0	0.0614657
1476.5	0	0.0614657
1477	0	0.0614657
1477.5	0	0.0614657
1478	0	0.0614657
1478.5	0	0.0614657
1479	0	0.0614657
1479.5	0	0.0614657
1480	0	0.0614657
1480.5	0	0.0614657
1481	0	0.0614657
1481.5	0	0.0614657
1482	0	0.0614657
1482.5	0	0.0614657
1483	0	0.0614657
1483.5	0	0.0614657
1484	0.0035082	0.0610254
1484.5	0.135631	0.0610489
1485	0.129047	0.0610741
1485.5	0.129989	0.0610967
1486	0.12725	0.0611188
1486.5	0.127969	0.0611411
1487	0.117206	0.0611614
1487.5	0.151168	0.0611773
1488	0	0.0611773
1488.5	0.0329458	0.0611545
1489	0.127449	0.0611766
1489.5	0.127449	0.0612015
1490	0.127449	0.0612235
1490.5	0.127449	0.0612456
1491	0.127449	0.0612676
1491.5	0.127449	0.0612897
1492	0.127449	0.0613117
1492.5	0.127449	0.0613337
1493	0.126859	0.0613556
1493.5	0.127316	0.0613803
1494	0.127542	0.0614022
1494.5	0.129207	0.0614106
1495	0	0.0614106
1495.5	0	0.0614106
1496	0	0.0614106
1496.5	0.00684538	0.0613263
1497	0.130647	0.0613487
1497.5	0.127408	0.0613734
1498	0.129568	0.0613956
1498.5	0.124598	0.061417
1499	0.127413	0.0614389
1499.5	0.127522	0.0614498
1500	0	0.0614498
1500.5	0.037119	0.0614291
1501	0.127449	0.0614509
1501.5	0	0.0614509
1502	0	0.0614509
1502.5	0	0.0614509
1503	0	0.0614509
1503.5	0	0.0614509
1504	0	0.0614509
1504.5	0	0.0614509
1505	0	0.0614509
1505.5	0	0.0614509
1506	0	0.0614509
1506.5	0	0.0614509
1507	0	0.0614509
1507.5	0	0.0614509
1508	0	0.0614509
1508.5	0	0.0614509
1509	0.0029543	0.0611396
1509.5	0.130465	0.0611647
1510	0.127454	0.0611865
1510.5	0.127439	0.0612082
1511	0.12747	0.06123
1511.5	0.127454	0.0612517
1512	0.126417	0.0612733
1512.5	0.130862	0.0612956
1513	0.125131	0.0613169
1513.5	0	0.0613169
1514	0	0.0613169
1514.5	0	0.0613169
1515	0	0.0613169
1515.5	0	0.0613169
1516	0	0.0613169
1516.5	0	0.0613169
1517	0	0.0613169
1517.5	0	0.0613169
1518	0	0.0613169
1518.5	0	0.0613169
1519	0	0.0613169
1519.5	0	0.0613169
1520	0	0.0613169
1520.5	0	0.0613169
1521	0	0.0613169
1521.5	0	0.0613169
1522	0.00433159	0.0609751
1522.5	0.127553	0.0609968
1523	0.124374	0.061018
1523.5	0.130658	0.0610401
1524	0.12642	0.0610616
1524.5	0.117558	0.0610815
1525	0.129575	0.0611035
1525.5	0.123298	0.0611244
1526	0.123454	0.0611453
1526.5	0.141898	0.0611718
1527	0.132186	0.0611941
1527.5	0.123381	0.061215
1528	0.130516	0.0612369
1528.5	0.128288	0.0612586
1529	0.117887	0.0612784
1529.5	0.133112	0.0613008
1530	0.110735	0.0613169
1530.5	0.147219	0.0613471
1531	0.0762378	0.0613511
1531.5	0.145638	0.061384
1532	0.0927253	0.0613909
1532.5	0.0825839	0.0614002
1533	0.116226	0.0614172
1533.5	0.19039	0.0614347
1534	0	0.0614347
1534.5	0	0.0614347
1535	0	0.0614347
1535.5	0	0.0614347
1536	0	0.0614347
1536.5	0	0.0614347
1537	0	0.0614347
1537.5	0	0.0614347
1538	0	0.0614347
1538.5	0	0.0614347
1539	0	0.0614347
1539.5	0	0.0614347
1540	0	0.0614347
1540.5	0	0.0614347
1541	0	0.0614347
1541.5	0	0.0614347
1542	0	0.0614347
1542.5	0.005054	0.0610916
1543	0.126979	0.0611023
1543.5	0	0.0611023
1544	0	0.0611023
1544.5	0	0.0611023
1545	0	0.0611023
1545.5	0	0.0611023
1546	0	0.0611023
1546.5	0	0.0611023
1547	0	0.0611023
1547.5	0	0.0611023
1548	0	0.0611023
1548.5	0	0.0611023
1549	0	0.0611023
1549.5	0	0.0611023
1550	0	0.0611023
1550.5	0	0.0611023
1551	0	0.0611023
1551.5	0.00179001	0.0607645
1552	0.127449	0.0607859
1552.5	0.127449	0.0607885
1553	0	0.0607885
1553.5	0	0.0607885
1554	0	0.0607885
1554.5	0	0.0607885
1555	0	0.0607885
1555.5	0.00937195	0.060677
1556	0.0778377	0.0606837
1556.5	0.144202	0.0607014
1557	0.0734217	0.0607066
1557.5	0.0854142	0.060714
1558	0.0588738	0.0607133
1558.5	0.0308538	0.0607035
1559	0.107989	0.0607191
1559.5	0.199269	0.0607332
1560	0.14622	0.0607806
1560.5	0.127454	0.0608018
1561	0.127459	0.060823
1561.5	0.12748	0.0608441
1562	0.127382	0.0608653
1562.5	0.127397	0.0608864
1563	0.127467	0.0609102
1563.5	0.127553	0.0609208
1564	0	0.0609208
1564.5	0	0.0609208
1565	0	0.0609208
1565.5	0	0.0609208
1566	0	0.0609208
1566.5	0	0.0609208
1567	0	0.0609208
1567.5	0	0.0609208
1568	0	0.0609208
1568.5	0	0.0609208
1569	0	0.0609208
1569.5	0	0.0609208
1570	0	0.0609208
1570.5	0	0.0609208
1571	0	0.0609208
1571.5	0	0.0609208
1572	0	0.0609208
1572.5	0	0.0609208
1573	0	0.0609208
1573.5	0	0.0609208
1574	0	0.0609208
1574.5	0.00209478	0.0604978
1575	0.127518	0.0605136
1575.5	0	0.0605136
1576	0	0.0605136
1576.5	0	0.0605136
1577	0	0.0605136
1577.5	0	0.0605136
1578	0	0.0605136
1578.5	0	0.0605136
1579	0	0.0605136
1579.5	0.00676975	0.0603547
1580	0.128618	0.0603733
1580.5	0.107191	0.060382
1581	0.0322683	0.0603689
1581.5	0.104581	0.0603837
1582	0.100749	0.0603978
1582.5	0.182237	0.0604345
1583	0.126205	0.0604553
1583.5	0.137299	0.0604805
1584	0.130674	0.0605019
1584.5	0.128935	0.0605231
1585	0.127449	0.060544
1585.5	0.127449	0.0605676
1586	0.125917	0.0605883
1586.5	0.127423	0.0606092
1587	0.12747	0.0606301
1587.5	0.129024	0.0606512
1588	0.127449	0.0606721
1588.5	0.127449	0.0606929
1589	0.127449	0.0607138
1589.5	0.127449	0.0607242
1590	0	0.0607242
1590.5	0	0.0607242
1591	0	0.0607242
1591.5	0	0.0607242
1592	0	0.0607242
1592.5	0.00713444	0.0606124
1593	0.127449	0.0606332
1593.5	0.127449	0.060654
1594	0.127449	0.0606748
1594.5	0.127449	0.0606956
1595	0.127449	0.0607163
1595.5	0.127449	0.0607371
1596	0.127449	0.0607604
1596.5	0.126518	0.060781
1597	0.127444	0.0608017
1597.5	0.127456	0.0608172
1598	0	0.0608172
1598.5	0	0.0608172
1599	0	0.0608172
1599.5	0	0.0608172
1600	0	0.0608172
