4	0.00393632	0.211347
4.5	0.127449	0.13844
5	0.127449	0.13333
5.5	0.127449	0.131463
6	0.127449	0.130591
6.5	0	0.130591
7	0	0.130591
7.5	0	0.130591
8	0	0.130591
8.5	0	0.130591
9	0	0.130591
9.5	0	0.130591
10	0	0.130591
10.5	0	0.130591
11	0	0.130591
11.5	0	0.130591
12	0.00770759	0.0378218
12.5	0.11988	0.0422196
13	0.131397	0.0469391
13.5	0.127449	0.0515952
14	0.127423	0.0553034
14.5	0.134095	0.0588023
15	0.127449	0.06075
15.5	0	0.06075
16	0	0.06075
16.5	0	0.06075
17	0	0.06075
17.5	0.0230616	0.0531911
18	0.127449	0.0557916
18.5	0.127449	0.0582162
19	0.127449	0.0604821
19.5	0.127449	0.0626043
20	0.127449	0.0643539
20.5	0	0.0643539
21	0	0.0643539
21.5	0	0.0643539
22	0	0.0643539
22.5	0	0.0643539
23	0	0.0643539
23.5	0.00872686	0.0541305
24	0.127449	0.0559305
24.5	0.127449	0.0576443
25	0.127449	0.0592778
25.5	0.127449	0.0608367
26	0.127449	0.0623258
26.5	0	0.0623258
27	0	0.0623258
27.5	0	0.0623258
28	0	0.0623258
28.5	0	0.0623258
29	0	0.0623258
29.5	0	0.0623258
30	0	0.0623258
30.5	0	0.0623258
31	0.00468304	0.0516176
31.5	0.127449	0.0529733
32	0.124586	0.0542594
32.5	0.114839	0.0554172
33	0.143309	0.0567429
33.5	0.100691	0.0575532
34	0.149749	0.0589998
34.5	0.0617566	0.0590456
35	0.138849	0.0594858
35.5	0	0.0594858
36	0	0.0594858
36.5	0	0.0594858
37	0	0.0594858
37.5	0	0.0594858
38	0	0.0594858
38.5	0	0.0594858
39	0.0107945	0.0534348
39.5	0.127453	0.0544592
40	0.129253	0.0554661
40.5	0.113704	0.056127
41	0.0762953	0.0564624
41.5	0.0831338	0.0567974
42	0.0898803	0.0571773
42.5	0.0380539	0.0570741
43	0.106308	0.0581892
43.5	0.16544	0.0594744
44	0.15313	0.0605531
44.5	0.128355	0.0613712
45	0	0.0613712
45.5	0	0.0613712
46	0	0.0613712
46.5	0	0.0613712
47	0	0.0613712
47.5	0	0.0613712
48	0	0.0613712
48.5	0	0.0613712
49	0.0137558	0.0565526
49.5	0.127444	0.0573186
50	0.128222	0.058072
50.5	0.12435	0.0587902
51	0.127434	0.0595085
51.5	0.130799	0.060228
52	0.127251	0.0610012
52.5	0.127599	0.0616753
53	0.124335	0.0623196
53.5	0.13041	0.0629806
54	0.124543	0.0636
54.5	0.130641	0.064237
55	0.123971	0.0648292
55.5	0.131562	0.0652935
56	0	0.0652935
56.5	0	0.0652935
57	0	0.0652935
57.5	0	0.0652935
58	0	0.0652935
58.5	0	0.0652935
59	0	0.0652935
59.5	0	0.0652935
60	0	0.0652935
60.5	0	0.0652935
61	0	0.0652935
61.5	0	0.0652935
62	0	0.0652935
62.5	0.00439063	0.0578619
63	0.127253	0.0584413
63.5	0.127537	0.0590123
64	0.12799	0.0590832
64.5	0	0.0590832
65	0	0.0590832
65.5	0	0.0590832
66	0	0.0590832
66.5	0	0.0590832
67	0	0.0590832
67.5	0	0.0590832
68	0	0.0590832
68.5	0	0.0590832
69	0	0.0590832
69.5	0	0.0590832
70	0	0.0590832
70.5	0	0.0590832
71	0	0.0590832
71.5	0	0.0590832
72	0	0.0590832
72.5	0	0.0590832
73	0	0.0590832
73.5	0	0.0590832
74	0	0.0590832
74.5	0	0.0590832
75	0.00409944	0.0502037
75.5	0.127399	0.0507349
76	0.127459	0.051259
76.5	0.12159	0.051759
77	0.116163	0.0521757
77.5	0.06169	0.0522414
78	0.094731	0.0525264
78.5	0.0953962	0.0527631
79	0.0926128	0.0530778
79.5	0.0811026	0.0532571
80	0.0926737	0.053433
80.5	0.0942369	0.0537879
81	0.0603135	0.0538319
81.5	0.111835	0.0540946
82	0.0294641	0.0540102
82.5	0	0.0540102
83	0	0.0540102
83.5	0.0272673	0.0534291
84	0	0.0534291
84.5	0	0.0534291
85	0	0.0534291
85.5	0	0.0534291
86	0	0.0534291
86.5	0	0.0534291
87	0	0.0534291
87.5	0	0.0534291
88	0	0.0534291
88.5	0	0.0534291
89	0	0.0534291
89.5	0	0.0534291
90	0	0.0534291
90.5	0	0.0534291
91	0	0.0534291
91.5	0.00674382	0.0490883
92	0.129081	0.0495299
92.5	0.127459	0.0497472
93	0	0.0497472
93.5	0	0.0497472
94	0	0.0497472
94.5	0.0034598	0.0485884
95	0.130024	0.0490201
95.5	0.127356	0.0494417
96	0.127532	0.0499111
96.5	0.126917	0.0503223
97	0.127527	0.0507305
97.5	0.127522	0.0511343
98	0.128063	0.051535
98.5	0.105325	0.0518315
99	0.143871	0.0520432
99.5	0	0.0520432
100	0	0.0520432
100.5	0	0.0520432
101	0	0.0520432
101.5	0	0.0520432
102	0	0.0520432
102.5	0	0.0520432
103	0.00366928	0.0499558
103.5	0.127449	0.050339
104	0.127449	0.0507184
104.5	0.127449	0.0510941
105	0.127449	0.0514662
105.5	0.127449	0.0518346
106	0.127449	0.0522449
106.5	0.127449	0.0526058
107	0.125581	0.0529595
107.5	0.12734	0.0533134
108	0.127615	0.0534015
108.5	0	0.0534015
109	0	0.0534015
109.5	0	0.0534015
110	0	0.0534015
110.5	0.00283364	0.0520868
111	0.0816418	0.0522459
111.5	0.127481	0.0526331
112	0.127434	0.0529739
112.5	0.124301	0.0533055
113	0.132688	0.0536497
113.5	0.126825	0.0539801
114	0.127382	0.0543087
114.5	0.0882522	0.0544723
115	0.123438	0.0547879
115.5	0.184773	0.0550852
116	0	0.0550852
116.5	0	0.0550852
117	0	0.0550852
117.5	0.0185191	0.0544028
118	0.0323218	0.0543557
118.5	0	0.0543557
119	0	0.0543557
119.5	0	0.0543557
120	0	0.0543557
120.5	0	0.0543557
121	0.0188052	0.0533422
121.5	0.127465	0.0536526
122	0.122764	0.0539519
122.5	0.130351	0.0543007
123	0.0971587	0.0544751
123.5	0.122964	0.0547673
124	0.0374102	0.0547067
124.5	0.0417448	0.0546461
125	0.0767822	0.0547395
125.5	0.0700368	0.0547959
126	0.108009	0.0550175
126.5	0.0987043	0.0552157
127	0.0811321	0.0552769
127.5	0.0469581	0.0552319
128	0.176539	0.0557532
128.5	0.0170467	0.0556102
129	0.137188	0.0559458
129.5	0.134507	0.0562741
130	0.21604	0.0569182
130.5	0.127449	0.0571925
131	0.124776	0.0574599
131.5	0.127366	0.0577299
132	0.127594	0.0579981
132.5	0.127387	0.0581313
133	0	0.0581313
133.5	0	0.0581313
134	0	0.0581313
134.5	0	0.0581313
135	0	0.0581313
135.5	0.00968759	0.0569388
136	0.0998716	0.057092
136.5	0.0463341	0.0570508
137	0.146925	0.0574113
137.5	0.213649	0.0579697
138	0.127366	0.0582248
138.5	0.1275	0.0585097
139	0.0761535	0.0585636
139.5	0.105649	0.0587698
140	0.197611	0.0592558
140.5	0.127444	0.0595016
141	0.127459	0.0597457
141.5	0.127439	0.059988
142	0.129892	0.0602632
142.5	0.127449	0.0605018
143	0.127449	0.0607388
143.5	0.126334	0.0609723
144	0.127439	0.0612059
144.5	0.124067	0.0614321
145	0.130739	0.0616679
145.5	0.105238	0.0618285
146	0.0462758	0.0618099
146.5	0	0.0618099
147	0	0.0618099
147.5	0.0299658	0.0614035
148	0.123001	0.0616216
148.5	0.0810642	0.0616737
149	0.0157972	0.0615165
149.5	0	0.0615165
150	0	0.0615165
150.5	0	0.0615165
151	0	0.0615165
151.5	0	0.0615165
152	0	0.0615165
152.5	0	0.0615165
153	0	0.0615165
153.5	0	0.0615165
154	0	0.0615165
154.5	0	0.0615165
155	0	0.0615165
155.5	0	0.0615165
156	0	0.0615165
156.5	0	0.0615165
157	0	0.0615165
157.5	0.00274197	0.0582318
158	0.131011	0.0584863
158.5	0.127449	0.0585688
159	0.0293383	0.0584176
159.5	0.127465	0.0586361
160	0.127537	0.0588533
160.5	0.127971	0.0590698
161	0.129628	0.0590971
161.5	0	0.0590971
162	0	0.0590971
162.5	0.0278737	0.0587092
163	0.127449	0.058922
163.5	0.109512	0.0590809
164	0.129648	0.0591344
164.5	0.0548823	0.0591117
165	0.127494	0.0593207
165.5	0.128686	0.0595561
166	0.127449	0.0597624
166.5	0.127449	0.0598394
167	0	0.0598394
167.5	0	0.0598394
168	0	0.0598394
168.5	0	0.0598394
169	0	0.0598394
169.5	0	0.0598394
170	0	0.0598394
170.5	0	0.0598394
171	0	0.0598394
171.5	0	0.0598394
172	0	0.0598394
172.5	0	0.0598394
173	0	0.0598394
173.5	0	0.0598394
174	0	0.0598394
174.5	0	0.0598394
175	0	0.0598394
175.5	0	0.0598394
176	0.00480364	0.0567058
176.5	0.127449	0.0569077
177	0	0.0569077
177.5	0	0.0569077
178	0	0.0569077
178.5	0	0.0569077
179	0	0.0569077
179.5	0	0.0569077
180	0	0.0569077
180.5	0	0.0569077
181	0	0.0569077
181.5	0	0.0569077
182	0	0.0569077
182.5	0	0.0569077
183	0	0.0569077
183.5	0.00788208	0.0550055
184	0.11785	0.0551913
184.5	0.138417	0.0554264
185	0.127418	0.0556222
185.5	0.130685	0.0558207
186	0.127449	0.0560386
186.5	0.127449	0.056159
187	0	0.056159
187.5	0	0.056159
188	0	0.056159
188.5	0	0.056159
189	0	0.056159
189.5	0	0.056159
190	0	0.056159
190.5	0	0.056159
191	0	0.056159
191.5	0	0.056159
192	0	0.056159
192.5	0	0.056159
193	0	0.056159
193.5	0	0.056159
194	0	0.056159
194.5	0.00095946	0.0537912
195	0.130707	0.0539845
195.5	0.124232	0.0541697
196	0.130668	0.054361
196.5	0.125302	0.0545455
197	0.127486	0.0547547
197.5	0.130537	0.0549428
198	0.126352	0.0551256
198.5	0.127196	0.0553083
199	0.127496	0.0554904
199.5	0.127506	0.0556717
200	0.127444	0.0558519
200.5	0.127555	0.0560538
201	0.12402	0.0562065
201.5	0.100006	0.0563282
202	0.0924979	0.0564211
202.5	0.111267	0.0565379
203	0.0539814	0.0565323
203.5	0.0525761	0.0565234
204	0.0341078	0.0564976
204.5	0	0.0564976
205	0	0.0564976
205.5	0	0.0564976
206	0	0.0564976
206.5	0	0.0564976
207	0	0.0564976
207.5	0.0119974	0.0556401
208	0.0852442	0.0557068
208.5	0.121717	0.055894
209	0.0647845	0.0559149
209.5	0.092661	0.0560057
210	0.140101	0.0561885
210.5	0.157825	0.0564575
211	0.203724	0.0567861
211.5	0.129493	0.056977
212	0.128908	0.0571453
212.5	0.127449	0.0573112
213	0.127449	0.0574764
213.5	0.127449	0.0576408
214	0.127449	0.0578044
214.5	0.127449	0.0579673
215	0.127449	0.0581496
215.5	0.124405	0.0583075
216	0	0.0583075
216.5	0	0.0583075
217	0	0.0583075
217.5	0	0.0583075
218	0	0.0583075
218.5	0	0.0583075
219	0	0.0583075
219.5	0	0.0583075
220	0	0.0583075
220.5	0.00318414	0.0570533
221	0.0704851	0.0570877
221.5	0.111241	0.0571931
222	0.181256	0.0574886
222.5	0.0563863	0.0574857
223	0.108	0.0575863
223.5	0.0259634	0.0575427
224	0.0353712	0.0574756
224.5	0	0.0574756
225	0	0.0574756
225.5	0	0.0574756
226	0	0.0574756
226.5	0	0.0574756
227	0	0.0574756
227.5	0	0.0574756
228	0	0.0574756
228.5	0	0.0574756
229	0.00634926	0.0563525
229.5	0	0.0563525
230	0	0.0563525
230.5	0	0.0563525
231	0	0.0563525
231.5	0	0.0563525
232	0	0.0563525
232.5	0	0.0563525
233	0.0152222	0.0556122
233.5	0.127463	0.0557855
234	0.127553	0.055939
234.5	0.127392	0.0560916
235	0.124399	0.0562407
235.5	0.127428	0.0563921
236	0.127439	0.0565428
236.5	0.130745	0.0566959
237	0.124325	0.0568424
237.5	0.130728	0.0569943
238	0.120924	0.0571183
238.5	0.129242	0.0573049
239	0.0700563	0.0573292
239.5	0.0632545	0.0573417
240	0.105477	0.0574478
240.5	0.0735786	0.0574841
241	0.154181	0.057588
241.5	0.0521902	0.0575709
242	0.157151	0.057738
242.5	0.107883	0.0578602
243	0.397831	0.0580006
243.5	0	0.0580006
244	0	0.0580006
244.5	0	0.0580006
245	0	0.0580006
245.5	0	0.0580006
246	0.00920086	0.0573133
246.5	0.127449	0.0573667
247	0	0.0573667
247.5	0	0.0573667
248	0	0.0573667
248.5	0	0.0573667
249	0	0.0573667
249.5	0	0.0573667
250	0	0.0573667
250.5	0	0.0573667
251	0.00164295	0.0562899
251.5	0.127449	0.0564314
252	0.127449	0.05659
252.5	0.127449	0.0567303
253	0.127449	0.0568701
253.5	0.127449	0.0570093
254	0.127449	0.057148
254.5	0.127449	0.0572862
255	0.127449	0.0574238
255.5	0.127449	0.0575608
256	0	0.0575608
256.5	0.0530227	0.0575422
257	0.127511	0.0576783
257.5	0.124316	0.0578109
258	0.131883	0.0579496
258.5	0.12749	0.0580001
259	0	0.0580001
259.5	0	0.0580001
260	0	0.0580001
260.5	0.0269392	0.0577181
261	0.127449	0.0578517
261.5	0.122407	0.0579802
262	0.127465	0.0581127
262.5	0.121473	0.0582393
263	0.158928	0.0582777
263.5	0	0.0582777
264	0	0.0582777
264.5	0	0.0582777
265	0	0.0582777
265.5	0	0.0582777
266	0	0.0582777
266.5	0	0.0582777
267	0	0.0582777
267.5	0	0.0582777
268	0	0.0582777
268.5	0	0.0582777
269	0	0.0582777
269.5	0	0.0582777
270	0	0.0582777
270.5	0.00100171	0.0565949
271	0.0804312	0.0566036
271.5	0	0.0566036
272	0	0.0566036
272.5	0	0.0566036
273	0	0.0566036
273.5	0	0.0566036
274	0	0.0566036
274.5	0	0.0566036
275	0	0.0566036
275.5	0	0.0566036
276	0	0.0566036
276.5	0	0.0566036
277	0	0.0566036
277.5	0	0.0566036
278	0	0.0566036
278.5	0.00197104	0.05502
279	0.116958	0.0551408
279.5	0.0790133	0.0551838
280	0.116333	0.0552883
280.5	0.145295	0.0554465
281	0.076907	0.055486
281.5	0.17652	0.0557184
282	0.0900212	0.0557722
282.5	0.115105	0.0558883
283	0.0662549	0.0559059
283.5	0.129841	0.0559539
284	0.044989	0.0559197
284.5	0.0997482	0.0559689
285	0.0508415	0.0559577
285.5	0.107909	0.0560515
286	0.112745	0.0561634
286.5	0.0860767	0.0561827
287	0.115937	0.0563541
287.5	0.184948	0.0565848
288	0.141968	0.0567342
288.5	0.0784541	0.0567648
289	0.110271	0.0568716
289.5	0.108083	0.0569627
290	0.180313	0.0571877
290.5	0.152146	0.0573244
291	0.0675258	0.057345
291.5	0.180001	0.0575309
292	0.137405	0.0576892
292.5	0.147129	0.0578214
293	0	0.0578214
293.5	0.0600915	0.0578296
294	0.124365	0.0579453
294.5	0.133312	0.0580826
295	0.128712	0.0582009
295.5	0.127449	0.0583178
296	0.127449	0.0584344
296.5	0.127249	0.0585504
297	0.12765	0.0586663
297.5	0.127449	0.0587816
298	0.127449	0.0588966
298.5	0.127449	0.0590255
299	0.127449	0.0591396
299.5	0.124986	0.0592515
300	0.127516	0.0593649
300.5	0.127428	0.0594779
301	0.127511	0.0595906
301.5	0.127454	0.0597029
302	0.105948	0.0597144
302.5	0	0.0597144
303	0	0.0597144
303.5	0	0.0597144
304	0.00323261	0.0592577
304.5	0.125384	0.059354
305	0.126147	0.0594782
305.5	0.130404	0.0596055
306	0.123925	0.0596998
306.5	0.127449	0.0597136
307	0	0.0597136
307.5	0	0.0597136
308	0	0.0597136
308.5	0	0.0597136
309	0	0.0597136
309.5	0	0.0597136
310	0	0.0597136
310.5	0	0.0597136
311	0	0.0597136
311.5	0	0.0597136
312	0	0.0597136
312.5	0	0.0597136
313	0	0.0597136
313.5	0	0.0597136
314	0	0.0597136
314.5	0	0.0597136
315	0.00348683	0.0580874
315.5	0.116146	0.0581755
316	0.0452072	0.0581539
316.5	0.199045	0.058367
317	0.162953	0.0585439
317.5	0.12298	0.0586356
318	0.131156	0.0587599
318.5	0.123716	0.0588646
319	0.131415	0.0589746
319.5	0.127449	0.0590814
320	0.123051	0.0591846
320.5	0.130625	0.059293
321	0	0.059293
321.5	0	0.059293
322	0	0.059293
322.5	0.00391752	0.058945
323	0.127449	0.0590507
323.5	0.124806	0.0591542
324	0.0863436	0.0592005
324.5	0.324829	0.0592606
325	0	0.0592606
325.5	0	0.0592606
326	0	0.0592606
326.5	0	0.0592606
327	0.0136005	0.058853
327.5	0.120517	0.0589275
328	0.0668701	0.0589361
328.5	0	0.0589361
329	0.00912736	0.0588042
329.5	0	0.0588042
330	0	0.0588042
330.5	0	0.0588042
331	0	0.0588042
331.5	0	0.0588042
332	0	0.0588042
332.5	0	0.0588042
333	0	0.0588042
333.5	0	0.0588042
334	0	0.0588042
334.5	0	0.0588042
335	0	0.0588042
335.5	0	0.0588042
336	0	0.0588042
336.5	0	0.0588042
337	0	0.0588042
337.5	0	0.0588042
338	0	0.0588042
338.5	0	0.0588042
339	0	0.0588042
339.5	0	0.0588042
340	0.00548201	0.0569883
340.5	0.12434	0.0570893
341	0.124781	0.0571777
341.5	0.126646	0.0572924
342	0.132872	0.0573979
342.5	0.117847	0.057493
343	0.12245	0.0575789
343.5	0.136369	0.0576857
344	0.0359195	0.0576577
344.5	0	0.0576577
345	0	0.0576577
345.5	0	0.0576577
346	0.0112883	0.0573751
346.5	0.0414073	0.0573486
347	0.148186	0.0574608
347.5	0.099871	0.0575189
348	0.0906134	0.0575772
348.5	0.16612	0.0577259
349	0.0332424	0.0576925
349.5	0.0572467	0.0576919
350	0	0.0576919
350.5	0.0159878	0.0575738
351	0.190415	0.0578103
351.5	0.134971	0.0579264
352	0.135523	0.0580425
352.5	0.127449	0.0581406
353	0.127449	0.0582383
353.5	0.12427	0.0583337
354	0.129439	0.0584321
354.5	0.124252	0.0585269
355	0.125168	0.0586221
355.5	0.12931	0.0587197
356	0.120127	0.0588108
356.5	0.136304	0.058912
357	0.127494	0.0590195
357.5	0.127296	0.0591147
358	0.130841	0.0592118
358.5	0.12715	0.0592473
359	0	0.0592473
359.5	0	0.0592473
360	0	0.0592473
360.5	0	0.0592473
361	0	0.0592473
361.5	0	0.0592473
362	0	0.0592473
362.5	0	0.0592473
363	0	0.0592473
363.5	0	0.0592473
364	0	0.0592473
364.5	0	0.0592473
365	0	0.0592473
365.5	0	0.0592473
366	0	0.0592473
366.5	0	0.0592473
367	0	0.0592473
367.5	0.00420533	0.0578356
368	0	0.0578356
368.5	0	0.0578356
369	0	0.0578356
369.5	0	0.0578356
370	0	0.0578356
370.5	0	0.0578356
371	0	0.0578356
371.5	0	0.0578356
372	0	0.0578356
372.5	0	0.0578356
373	0.00574549	0.0570648
373.5	0.127449	0.0571703
374	0.127449	0.0572638
374.5	0.127449	0.057357
375	0.127449	0.05745
375.5	0.126993	0.0575425
376	0.127908	0.0576353
376.5	0.127449	0.0576468
377	0	0.0576468
377.5	0	0.0576468
378	0	0.0576468
378.5	0.0225699	0.057419
379	0.127449	0.0575109
379.5	0.127449	0.0576141
380	0.127449	0.0577055
380.5	0.127215	0.0577965
381	0.12738	0.0578874
381.5	0.123384	0.0579756
382	0.117573	0.0580387
382.5	0.129184	0.0581528
383	0.137911	0.0582486
383.5	0.127931	0.0583499
384	0.0925671	0.058388
384.5	0.0499416	0.0583775
385	0.061757	0.0583821
385.5	0.0421843	0.0583584
386	0.129616	0.0584487
386.5	0.0858652	0.0584879
387	0	0.0584879
387.5	0	0.0584879
388	0	0.0584879
388.5	0	0.0584879
389	0.0222797	0.0582562
389.5	0.118589	0.0583287
390	0.110263	0.0584052
390.5	0.145146	0.0585143
391	0.135116	0.0586177
391.5	0.0971648	0.0586659
392	0.120616	0.0587489
392.5	0.142312	0.0588556
393	0.140773	0.0589612
393.5	0.139901	0.0590544
394	0.127449	0.0591515
394.5	0.127449	0.0592376
395	0.127442	0.0593234
395.5	0.127456	0.0594091
396	0.127449	0.0594945
396.5	0	0.0594945
397	0	0.0594945
397.5	0	0.0594945
398	0	0.0594945
398.5	0	0.0594945
399	0	0.0594945
399.5	0.0067107	0.0590266
400	0.127	0.0591114
400.5	0.127901	0.0591965
401	0.127449	0.0592812
401.5	0.127449	0.0593656
402	0.127449	0.0594288
402.5	0	0.0594288
403	0.0202527	0.0593147
403.5	0.123897	0.0593966
404	0.123435	0.0594779
404.5	0.215902	0.0594921
405	0	0.0594921
405.5	0	0.0594921
406	0	0.0594921
406.5	0	0.0594921
407	0	0.0594921
407.5	0	0.0594921
408	0	0.0594921
408.5	0	0.0594921
409	0.0111012	0.0589013
409.5	0.123461	0.0589822
410	0.0771293	0.0590049
410.5	0.193498	0.0591658
411	0.126478	0.0592479
411.5	0.140179	0.0593257
412	0	0.0593257
412.5	0	0.0593257
413	0	0.0593257
413.5	0	0.0593257
414	0	0.0593257
414.5	0	0.0593257
415	0	0.0593257
415.5	0	0.0593257
416	0	0.0593257
416.5	0	0.0593257
417	0	0.0593257
417.5	0.00512057	0.0585227
418	0.124059	0.0586027
418.5	0.113853	0.0586578
419	0.108078	0.0587269
419.5	0.136633	0.05877
420	0.0219513	0.0587068
420.5	0.124418	0.0587565
421	0.0941799	0.0588202
421.5	0.120056	0.0588681
422	0.1407	0.0589772
422.5	0.101588	0.0590401
423	0.118998	0.0591061
423.5	0.108205	0.0591655
424	0.169515	0.0592992
424.5	0.142199	0.059397
425	0.167075	0.0594931
425.5	0.126711	0.0595918
426	0.126292	0.0596703
426.5	0.0972981	0.0597134
427	0.092669	0.0597529
427.5	0.115349	0.0598243
428	0.0924373	0.059857
428.5	0.060819	0.0598578
429	0.06939	0.059873
429.5	0.0208713	0.0598386
430	0.0528737	0.0598289
430.5	0.0951829	0.059863
431	0.0563421	0.0598608
431.5	0.0389283	0.0598311
432	0.0879032	0.059878
432.5	0.167356	0.059972
433	0.0610394	0.0599736
433.5	0.178154	0.0601068
434	0.169237	0.0602362
434.5	0.132519	0.0603157
435	0.125641	0.0603914
435.5	0.127397	0.0604678
436	0.127633	0.0605538
436.5	0.132088	0.0605833
437	0	0.0605833
437.5	0	0.0605833
438	0	0.0605833
438.5	0	0.0605833
439	0	0.0605833
439.5	0	0.0605833
440	0.0124813	0.0601674
440.5	0.127408	0.0602527
441	0.127501	0.0603284
441.5	0	0.0603284
442	0	0.0603284
442.5	0.0214186	0.0601984
443	0.127511	0.0602739
443.5	0.127402	0.0603491
444	0.126918	0.0604332
444.5	0.127304	0.0604707
445	0	0.0604707
445.5	0	0.0604707
446	0	0.0604707
446.5	0	0.0604707
447	0.0172017	0.0602035
447.5	0.127449	0.0602781
448	0.127449	0.0603526
448.5	0.124403	0.0604253
449	0.130641	0.0605011
449.5	0.127455	0.0605843
450	0.127244	0.060658
450.5	0.127444	0.0607316
451	0.12734	0.060805
451.5	0.127769	0.0608785
452	0.127449	0.0609516
452.5	0.127449	0.0610246
453	0.127449	0.0610974
453.5	0.127449	0.0611792
454	0.114506	0.0612035
454.5	0	0.0612035
455	0.044015	0.061156
455.5	0.127402	0.0612282
456	0.127583	0.0613095
456.5	0.12684	0.0613811
457	0.127428	0.0614529
457.5	0.127048	0.0615243
458	0.12445	0.0615941
458.5	0.0876127	0.0616198
459	0.142452	0.0617078
459.5	0.126961	0.0617874
460	0.157222	0.061871
460.5	0.096365	0.061914
461	0.0587651	0.0619103
461.5	0.237961	0.0620879
462	0.136485	0.0621719
462.5	0.127449	0.062242
463	0.127449	0.0623119
463.5	0.125251	0.0623719
464	0.09653	0.0624142
464.5	0.146664	0.062512
465	0.14437	0.0625988
465.5	0.127449	0.062668
466	0.12682	0.0627366
466.5	0.127651	0.0628056
467	0.124212	0.0628726
467.5	0.130723	0.0629429
468	0.127518	0.0630199
468.5	0.123903	0.063078
469	0.127968	0.0631549
469.5	0.128803	0.063215
470	0.0845055	0.0632278
470.5	0.0302583	0.0631728
471	0.090427	0.0632032
471.5	0.0648709	0.0632049
472	0.0997131	0.0632417
472.5	0.0350954	0.0632149
473	0.0925201	0.0632519
473.5	0.122576	0.0633085
474	0	0.0633085
474.5	0	0.0633085
475	0	0.0633085
475.5	0.0116058	0.0630863
476	0.127178	0.0631532
476.5	0.128773	0.0632209
477	0.127532	0.0632961
477.5	0.127656	0.0633629
478	0.128469	0.06343
478.5	0.127428	0.0634964
479	0.127392	0.0635627
479.5	0.124399	0.0636272
480	0.129436	0.0636942
480.5	0.121403	0.0637568
481	0.134158	0.0638258
481.5	0.128347	0.0638919
482	0.126634	0.063965
482.5	0.124375	0.0640287
483	0.127366	0.0640938
483.5	0.130772	0.0641605
484	0.124178	0.0642237
484.5	0	0.0642237
485	0.0543541	0.064203
485.5	0.127449	0.0642676
486	0.118764	0.0643274
486.5	0.127439	0.0643917
487	0.13398	0.0644592
487.5	0.127573	0.0645234
488	0.127174	0.0645474
488.5	0	0.0645474
489	0	0.0645474
489.5	0	0.0645474
490	0	0.0645474
490.5	0	0.0645474
491	0	0.0645474
491.5	0	0.0645474
492	0.00364132	0.0640098
492.5	0.127555	0.0640817
493	0.122549	0.0641353
493.5	0.0452108	0.0641152
494	0.127496	0.0641788
494.5	0.111721	0.0642265
495	0.142032	0.0643052
495.5	0.0647233	0.0643055
496	0.0720679	0.0643158
496.5	0.114422	0.0643367
497	0.127573	0.0644392
497.5	0.168833	0.0645473
498	0.122918	0.0646076
498.5	0.132625	0.0646727
499	0.133201	0.0647461
499.5	0.125593	0.0648074
500	0.127454	0.0648696
500.5	0.127449	0.0649316
501	0.127526	0.0649858
501.5	0.053935	0.0649729
502	0.121228	0.0650241
502.5	0.132958	0.0650964
503	0.127449	0.0651579
503.5	0.127449	0.0652193
504	0.127449	0.0652653
504.5	0	0.0652653
505	0	0.0652653
505.5	0	0.0652653
506	0	0.0652653
506.5	0	0.0652653
507	0	0.0652653
507.5	0	0.0652653
508	0	0.0652653
508.5	0	0.0652653
509	0	0.0652653
509.5	0	0.0652653
510	0	0.0652653
510.5	0	0.0652653
511	0.00329187	0.0643917
511.5	0.127449	0.0644528
512	0.127449	0.0645139
512.5	0.127449	0.0645748
513	0.127449	0.0646356
513.5	0.127449	0.0647039
514	0.127449	0.0647644
514.5	0.127449	0.0648249
515	0.127449	0.0648852
515.5	0.12655	0.0649375
516	0.0170403	0.0648945
516.5	0.136875	0.064983
517	0.161646	0.0650744
517.5	0.161476	0.0651656
518	0.0417955	0.0651485
518.5	0.108105	0.065203
519	0.177756	0.0653091
519.5	0.125865	0.0653603
520	0.172345	0.0654735
520.5	0.127727	0.0655327
521	0.128889	0.0655924
521.5	0	0.0655924
522	0	0.0655924
522.5	0	0.0655924
523	0	0.0655924
523.5	0	0.0655924
524	0	0.0655924
524.5	0	0.0655924
525	0	0.0655924
525.5	0	0.0655924
526	0	0.0655924
526.5	0	0.0655924
527	0	0.0655924
527.5	0	0.0655924
528	0.00889942	0.0648297
528.5	0.12749	0.0648885
529	0.076719	0.0649
529.5	0.158152	0.064988
530	0.108171	0.0650237
530.5	0	0.0650237
531	0	0.0650237
531.5	0	0.0650237
532	0	0.0650237
532.5	0	0.0650237
533	0	0.0650237
533.5	0	0.0650237
534	0	0.0650237
534.5	0	0.0650237
535	0	0.0650237
535.5	0	0.0650237
536	0	0.0650237
536.5	0	0.0650237
537	0	0.0650237
537.5	0	0.0650237
538	0	0.0650237
538.5	0	0.0650237
539	0	0.0650237
539.5	0	0.0650237
540	0	0.0650237
540.5	0.00298229	0.0638073
541	0.127426	0.0638729
541.5	0.129577	0.0639321
542	0.122374	0.0639808
542.5	0.124691	0.0640446
543	0.134077	0.0641054
543.5	0.121459	0.0641603
544	0.134066	0.0642209
544.5	0.12434	0.064277
545	0.130375	0.0643432
545.5	0.125049	0.0643994
546	0.107908	0.0644286
546.5	0	0.0644286
547	0	0.0644286
547.5	0.0239763	0.0643069
548	0.127449	0.064364
548.5	0.127449	0.064421
549	0.125789	0.0644772
549.5	0.1263	0.0644842
550	0	0.0644842
550.5	0	0.0644842
551	0	0.0644842
551.5	0.0129733	0.0642568
552	0.127449	0.0643135
552.5	0.127449	0.0643702
553	0.127449	0.0644338
553.5	0.127449	0.0644903
554	0.127449	0.0645466
554.5	0.127449	0.0646029
555	0.126657	0.0646517
555.5	0.121334	0.0647115
556	0.107991	0.0647513
556.5	0.145766	0.0648223
557	0.138801	0.0648677
557.5	0.121613	0.0649272
558	0.0965523	0.0649596
558.5	0.136593	0.065019
559	0.120666	0.0650711
559.5	0.11527	0.0651203
560	0.142124	0.0651891
560.5	0.1259	0.0652366
561	0.113485	0.0652785
561.5	0.0763363	0.0652867
562	0.127089	0.065355
562.5	0.161815	0.0653969
563	0	0.0653969
563.5	0	0.0653969
564	0	0.0653969
564.5	0	0.0653969
565	0	0.0653969
565.5	0	0.0653969
566	0	0.0653969
566.5	0	0.0653969
567	0	0.0653969
567.5	0	0.0653969
568	0	0.0653969
568.5	0	0.0653969
569	0	0.0653969
569.5	0	0.0653969
570	0	0.0653969
570.5	0	0.0653969
571	0	0.0653969
571.5	0	0.0653969
572	0	0.0653969
572.5	0	0.0653969
573	0.000726828	0.0641706
573.5	0.0993429	0.0641999
574	0.132055	0.0642635
574.5	0.124346	0.0643166
575	0.12435	0.0643697
575.5	0.130723	0.0644254
576	0.130695	0.064481
576.5	0.127449	0.0645351
577	0.127449	0.064596
577.5	0.126083	0.0646426
578	0.127552	0.0646831
578.5	0	0.0646831
579	0	0.0646831
579.5	0.0286342	0.0645801
580	0.127648	0.0646407
580.5	0.12436	0.0646733
581	0.0875766	0.0646911
581.5	0.078175	0.0647075
582	0.203047	0.0648185
582.5	0.165687	0.0649092
583	0.127527	0.0649625
583.5	0.127495	0.0650222
584	0.126962	0.065075
584.5	0.127872	0.065128
585	0.127382	0.0651808
585.5	0.124867	0.0652324
586	0.130663	0.0652864
586.5	0.12436	0.0653375
587	0.130327	0.0653979
587.5	0.127475	0.0654502
588	0.127444	0.0655025
588.5	0.123357	0.0655403
589	0	0.0655403
589.5	0	0.0655403
590	0.0164508	0.0654204
590.5	0	0.0654204
591	0	0.0654204
591.5	0	0.0654204
592	0	0.0654204
592.5	0.00585587	0.0651493
593	0.121458	0.0651987
593.5	0.134062	0.0652534
594	0	0.0652534
594.5	0	0.0652534
595	0.0418848	0.0651942
595.5	0.127449	0.065246
596	0.127266	0.0652976
596.5	0.0947689	0.0653223
597	0.140769	0.0653932
597.5	0.078765	0.0654044
598	0.124783	0.0654421
598.5	0.121093	0.0654967
599	0.126425	0.0655475
599.5	0.121293	0.0655838
600	0	0.0655838
600.5	0	0.0655838
601	0	0.0655838
601.5	0	0.0655838
602	0	0.0655838
602.5	0	0.0655838
603	0	0.0655838
603.5	0	0.0655838
604	0	0.0655838
604.5	0.00765107	0.0650894
605	0.127449	0.0651405
605.5	0.127277	0.0651914
606	0.119837	0.0652389
606.5	0.129745	0.0652842
607	0.0986211	0.065315
607.5	0.128888	0.0653727
608	0.107951	0.0654034
608.5	0.126812	0.0654599
609	0.11943	0.0655009
609.5	0.137923	0.0655621
610	0.117929	0.0656081
610.5	0.197064	0.065703
611	0.105523	0.0657371
611.5	0.124951	0.06578
612	0.0686574	0.0657827
612.5	0.0474592	0.0657677
613	0.0790034	0.0657785
613.5	0.0736713	0.065784
614	0.0389103	0.0657574
614.5	0	0.0657574
615	0	0.0657574
615.5	0	0.0657574
616	0	0.0657574
616.5	0	0.0657574
617	0	0.0657574
617.5	0.00681648	0.0654258
618	0.127449	0.0654382
618.5	0	0.0654382
619	0	0.0654382
619.5	0	0.0654382
620	0.0194977	0.0652582
620.5	0.127382	0.0653079
621	0.127454	0.0653575
621.5	0.12747	0.065407
622	0.12749	0.0654379
622.5	0	0.0654379
623	0	0.0654379
623.5	0	0.0654379
624	0	0.0654379
624.5	0	0.0654379
625	0	0.0654379
625.5	0	0.0654379
626	0	0.0654379
626.5	0	0.0654379
627	0	0.0654379
627.5	0	0.0654379
628	0	0.0654379
628.5	0	0.0654379
629	0	0.0654379
629.5	0	0.0654379
630	0	0.0654379
630.5	0	0.0654379
631	0	0.0654379
631.5	0	0.0654379
632	0	0.0654379
632.5	0	0.0654379
633	0	0.0654379
633.5	0	0.0654379
634	0	0.0654379
634.5	0	0.0654379
635	0	0.0654379
635.5	0	0.0654379
636	0	0.0654379
636.5	0.00106705	0.0639419
637	0.127449	0.0639913
637.5	0.127449	0.0640406
638	0.127449	0.064096
638.5	0.127449	0.0641451
639	0.127449	0.0641942
639.5	0.127449	0.0642248
640	0	0.0642248
640.5	0	0.0642248
641	0	0.0642248
641.5	0	0.0642248
642	0	0.0642248
642.5	0	0.0642248
643	0	0.0642248
643.5	0	0.0642248
644	0.00672592	0.0638058
644.5	0.116051	0.0638168
645	0.0174122	0.0637516
645.5	0.127737	0.0637884
646	0.0926653	0.0638112
646.5	0.116277	0.0638498
647	0.0717574	0.0638578
647.5	0.110604	0.0638939
648	0.117533	0.0639273
648.5	0.129456	0.0639888
649	0.126445	0.0640369
649.5	0.179574	0.0641151
650	0.147193	0.0641836
650.5	0.132335	0.0642398
651	0.0785165	0.0642486
651.5	0.11583	0.0642756
652	0	0.0642756
652.5	0	0.0642756
653	0	0.0642756
653.5	0	0.0642756
654	0	0.0642756
654.5	0.0121779	0.0640177
655	0.16902	0.0640626
655.5	0	0.0640626
656	0	0.0640626
656.5	0.00454192	0.0639051
657	0.132446	0.0639611
657.5	0.121431	0.0640008
658	0.127663	0.0640546
658.5	0.127628	0.0641024
659	0.127175	0.0641499
659.5	0.133067	0.0641995
660	0.127449	0.0642469
660.5	0.127449	0.0642943
661	0.126421	0.0643471
661.5	0.10752	0.0643758
662	0.105626	0.0644084
662.5	0.173037	0.0644682
663	0.107851	0.0645113
663.5	0.240793	0.0645375
664	0	0.0645375
664.5	0	0.0645375
665	0	0.0645375
665.5	0	0.0645375
666	0	0.0645375
666.5	0	0.0645375
667	0	0.0645375
667.5	0	0.0645375
668	0	0.0645375
668.5	0	0.0645375
669	0	0.0645375
669.5	0	0.0645375
670	0.00799759	0.0639547
670.5	0.124826	0.0640006
671	0.112743	0.0640413
671.5	0.146425	0.0641008
672	0.127377	0.0641474
672.5	0.127213	0.0641939
673	0.127252	0.0642404
673.5	0.126051	0.0642864
674	0.128008	0.0643213
674.5	0	0.0643213
675	0	0.0643213
675.5	0	0.0643213
676	0	0.0643213
676.5	0	0.0643213
677	0	0.0643213
677.5	0.0150881	0.0640554
678	0.127496	0.0641017
678.5	0.12807	0.0641481
679	0.127449	0.0641828
679.5	0	0.0641828
680	0	0.0641828
680.5	0	0.0641828
681	0	0.0641828
681.5	0	0.0641828
682	0	0.0641828
682.5	0	0.0641828
683	0	0.0641828
683.5	0	0.0641828
684	0	0.0641828
684.5	0.00973673	0.0637317
685	0.127423	0.0637777
685.5	0.127527	0.0638295
686	0.128281	0.0638468
686.5	0	0.0638468
687	0	0.0638468
687.5	0	0.0638468
688	0	0.0638468
688.5	0	0.0638468
689	0	0.0638468
689.5	0.00208087	0.0635072
690	0	0.0635072
690.5	0	0.0635072
691	0	0.0635072
691.5	0	0.0635072
692	0	0.0635072
692.5	0	0.0635072
693	0	0.0635072
693.5	0.00783545	0.063184
694	0.127449	0.0632298
694.5	0.127449	0.0632813
695	0.127449	0.063327
695.5	0.127449	0.0633727
696	0.127449	0.0633784
696.5	0	0.0633784
697	0	0.0633784
697.5	0	0.0633784
698	0	0.0633784
698.5	0	0.0633784
699	0	0.0633784
699.5	0.00804121	0.063068
700	0.127133	0.0631134
700.5	0.127393	0.0631645
701	0.127204	0.0632099
701.5	0.126846	0.0632155
702	0	0.0632155
702.5	0	0.0632155
703	0	0.0632155
703.5	0	0.0632155
704	0	0.0632155
704.5	0	0.0632155
705	0	0.0632155
705.5	0	0.0632155
706	0	0.0632155
706.5	0	0.0632155
707	0.00397925	0.0627173
707.5	0.130712	0.0627637
708	0	0.0627637
708.5	0	0.0627637
709	0	0.0627637
709.5	0	0.0627637
710	0	0.0627637
710.5	0	0.0627637
711	0	0.0627637
711.5	0	0.0627637
712	0	0.0627637
712.5	0	0.0627637
713	0	0.0627637
713.5	0	0.0627637
714	0	0.0627637
714.5	0	0.0627637
715	0	0.0627637
715.5	0.00097946	0.0620684
716	0.127449	0.0621136
716.5	0.125315	0.0621525
717	0	0.0621525
717.5	0.0443964	0.0621261
718	0.127449	0.0621655
718.5	0	0.0621655
719	0.0492577	0.0621454
719.5	0.127651	0.0621904
720	0.127222	0.0622184
720.5	0	0.0622184
721	0	0.0622184
721.5	0.00928096	0.0620937
722	0.120456	0.062136
722.5	0.137456	0.0621779
723	0.126781	0.0622279
723.5	0.129591	0.0622732
724	0.105054	0.0622999
724.5	0	0.0622999
725	0	0.0622999
725.5	0	0.0622999
726	0	0.0622999
726.5	0	0.0622999
727	0	0.0622999
727.5	0	0.0622999
728	0	0.0622999
728.5	0.00340502	0.0619254
729	0.127449	0.0619699
729.5	0.127449	0.0620143
730	0.127449	0.0620587
730.5	0.127449	0.062103
731	0.127449	0.0621473
731.5	0.127449	0.0621915
732	0.127449	0.0622411
732.5	0.127449	0.0622852
733	0.127449	0.0623292
733.5	0.127449	0.0623731
734	0.127449	0.0624005
734.5	0	0.0624005
735	0	0.0624005
735.5	0	0.0624005
736	0	0.0624005
736.5	0	0.0624005
737	0	0.0624005
737.5	0	0.0624005
738	0	0.0624005
738.5	0	0.0624005
739	0	0.0624005
739.5	0	0.0624005
740	0	0.0624005
740.5	0	0.0624005
741	0	0.0624005
741.5	0	0.0624005
742	0.000960058	0.0617205
742.5	0.110366	0.0617532
743	0.0972109	0.0617764
743.5	0.025951	0.0617618
744	0.0270172	0.0617482
744.5	0	0.0617482
745	0	0.0617482
745.5	0	0.0617482
746	0	0.0617482
746.5	0	0.0617482
747	0	0.0617482
747.5	0	0.0617482
748	0	0.0617482
748.5	0	0.0617482
749	0	0.0617482
749.5	0	0.0617482
750	0	0.0617482
750.5	0	0.0617482
751	0	0.0617482
751.5	0	0.0617482
752	0	0.0617482
752.5	0	0.0617482
753	0.00337445	0.0610235
753.5	0	0.0610235
754	0	0.0610235
754.5	0	0.0610235
755	0	0.0610235
755.5	0	0.0610235
756	0.00288296	0.0608131
756.5	0	0.0608131
757	0	0.0608131
757.5	0	0.0608131
758	0.0227425	0.0606912
758.5	0.127449	0.0607021
759	0	0.0607021
759.5	0	0.0607021
760	0.0331468	0.0606331
760.5	0.130794	0.0606776
761	0.127361	0.060721
761.5	0.122585	0.0607471
762	0	0.0607471
762.5	0	0.0607471
763	0	0.0607471
763.5	0.0141637	0.0606113
764	0.130674	0.0606555
764.5	0.105846	0.0606644
765	0	0.0606644
765.5	0	0.0606644
766	0	0.0606644
766.5	0	0.0606644
767	0	0.0606644
767.5	0	0.0606644
768	0	0.0606644
768.5	0	0.0606644
769	0	0.0606644
769.5	0	0.0606644
770	0	0.0606644
770.5	0	0.0606644
771	0	0.0606644
771.5	0	0.0606644
772	0	0.0606644
772.5	0.00468421	0.0600546
773	0.124913	0.0600811
773.5	0	0.0600811
774	0	0.0600811
774.5	0	0.0600811
775	0	0.0600811
775.5	0	0.0600811
776	0	0.0600811
776.5	0	0.0600811
777	0	0.0600811
777.5	0	0.0600811
778	0	0.0600811
778.5	0	0.0600811
779	0.008875	0.0596724
779.5	0.127449	0.0597154
780	0.127449	0.0597369
780.5	0	0.0597369
781	0	0.0597369
781.5	0	0.0597369
782	0	0.0597369
782.5	0.00571089	0.0595463
783	0.130767	0.0595902
783.5	0.127382	0.059633
784	0.127371	0.0596811
784.5	0.127532	0.0597239
785	0.127366	0.0597665
785.5	0.127589	0.0598092
786	0.129948	0.0598525
786.5	0.127449	0.059895
787	0.127449	0.0599428
787.5	0.127449	0.0599852
788	0.126432	0.0600273
788.5	0.127547	0.0600696
789	0.128383	0.0601122
789.5	0.124102	0.0601482
790	0.129061	0.0601961
790.5	0.128522	0.0602386
791	0.0922212	0.060242
791.5	0	0.060242
792	0	0.060242
792.5	0	0.060242
793	0	0.060242
793.5	0	0.060242
794	0	0.060242
794.5	0.00810777	0.0599868
795	0.118967	0.0600311
795.5	0.0851837	0.0600457
796	0.132214	0.0600943
796.5	0.178437	0.0601665
797	0.127449	0.0602083
797.5	0.127449	0.0602291
798	0	0.0602291
798.5	0	0.0602291
799	0	0.0602291
799.5	0	0.0602291
800	0	0.0602291
800.5	0	0.0602291
801	0	0.0602291
801.5	0	0.0602291
802	0	0.0602291
802.5	0	0.0602291
803	0	0.0602291
803.5	0	0.0602291
804	0	0.0602291
804.5	0	0.0602291
805	0	0.0602291
805.5	0	0.0602291
806	0	0.0602291
806.5	0	0.0602291
807	0.00403406	0.0595489
807.5	0.129659	0.0595964
808	0.107811	0.0596269
808.5	0.149116	0.0596796
809	0.125315	0.0597204
809.5	0.127423	0.0597618
810	0.124355	0.0598022
810.5	0	0.0598022
811	0	0.0598022
811.5	0	0.0598022
812	0	0.0598022
812.5	0.0220801	0.0596862
813	0.127449	0.0597326
813.5	0.127415	0.059748
814	0.019514	0.0597081
814.5	0.0830925	0.0597217
815	0.0853703	0.0597362
815.5	0.0647637	0.0597392
816	0	0.0597392
816.5	0	0.0597392
817	0	0.0597392
817.5	0	0.0597392
818	0	0.0597392
818.5	0	0.0597392
819	0	0.0597392
819.5	0	0.0597392
820	0	0.0597392
820.5	0	0.0597392
821	0	0.0597392
821.5	0	0.0597392
822	0	0.0597392
822.5	0	0.0597392
823	0	0.0597392
823.5	0.00776883	0.0592271
824	0.127449	0.0592681
824.5	0.127449	0.059309
825	0.119053	0.0593473
825.5	0.108379	0.0593775
826	0.127664	0.0594184
826.5	0.127449	0.0594591
827	0.127449	0.0594998
827.5	0.127449	0.0595404
828	0.127449	0.0595809
828.5	0.127449	0.0596215
829	0.127449	0.0596569
829.5	0	0.0596569
830	0	0.0596569
830.5	0	0.0596569
831	0	0.0596569
831.5	0	0.0596569
832	0	0.0596569
832.5	0	0.0596569
833	0	0.0596569
833.5	0	0.0596569
834	0.00459456	0.0593172
834.5	0	0.0593172
835	0	0.0593172
835.5	0	0.0593172
836	0	0.0593172
836.5	0	0.0593172
837	0	0.0593172
837.5	0	0.0593172
838	0	0.0593172
838.5	0	0.0593172
839	0	0.0593172
839.5	0	0.0593172
840	0	0.0593172
840.5	0	0.0593172
841	0	0.0593172
841.5	0	0.0593172
842	0.00295049	0.0587808
842.5	0.127449	0.0588211
843	0.127449	0.0588614
843.5	0.127449	0.0588664
844	0	0.0588664
844.5	0	0.0588664
845	0	0.0588664
845.5	0.0226864	0.0587624
846	0.127423	0.0588025
846.5	0.128218	0.0588479
847	0.127449	0.058888
847.5	0.127449	0.058928
848	0.127449	0.0589679
848.5	0.126654	0.0590076
849	0.128254	0.0590477
849.5	0.125479	0.059087
850	0.129431	0.0591273
850.5	0.123695	0.0591709
851	0.130492	0.0592113
851.5	0.127325	0.0592509
852	0.127454	0.0592905
852.5	0.127563	0.0593301
853	0.127361	0.0593696
853.5	0.126545	0.0594088
854	0.129648	0.0594538
854.5	0.127449	0.0594931
855	0.126002	0.059532
855.5	0.127413	0.0595713
856	0.127061	0.0596104
856.5	0.120746	0.0596477
857	0.113139	0.0596781
857.5	0.092472	0.0596846
858	0	0.0596846
858.5	0	0.0596846
859	0	0.0596846
859.5	0.0240981	0.0595899
860	0.0735354	0.0595985
860.5	0.124281	0.0596224
861	0	0.0596224
861.5	0	0.0596224
862	0	0.0596224
862.5	0	0.0596224
863	0	0.0596224
863.5	0	0.0596224
864	0	0.0596224
864.5	0	0.0596224
865	0	0.0596224
865.5	0.00758277	0.05931
866	0.129268	0.0593543
866.5	0.0972101	0.0593755
867	0.153593	0.0594257
867.5	0.115178	0.0594609
868	0.124753	0.0594989
868.5	0.15406	0.0595546
869	0.131882	0.0595944
869.5	0.125901	0.0596325
870	0.124518	0.0596703
870.5	0.121026	0.059707
871	0.0498402	0.0597016
871.5	0.0883901	0.0597192
872	0.255989	0.0598301
872.5	0.127178	0.0598683
873	0.124469	0.0599058
873.5	0.130704	0.0599449
874	0.124481	0.0599823
874.5	0.128136	0.0600206
875	0.127309	0.0600587
875.5	0.127885	0.0600682
876	0.0446275	0.0600527
876.5	0.127449	0.0600907
877	0.127449	0.0601334
877.5	0.127449	0.0601713
878	0.127449	0.0601856
878.5	0	0.0601856
879	0	0.0601856
879.5	0	0.0601856
880	0	0.0601856
880.5	0	0.0601856
881	0.00235503	0.059966
881.5	0.111021	0.0599906
882	0.148246	0.0600332
882.5	0	0.0600332
883	0	0.0600332
883.5	0	0.0600332
884	0	0.0600332
884.5	0	0.0600332
885	0	0.0600332
885.5	0	0.0600332
886	0	0.0600332
886.5	0	0.0600332
887	0	0.0600332
887.5	0	0.0600332
888	0	0.0600332
888.5	0	0.0600332
889	0	0.0600332
889.5	0.00103126	0.0595265
890	0.127449	0.0595642
890.5	0.127449	0.0596066
891	0.127449	0.0596443
891.5	0.127449	0.0596819
892	0.127449	0.0597194
892.5	0.127449	0.059757
893	0.124871	0.0597938
893.5	0.127351	0.0598312
894	0.129969	0.0598692
894.5	0.127679	0.0599113
895	0.127449	0.0599486
895.5	0.124601	0.0599851
896	0.129473	0.0600182
896.5	0	0.0600182
897	0	0.0600182
897.5	0	0.0600182
898	0	0.0600182
898.5	0	0.0600182
899	0	0.0600182
899.5	0	0.0600182
900	0	0.0600182
900.5	0	0.0600182
901	0	0.0600182
901.5	0	0.0600182
902	0.00535232	0.0596613
902.5	0.102399	0.0596941
903	0.113121	0.0597229
903.5	0.135756	0.0597669
904	0.0904476	0.0597846
904.5	0.133482	0.0598183
905	0.0809632	0.0598319
905.5	0.0716388	0.0598334
906	0	0.0598334
906.5	0	0.0598334
907	0	0.0598334
907.5	0	0.0598334
908	0	0.0598334
908.5	0	0.0598334
909	0.0161777	0.0596463
909.5	0.125248	0.0596826
910	0.105599	0.0597089
910.5	0.153174	0.0597564
911	0.122478	0.0597919
911.5	0.125896	0.0598282
912	0.134585	0.0598713
912.5	0.113247	0.0598998
913	0	0.0598998
913.5	0	0.0598998
914	0	0.0598998
914.5	0	0.0598998
915	0	0.0598998
915.5	0	0.0598998
916	0	0.0598998
916.5	0	0.0598998
917	0	0.0598998
917.5	0	0.0598998
918	0	0.0598998
918.5	0	0.0598998
919	0.00482813	0.0595088
919.5	0.127449	0.0595453
920	0.127449	0.0595818
920.5	0.124194	0.0596174
921	0.132065	0.0596456
921.5	0	0.0596456
922	0	0.0596456
922.5	0	0.0596456
923	0	0.0596456
923.5	0	0.0596456
924	0	0.0596456
924.5	0	0.0596456
925	0	0.0596456
925.5	0	0.0596456
926	0	0.0596456
926.5	0	0.0596456
927	0	0.0596456
927.5	0	0.0596456
928	0	0.0596456
928.5	0	0.0596456
929	0.00770375	0.0591882
929.5	0.130718	0.0592253
930	0.127886	0.0592662
930.5	0.12431	0.0593017
931	0.131764	0.0593296
931.5	0	0.0593296
932	0	0.0593296
932.5	0	0.0593296
933	0	0.0593296
933.5	0	0.0593296
934	0	0.0593296
934.5	0	0.0593296
935	0	0.0593296
935.5	0	0.0593296
936	0.00945661	0.0590633
936.5	0.0362434	0.0590474
937	0.127496	0.0590835
937.5	0.124414	0.0591188
938	0.123138	0.0591537
938.5	0.129161	0.0591901
939	0.134022	0.0592276
939.5	0.127449	0.059268
940	0.11394	0.0592961
940.5	0.123077	0.0593308
941	0.123479	0.0593656
941.5	0.1509	0.0594011
942	0.0978143	0.0594274
942.5	0.181934	0.059478
943	0	0.059478
943.5	0.0144308	0.0594259
944	0.127449	0.0594527
944.5	0	0.0594527
945	0	0.0594527
945.5	0	0.0594527
946	0	0.0594527
946.5	0	0.0594527
947	0	0.0594527
947.5	0	0.0594527
948	0	0.0594527
948.5	0	0.0594527
949	0	0.0594527
949.5	0	0.0594527
950	0	0.0594527
950.5	0	0.0594527
951	0	0.0594527
951.5	0	0.0594527
952	0	0.0594527
952.5	0	0.0594527
953	0	0.0594527
953.5	0.00326543	0.0588842
954	0.130346	0.0589249
954.5	0.127516	0.0589604
955	0.107057	0.0589789
955.5	0.0478928	0.0589751
956	0	0.0589751
956.5	0	0.0589751
957	0	0.0589751
957.5	0	0.0589751
958	0	0.0589751
958.5	0	0.0589751
959	0	0.0589751
959.5	0	0.0589751
960	0.00982367	0.0587288
960.5	0.130652	0.0587649
961	0.127428	0.0588003
961.5	0.127501	0.0588179
962	0	0.0588179
962.5	0	0.0588179
963	0	0.0588179
963.5	0	0.0588179
964	0	0.0588179
964.5	0	0.0588179
965	0.012358	0.0586338
965.5	0.127449	0.0586691
966	0.124784	0.0587036
966.5	0.127428	0.0587388
967	0.124419	0.0587732
967.5	0.133228	0.058805
968	0.123642	0.0588434
968.5	0.0663603	0.0588471
969	0.172397	0.058906
969.5	0.127449	0.0589453
970	0.125249	0.0589797
970.5	0.130087	0.0590152
971	0.120665	0.0590442
971.5	0.117217	0.0590764
972	0.123249	0.0591101
972.5	0.138731	0.0591519
973	0.143518	0.059171
973.5	0	0.059171
974	0	0.059171
974.5	0	0.059171
975	0	0.059171
975.5	0	0.059171
976	0	0.059171
976.5	0.016694	0.0590068
977	0.126269	0.0590412
977.5	0.0670463	0.059044
978	0.0733267	0.0590535
978.5	0.161908	0.0590841
979	0.0494993	0.0590779
979.5	0	0.0590779
980	0	0.0590779
980.5	0	0.0590779
981	0.0148209	0.058982
981.5	0.127449	0.0590165
982	0.127449	0.059051
982.5	0.127449	0.0590854
983	0.127449	0.0591111
983.5	0	0.0591111
984	0.0277578	0.059075
984.5	0.127449	0.0591093
985	0.127449	0.0591436
985.5	0.127449	0.0591779
986	0.127449	0.0592121
986.5	0.126816	0.0592504
987	0.127079	0.0592845
987.5	0.127223	0.0593058
988	0.0235023	0.0592815
988.5	0.101247	0.059298
989	0.124291	0.0593396
989.5	0.149083	0.0593827
990	0.126164	0.0594164
990.5	0.125251	0.0594498
991	0.135177	0.0594677
991.5	0	0.0594677
992	0	0.0594677
992.5	0	0.0594677
993	0	0.0594677
993.5	0.0168483	0.0593474
994	0.129689	0.0593817
994.5	0.127467	0.0594156
995	0.121487	0.0594317
995.5	0	0.0594317
996	0	0.0594317
996.5	0	0.0594317
997	0	0.0594317
997.5	0.0143792	0.0593081
998	0.0924993	0.0593222
998.5	0	0.0593222
999	0	0.0593222
999.5	0.0245448	0.0592664
1000	0.157956	0.0593156
1000.5	0.127434	0.0593493
1001	0.130761	0.0593836
1001.5	0.114955	0.0594141
1002	0.123374	0.0594466
1002.5	0.142106	0.0594878
1003	0.0760664	0.0594946
1003.5	0.137492	0.0595391
1004	0.14557	0.0595808
1004.5	0.129488	0.0596189
1005	0.139876	0.0596549
1005.5	0.11845	0.0596821
1006	0.135253	0.0597215
1006.5	0.123017	0.0597537
1007	0.132419	0.0597923
1007.5	0.130082	0.0598261
1008	0.121525	0.0598578
1008.5	0.136214	0.0598928
1009	0.125679	0.0599296
1009.5	0.128809	0.0599588
1010	0.129692	0.0599713
1010.5	0	0.0599713
1011	0	0.0599713
1011.5	0	0.0599713
1012	0.0164542	0.0598684
1012.5	0.133295	0.0598984
1013	0.128437	0.0599358
1013.5	0.127904	0.0599688
1014	0.126894	0.0599852
1014.5	0	0.0599852
1015	0	0.0599852
1015.5	0	0.0599852
1016	0	0.0599852
1016.5	0	0.0599852
1017	0	0.0599852
1017.5	0	0.0599852
1018	0	0.0599852
1018.5	0	0.0599852
1019	0	0.0599852
1019.5	0	0.0599852
1020	0	0.0599852
1020.5	0	0.0599852
1021	0.00755478	0.0596106
1021.5	0.127449	0.0596434
1022	0.127449	0.0596762
1022.5	0.127449	0.0596925
1023	0	0.0596925
1023.5	0.0299852	0.0596544
1024	0.123992	0.0596824
1024.5	0.128318	0.0597194
1025	0.127735	0.0597521
1025.5	0.127798	0.0597848
1026	0.0940235	0.0598016
1026.5	0.161864	0.0598499
1027	0.127229	0.0598824
1027.5	0.127382	0.0599149
1028	0.12749	0.0599514
1028.5	0.127423	0.0599838
1029	0.127589	0.0600163
1029.5	0.127383	0.0600365
1030	0	0.0600365
1030.5	0.00656048	0.0599742
1031	0.127449	0.0600066
1031.5	0.127449	0.0600389
1032	0.127449	0.0600631
1032.5	0	0.0600631
1033	0	0.0600631
1033.5	0	0.0600631
1034	0	0.0600631
1034.5	0.0118776	0.0599396
1035	0.127994	0.059972
1035.5	0.122489	0.060003
1036	0.122801	0.0600341
1036.5	0.138815	0.0600686
1037	0.125794	0.0601003
1037.5	0.129063	0.0601368
1038	0.12637	0.0601686
1038.5	0.121473	0.0601992
1039	0.134123	0.0602326
1039.5	0.127444	0.0602646
1040	0.128013	0.0602966
1040.5	0.121459	0.0603271
1041	0.133328	0.0603644
1041.5	0.123914	0.0603915
1042	0.127449	0.0604273
1042.5	0.124419	0.0604584
1043	0.133935	0.0604915
1043.5	0.127573	0.0605232
1044	0.125436	0.0605544
1044.5	0.129506	0.0605865
1045	0.127394	0.0606221
1045.5	0.126403	0.0606417
1046	0.101976	0.0606692
1046.5	0.127449	0.060677
1047	0.0377899	0.0606588
1047.5	0.127496	0.0606903
1048	0.127504	0.0607258
1048.5	0.128457	0.0607574
1049	0.128025	0.060789
1049.5	0.127449	0.0608204
1050	0.121623	0.0608504
1050.5	0.124718	0.0608811
1051	0.108016	0.0609007
1051.5	0.0704481	0.0609058
1052	0.0927984	0.0609109
1052.5	0.00924887	0.0608691
1053	0.126119	0.0609001
1053.5	0.0359411	0.0608897
1054	0.0925444	0.060905
1054.5	0.126997	0.06094
1055	0.116306	0.0609648
1055.5	0.0923864	0.0609801
1056	0.177909	0.061034
1056.5	0.191506	0.0611
1057	0.127449	0.061131
1057.5	0.127449	0.061162
1058	0.127449	0.0611929
1058.5	0.127449	0.0612239
1059	0.127449	0.0612548
1059.5	0.127449	0.0612856
1060	0.127449	0.0613165
1060.5	0.127449	0.0613511
1061	0.127449	0.0613819
1061.5	0.127449	0.0614127
1062	0	0.0614127
1062.5	0	0.0614127
1063	0	0.0614127
1063.5	0	0.0614127
1064	0.0157428	0.0613054
1064.5	0.128351	0.0613363
1065	0.127449	0.0613439
1065.5	0	0.0613439
1066	0.0222126	0.0612919
1066.5	0.127309	0.0613225
1067	0.130055	0.0613537
1067.5	0.0823671	0.0613631
1068	0.127449	0.0613975
1068.5	0.127449	0.0614281
1069	0.12403	0.0614578
1069.5	0.131062	0.0614891
1070	0.124135	0.0615188
1070.5	0.130804	0.0615499
1071	0.127329	0.0615803
1071.5	0.127704	0.0616107
1072	0.127449	0.0616449
1072.5	0.127449	0.0616752
1073	0.127449	0.0617055
1073.5	0.127449	0.0617244
1074	0	0.0617244
1074.5	0	0.0617244
1075	0	0.0617244
1075.5	0	0.0617244
1076	0	0.0617244
1076.5	0	0.0617244
1077	0	0.0617244
1077.5	0	0.0617244
1078	0	0.0617244
1078.5	0	0.0617244
1079	0	0.0617244
1079.5	0	0.0617244
1080	0	0.0617244
1080.5	0	0.0617244
1081	0.00512533	0.0613223
1081.5	0.127563	0.0613563
1082	0.127527	0.0613865
1082.5	0.128488	0.0614169
1083	0.125553	0.0614466
1083.5	0.127216	0.0614767
1084	0.128163	0.0615069
1084.5	0.127475	0.0615369
1085	0.1276	0.061567
1085.5	0.127254	0.0616007
1086	0.127571	0.0616269
1086.5	0.126066	0.0616565
1087	0.129902	0.0616908
1087.5	0.127598	0.0617057
1088	0	0.0617057
1088.5	0	0.0617057
1089	0	0.0617057
1089.5	0	0.0617057
1090	0.00283894	0.061556
1090.5	0.136396	0.0615916
1091	0.127361	0.0616215
1091.5	0.127008	0.0616512
1092	0.128034	0.0616811
1092.5	0.12732	0.0617108
1093	0.127573	0.0617405
1093.5	0.127465	0.0617702
1094	0.127402	0.0617999
1094.5	0.128339	0.0618334
1095	0.127449	0.061863
1095.5	0.127449	0.0618926
1096	0.0617763	0.0618926
1096.5	0.127449	0.0619221
1097	0.127449	0.0619516
1097.5	0.127449	0.0619811
1098	0.127449	0.0620106
1098.5	0.127449	0.06204
1099	0.126146	0.0620691
1099.5	0.127532	0.0621022
1100	0.127387	0.0621315
1100.5	0.127542	0.0621609
1101	0.124409	0.0621895
1101.5	0.130389	0.0622194
1102	0.11277	0.0622418
1102.5	0.076628	0.0622485
1103	0.170594	0.0622938
1103.5	0.147357	0.062335
1104	0.113171	0.0623574
1104.5	0.14088	0.0623971
1105	0.110641	0.0624189
1105.5	0.143809	0.0624511
1106	0.112761	0.0624765
1106.5	0.126289	0.0625053
1107	0.153496	0.0625432
1107.5	0.105469	0.0625634
1108	0.146947	0.0626042
1108.5	0.130711	0.0626338
1109	0.12749	0.0626627
1109.5	0.128059	0.0626917
1110	0.12662	0.0627203
1110.5	0.127485	0.0627491
1111	0.127351	0.0627779
1111.5	0.127444	0.0628102
1112	0.127313	0.0628389
1112.5	0.128496	0.0628678
1113	0.127449	0.0628965
1113.5	0.127449	0.0629252
1114	0.127449	0.0629538
1114.5	0.127449	0.0629824
1115	0.127449	0.0630145
1115.5	0.127449	0.0630359
1116	0	0.0630359
1116.5	0	0.0630359
1117	0.0146142	0.0629659
1117.5	0.129128	0.0629947
1118	0.129791	0.0630237
1118.5	0.127449	0.0630522
1119	0.127449	0.0630842
1119.5	0.127449	0.0631126
1120	0.127449	0.0631409
1120.5	0.124741	0.0631687
1121	0.128963	0.0631974
1121.5	0.128732	0.0632259
1122	0.127449	0.0632542
1122.5	0.127449	0.0632825
1123	0.127449	0.0633142
1123.5	0.124319	0.0633417
1124	0.128125	0.0633701
1124.5	0.127366	0.0633982
1125	0.127796	0.0634264
1125.5	0.129764	0.063455
1126	0.127449	0.0634831
1126.5	0.127449	0.0635111
1127	0.127449	0.0635216
1127.5	0	0.0635216
1128	0	0.0635216
1128.5	0	0.0635216
1129	0.00330465	0.0633946
1129.5	0.111014	0.0634125
1130	0.117728	0.0634382
1130.5	0.117796	0.0634639
1131	0.154391	0.0635049
1131.5	0.0633317	0.0635049
1132	0.0763252	0.0635095
1132.5	0.0925906	0.0635139
1133	0.0255992	0.063483
1133.5	0.08113	0.0634876
1134	0.132061	0.0635272
1134.5	0.0986816	0.0635445
1135	0.149556	0.0635804
1135.5	0.1324	0.0636128
1136	0.173488	0.0636611
1136.5	0.132415	0.0636899
1137	0.133111	0.0637223
1137.5	0.127181	0.0637465
1138	0.128131	0.0637778
1138.5	0.127449	0.0637847
1139	0	0.0637847
1139.5	0	0.0637847
1140	0	0.0637847
1140.5	0	0.0637847
1141	0	0.0637847
1141.5	0	0.0637847
1142	0	0.0637847
1142.5	0	0.0637847
1143	0	0.0637847
1143.5	0	0.0637847
1144	0	0.0637847
1144.5	0	0.0637847
1145	0	0.0637847
1145.5	0	0.0637847
1146	0	0.0637847
1146.5	0	0.0637847
1147	0	0.0637847
1147.5	0	0.0637847
1148	0.00636951	0.0632903
1148.5	0.127397	0.0633179
1149	0.130385	0.0633496
1149.5	0.123714	0.0633763
1150	0.12877	0.0634007
1150.5	0.0632361	0.0634006
1151	0.0944725	0.0634163
1151.5	0.1579	0.0634531
1152	0.12064	0.0634791
1152.5	0.133024	0.0635076
1153	0.146989	0.063527
1153.5	0	0.063527
1154	0	0.063527
1154.5	0	0.063527
1155	0	0.063527
1155.5	0	0.063527
1156	0	0.063527
1156.5	0	0.063527
1157	0	0.063527
1157.5	0	0.063527
1158	0	0.063527
1158.5	0	0.063527
1159	0.00124857	0.0631883
1159.5	0.128047	0.0632158
1160	0.127449	0.0632432
1160.5	0.127449	0.0632705
1161	0.125655	0.0632941
1161.5	0	0.0632941
1162	0	0.0632941
1162.5	0	0.0632941
1163	0	0.0632941
1163.5	0	0.0632941
1164	0	0.0632941
1164.5	0	0.0632941
1165	0	0.0632941
1165.5	0	0.0632941
1166	0	0.0632941
1166.5	0	0.0632941
1167	0	0.0632941
1167.5	0	0.0632941
1168	0	0.0632941
1168.5	0	0.0632941
1169	0	0.0632941
1169.5	0	0.0632941
1170	0	0.0632941
1170.5	0	0.0632941
1171	0	0.0632941
1171.5	0	0.0632941
1172	0	0.0632941
1172.5	0	0.0632941
1173	0	0.0632941
1173.5	0	0.0632941
1174	0	0.0632941
1174.5	0	0.0632941
1175	0	0.0632941
1175.5	0.0016117	0.0625254
1176	0.129437	0.0625531
1176.5	0.107588	0.0625727
1177	0.0947167	0.0625863
1177.5	0.126425	0.0626133
1178	0.177817	0.0626609
1178.5	0.107989	0.0626806
1179	0.0901151	0.0626907
1179.5	0.146564	0.0627174
1180	0.127257	0.0627513
1180.5	0.0753641	0.0627568
1181	0.105666	0.0627758
1181.5	0.0754103	0.0627814
1182	0.0905139	0.0627936
1182.5	0.123402	0.0628198
1183	0.0924166	0.062824
1183.5	0	0.062824
1184	0.0196383	0.0627802
1184.5	0.11217	0.0628065
1185	0.161949	0.0628471
1185.5	0.129202	0.0628744
1186	0.134591	0.0629062
1186.5	0.127449	0.0629331
1187	0.127449	0.06296
1187.5	0.127449	0.0629868
1188	0.127449	0.0630136
1188.5	0.127449	0.0630404
1189	0.127449	0.0630705
1189.5	0.127449	0.0630939
1190	0	0.0630939
1190.5	0	0.0630939
1191	0	0.0630939
1191.5	0	0.0630939
1192	0	0.0630939
1192.5	0	0.0630939
1193	0	0.0630939
1193.5	0	0.0630939
1194	0	0.0630939
1194.5	0	0.0630939
1195	0	0.0630939
1195.5	0	0.0630939
1196	0	0.0630939
1196.5	0	0.0630939
1197	0.00104262	0.0627026
1197.5	0.127449	0.0627126
1198	0	0.0627126
1198.5	0	0.0627126
1199	0	0.0627126
1199.5	0	0.0627126
1200	0	0.0627126
1200.5	0	0.0627126
1201	0	0.0627126
1201.5	0	0.0627126
1202	0	0.0627126
1202.5	0	0.0627126
1203	0	0.0627126
1203.5	0	0.0627126
1204	0	0.0627126
1204.5	0	0.0627126
1205	0	0.0627126
1205.5	0	0.0627126
1206	0.00355201	0.0622779
1206.5	0.123848	0.0622974
1207	0	0.0622974
1207.5	0.0278453	0.0622651
1208	0.127436	0.0622918
1208.5	0.127346	0.0623184
1209	0.0849534	0.0623271
1209.5	0.109639	0.0623495
1210	0.151257	0.0623839
1210.5	0.12718	0.0623972
1211	0	0.0623972
1211.5	0	0.0623972
1212	0	0.0623972
1212.5	0	0.0623972
1213	0	0.0623972
1213.5	0	0.0623972
1214	0	0.0623972
1214.5	0	0.0623972
1215	0	0.0623972
1215.5	0	0.0623972
1216	0.00961301	0.0621485
1216.5	0.113323	0.0621689
1217	0.121644	0.0621974
1217.5	0.0831447	0.0622055
1218	0.0753806	0.0622111
1218.5	0.122806	0.0622366
1219	0.171652	0.0622737
1219.5	0.0903552	0.0622857
1220	0.0423058	0.0622766
1220.5	0.0809923	0.062284
1221	0.146694	0.0623137
1221.5	0.0498392	0.0623121
1222	0.0336417	0.0622901
1222.5	0.119517	0.0623148
1223	0.140853	0.0623435
1223.5	0.127398	0.062373
1224	0.127527	0.0623993
1224.5	0.12734	0.0624255
1225	0.127511	0.0624517
1225.5	0.127439	0.0624779
1226	0.127537	0.0625041
1226.5	0.128437	0.0625305
1227	0.127449	0.0625566
1227.5	0.127449	0.062586
1228	0.127449	0.0626121
1228.5	0.127449	0.0626381
1229	0.127449	0.0626642
1229.5	0.127449	0.0626902
1230	0.127449	0.0627162
1230.5	0.127449	0.0627422
1231	0.127449	0.0627681
1231.5	0.127449	0.0627714
1232	0	0.0627714
1232.5	0	0.0627714
1233	0	0.0627714
1233.5	0	0.0627714
1234	0	0.0627714
1234.5	0	0.0627714
1235	0.0137602	0.0626125
1235.5	0.124237	0.0626378
1236	0.130603	0.0626643
1236.5	0.127666	0.0626902
1237	0.127449	0.0627161
1237.5	0.127449	0.0627419
1238	0.127449	0.0627677
1238.5	0.127449	0.0627903
1239	0	0.0627903
1239.5	0.0349526	0.062765
1240	0.127449	0.0627908
1240.5	0.127449	0.0628165
1241	0.127449	0.0628423
1241.5	0.127449	0.0628551
1242	0	0.0628551
1242.5	0	0.0628551
1243	0	0.0628551
1243.5	0	0.0628551
1244	0	0.0628551
1244.5	0	0.0628551
1245	0	0.0628551
1245.5	0	0.0628551
1246	0	0.0628551
1246.5	0	0.0628551
1247	0	0.0628551
1247.5	0	0.0628551
1248	0	0.0628551
1248.5	0	0.0628551
1249	0	0.0628551
1249.5	0	0.0628551
1250	0.00716653	0.0624638
1250.5	0.128088	0.0624896
1251	0.113433	0.0625094
1251.5	0.132219	0.0625392
1252	0.138678	0.0625703
1252.5	0.127449	0.0625959
1253	0.127449	0.0626214
1253.5	0.127449	0.062647
1254	0.127449	0.0626725
1254.5	0.127449	0.062698
1255	0.127449	0.0627235
1255.5	0.127449	0.0627489
1256	0.127255	0.0627775
1256.5	0.127668	0.062803
1257	0.127449	0.0628284
1257.5	0.121847	0.0628526
1258	0.0993291	0.0628664
1258.5	0.157722	0.062904
1259	0.11784	0.0629273
1259.5	0.119165	0.0629479
1260	0.0589371	0.0629471
1260.5	0	0.0629471
1261	0	0.0629471
1261.5	0	0.0629471
1262	0.0138767	0.0628589
1262.5	0.127449	0.062862
1263	0.0697805	0.062867
1263.5	0.0571465	0.0628651
1264	0.0253661	0.0628467
1264.5	0.145665	0.0628786
1265	0.10525	0.0628961
1265.5	0.175013	0.0629359
1266	0.0965861	0.0629511
1266.5	0.177202	0.0629751
1267	0	0.0629751
1267.5	0	0.0629751
1268	0	0.0629751
1268.5	0	0.0629751
1269	0	0.0629751
1269.5	0	0.0629751
1270	0	0.0629751
1270.5	0	0.0629751
1271	0	0.0629751
1271.5	0	0.0629751
1272	0.00138343	0.0626997
1272.5	0.083184	0.0627073
1273	0.105446	0.0627249
1273.5	0.0966053	0.06274
1274	0.157677	0.0627772
1274.5	0.16105	0.062781
1275	0	0.062781
1275.5	0	0.062781
1276	0	0.062781
1276.5	0	0.062781
1277	0	0.062781
1277.5	0.0160583	0.0626556
1278	0.125569	0.0626802
1278.5	0.0719219	0.0626834
1279	0.169203	0.0627066
1279.5	0.0687374	0.0627104
1280	0.178243	0.0627542
1280.5	0.138516	0.0627845
1281	0.169254	0.062827
1281.5	0.123079	0.062851
1282	0.13729	0.0628776
1282.5	0.127449	0.0629056
1283	0.127449	0.0629305
1283.5	0.127449	0.0629553
1284	0.127449	0.0629801
1284.5	0.127449	0.0630049
1285	0.127449	0.0630296
1285.5	0.127449	0.0630544
1286	0.127449	0.063076
1286.5	0.0519618	0.0630708
1287	0.128032	0.063077
1287.5	0	0.063077
1288	0	0.063077
1288.5	0	0.063077
1289	0	0.063077
1289.5	0	0.063077
1290	0	0.063077
1290.5	0	0.063077
1291	0	0.063077
1291.5	0	0.063077
1292	0	0.063077
1292.5	0	0.063077
1293	0	0.063077
1293.5	0	0.063077
1294	0.00212227	0.0627278
1294.5	0.127449	0.0627525
1295	0.127449	0.0627771
1295.5	0.127449	0.0628018
1296	0	0.0628018
1296.5	0	0.0628018
1297	0	0.0628018
1297.5	0	0.0628018
1298	0	0.0628018
1298.5	0	0.0628018
1299	0	0.0628018
1299.5	0	0.0628018
1300	0	0.0628018
1300.5	0	0.0628018
1301	0	0.0628018
1301.5	0	0.0628018
1302	0	0.0628018
1302.5	0	0.0628018
1303	0	0.0628018
1303.5	0	0.0628018
1304	0.00552293	0.0624264
1304.5	0.127429	0.062451
1305	0.126178	0.0624753
1305.5	0.119252	0.0624954
1306	0.120632	0.0625187
1306.5	0.123688	0.0625306
1307	0.0558067	0.0625269
1307.5	0.180583	0.0625741
1308	0.113103	0.062593
1308.5	0.151736	0.0626318
1309	0.09272	0.0626416
1309.5	0.0884087	0.0626521
1310	0	0.0626521
1310.5	0	0.0626521
1311	0	0.0626521
1311.5	0	0.0626521
1312	0	0.0626521
1312.5	0.00778276	0.0625253
1313	0.124568	0.0625492
1313.5	0.130467	0.0625741
1314	0.127449	0.0625802
1314.5	0	0.0625802
1315	0	0.0625802
1315.5	0.0127847	0.0625103
1316	0.110602	0.0625285
1316.5	0.126747	0.0625558
1317	0.143981	0.0625693
1317.5	0.0224004	0.0625586
1318	0.0281659	0.0625367
1318.5	0.0551474	0.0625335
1319	0.134347	0.0625526
1319.5	0.0706831	0.0625568
1320	0.135486	0.0625856
1320.5	0.323844	0.0625904
1321	0	0.0625904
1321.5	0	0.0625904
1322	0	0.0625904
1322.5	0	0.0625904
1323	0	0.0625904
1323.5	0	0.0625904
1324	0	0.0625904
1324.5	0	0.0625904
1325	0	0.0625904
1325.5	0	0.0625904
1326	0.0026249	0.0623194
1326.5	0.128672	0.0623408
1327	0.0555476	0.0623386
1327.5	0.107787	0.0623586
1328	0.161527	0.0623986
1328.5	0.0903951	0.0624096
1329	0.0809183	0.0624123
1329.5	0	0.0624123
1330	0	0.0624123
1330.5	0	0.0624123
1331	0	0.0624123
1331.5	0	0.0624123
1332	0.00717433	0.0622759
1332.5	0.128335	0.0623033
1333	0.127449	0.0623274
1333.5	0.127449	0.0623364
1334	0	0.0623364
1334.5	0	0.0623364
1335	0	0.0623364
1335.5	0.0103394	0.0622476
1336	0.129209	0.062275
1336.5	0.127485	0.0622991
1337	0.127547	0.0623232
1337.5	0.128471	0.0623474
1338	0.127449	0.0623714
1338.5	0.127449	0.0623955
1339	0.126126	0.0624192
1339.5	0.128432	0.0624464
1340	0.0789011	0.0624525
1340.5	0.0790347	0.0624586
1341	0.0803391	0.0624652
1341.5	0.138583	0.0624942
1342	0.182087	0.0625288
1342.5	0.102891	0.0625472
1343	0.20377	0.0625959
1343.5	0.126479	0.0626196
1344	0.143831	0.0626526
1344.5	0.127449	0.0626764
1345	0.127449	0.0626853
1345.5	0	0.0626853
1346	0	0.0626853
1346.5	0	0.0626853
1347	0	0.0626853
1347.5	0	0.0626853
1348	0	0.0626853
1348.5	0	0.0626853
1349	0	0.0626853
1349.5	0	0.0626853
1350	0	0.0626853
1350.5	0	0.0626853
1351	0	0.0626853
1351.5	0	0.0626853
1352	0	0.0626853
1352.5	0	0.0626853
1353	0	0.0626853
1353.5	0	0.0626853
1354	0.00428073	0.062289
1354.5	0	0.062289
1355	0	0.062289
1355.5	0	0.062289
1356	0.0183091	0.0622193
1356.5	0.125834	0.0622428
1357	0.1588	0.0622498
1357.5	0	0.0622498
1358	0	0.0622498
1358.5	0	0.0622498
1359	0	0.0622498
1359.5	0	0.0622498
1360	0.00465233	0.0621066
1360.5	0.114912	0.0621279
1361	0.0791011	0.0621341
1361.5	0.110505	0.0621518
1362	0.107946	0.0621591
1362.5	0	0.0621591
1363	0	0.0621591
1363.5	0.0133898	0.0620961
1364	0.115245	0.0621173
1364.5	0.132891	0.0621419
1365	0.0970835	0.0621544
1365.5	0.160953	0.0621932
1366	0.133023	0.0622147
1366.5	0.0943105	0.0622284
1367	0.155053	0.0622491
1367.5	0	0.0622491
1368	0	0.0622491
1368.5	0	0.0622491
1369	0	0.0622491
1369.5	0	0.0622491
1370	0	0.0622491
1370.5	0	0.0622491
1371	0	0.0622491
1371.5	0	0.0622491
1372	0	0.0622491
1372.5	0	0.0622491
1373	0	0.0622491
1373.5	0	0.0622491
1374	0	0.0622491
1374.5	0	0.0622491
1375	0	0.0622491
1375.5	0	0.0622491
1376	0	0.0622491
1376.5	0.00405114	0.0618386
1377	0.127449	0.0618622
1377.5	0.127449	0.0618857
1378	0.127449	0.0619092
1378.5	0.124679	0.0619178
1379	0	0.0619178
1379.5	0	0.0619178
1380	0	0.0619178
1380.5	0	0.0619178
1381	0	0.0619178
1381.5	0	0.0619178
1382	0	0.0619178
1382.5	0	0.0619178
1383	0	0.0619178
1383.5	0	0.0619178
1384	0	0.0619178
1384.5	0	0.0619178
1385	0	0.0619178
1385.5	0	0.0619178
1386	0	0.0619178
1386.5	0	0.0619178
1387	0.0026629	0.0615392
1387.5	0.130745	0.0615632
1388	0.124409	0.0615861
1388.5	0.130676	0.0616131
1389	0.127428	0.0616365
1389.5	0.127439	0.0616599
1390	0.0497298	0.0616558
1390.5	0.161494	0.0616908
1391	0.157218	0.0617286
1391.5	0.122229	0.0617481
1392	0.141005	0.0617799
1392.5	0.127449	0.0618032
1393	0.127449	0.0618265
1393.5	0.127449	0.0618497
1394	0.127449	0.0618729
1394.5	0.12647	0.061896
1395	0.127553	0.0619192
1395.5	0.127356	0.0619424
1396	0.127518	0.0619684
1396.5	0.128354	0.0619917
1397	0.127449	0.0620149
1397.5	0.127449	0.062038
1398	0.127449	0.0620611
1398.5	0.127449	0.0620842
1399	0.127449	0.0621072
1399.5	0.127349	0.0621303
1400	0.127538	0.0621562
1400.5	0.123619	0.0621785
1401	0.127414	0.0622015
1401.5	0.130918	0.0622251
1402	0.12734	0.0622481
1402.5	0.0969897	0.0622581
1403	0.103302	0.062267
1403.5	0	0.062267
1404	0	0.062267
1404.5	0	0.062267
1405	0	0.062267
1405.5	0	0.062267
1406	0	0.062267
1406.5	0	0.062267
1407	0	0.062267
1407.5	0	0.062267
1408	0	0.062267
1408.5	0.00809748	0.0620429
1409	0.127449	0.0620658
1409.5	0.127449	0.0620887
1410	0.0918806	0.0620996
1410.5	0.149074	0.0621288
1411	0.142272	0.0621571
1411.5	0.0925193	0.0621681
1412	0.161733	0.0622058
1412.5	0.127656	0.0622286
1413	0.127449	0.0622457
1413.5	0	0.0622457
1414	0	0.0622457
1414.5	0	0.0622457
1415	0	0.0622457
1415.5	0.0059329	0.0621402
1416	0.127449	0.062163
1416.5	0.126114	0.0621855
1417	0.127682	0.0622083
1417.5	0.128575	0.0622312
1418	0.127449	0.0622539
1418.5	0.127449	0.0622766
1419	0.124377	0.0622988
1419.5	0.127894	0.0623215
1420	0.107978	0.0623379
1420.5	0.129366	0.0623637
1421	0	0.0623637
1421.5	0	0.0623637
1422	0	0.0623637
1422.5	0	0.0623637
1423	0	0.0623637
1423.5	0	0.0623637
1424	0	0.0623637
1424.5	0	0.0623637
1425	0	0.0623637
1425.5	0.00941801	0.0621776
1426	0.072041	0.0621799
1426.5	0.0471803	0.0621729
1427	0.185029	0.0622095
1427.5	0.0862864	0.0622187
1428	0.0834756	0.0622243
1428.5	0.0634377	0.0622248
1429	0.117612	0.0622456
1429.5	0.138514	0.0622728
1430	0.18169	0.0623126
1430.5	0.138313	0.0623398
1431	0.141981	0.0623675
1431.5	0.116173	0.0623853
1432	0.090413	0.0623955
1432.5	0.0648021	0.0623962
1433	0	0.0623962
1433.5	0	0.0623962
1434	0	0.0623962
1434.5	0	0.0623962
1435	0	0.0623962
1435.5	0	0.0623962
1436	0	0.0623962
1436.5	0	0.0623962
1437	0	0.0623962
1437.5	0	0.0623962
1438	0	0.0623962
1438.5	0	0.0623962
1439	0	0.0623962
1439.5	0	0.0623962
1440	0.00309338	0.062082
1440.5	0.141767	0.0621097
1441	0.100838	0.0621243
1441.5	0.110744	0.0621411
1442	0.161694	0.0621713
1442.5	0.0925511	0.0621785
1443	0	0.0621785
1443.5	0	0.0621785
1444	0	0.0621785
1444.5	0	0.0621785
1445	0	0.0621785
1445.5	0	0.0621785
1446	0	0.0621785
1446.5	0	0.0621785
1447	0	0.0621785
1447.5	0	0.0621785
1448	0	0.0621785
1448.5	0	0.0621785
1449	0	0.0621785
1449.5	0	0.0621785
1450	0.00608367	0.0618784
1450.5	0.143353	0.0619031
1451	0.0965869	0.0619167
1451.5	0.0954754	0.0619262
1452	0.0648067	0.0619272
1452.5	0.116916	0.0619425
1453	0.037324	0.0619318
1453.5	0.165263	0.0619724
1454	0.202193	0.0620099
1454.5	0.134526	0.062039
1455	0.118092	0.0620595
1455.5	0.137956	0.0620833
1456	0.113593	0.062098
1456.5	0.080838	0.0621043
1457	0.0518173	0.0621
1457.5	0.134824	0.0621145
1458	0.0610878	0.0621141
1458.5	0.032454	0.0621092
1459	0	0.0621092
1459.5	0.0291613	0.0620787
1460	0.169818	0.0621163
1460.5	0.0664097	0.0621177
1461	0.102498	0.0621241
1461.5	0.0675029	0.0621271
1462	0.0762906	0.0621311
1462.5	0.0674764	0.0621332
1463	0.650861	0.0621381
1463.5	0.011312	0.0621139
1464	0	0.0621139
1464.5	0	0.0621139
1465	0	0.0621139
1465.5	0	0.0621139
1466	0.0169682	0.0620283
1466.5	0.127449	0.0620503
1467	0.125282	0.0620719
1467.5	0.127508	0.0620939
1468	0.126906	0.0621158
1468.5	0.127652	0.0621406
1469	0.129127	0.0621628
1469.5	0.123144	0.062184
1470	0.113312	0.0622009
1470.5	0.145578	0.0622285
1471	0.128783	0.0622506
1471.5	0.127449	0.0622724
1472	0.127449	0.062297
1472.5	0.127449	0.0623189
1473	0.127449	0.0623407
1473.5	0.127449	0.0623489
1474	0	0.0623489
1474.5	0	0.0623489
1475	0	0.0623489
1475.5	0	0.0623489
1476	0	0.0623489
1476.5	0	0.0623489
1477	0	0.0623489
1477.5	0	0.0623489
1478	0	0.0623489
1478.5	0	0.0623489
1479	0	0.0623489
1479.5	0.00498347	0.0621041
1480	0.127449	0.0621259
1480.5	0.127449	0.0621477
1481	0.127449	0.0621695
1481.5	0.127449	0.0621939
1482	0.127449	0.0622157
1482.5	0.118603	0.0622333
1483	0.113237	0.06225
1483.5	0.129484	0.0622638
1484	0.061587	0.0622635
1484.5	0.0847584	0.0622705
1485	0.195053	0.0623173
1485.5	0.169956	0.0623542
1486	0.127444	0.0623759
1486.5	0.119659	0.062391
1487	0.0539358	0.0623902
1487.5	0	0.0623902
1488	0	0.0623902
1488.5	0	0.0623902
1489	0	0.0623902
1489.5	0	0.0623902
1490	0	0.0623902
1490.5	0	0.0623902
1491	0	0.0623902
1491.5	0	0.0623902
1492	0.0100335	0.0621977
1492.5	0.127449	0.0622193
1493	0.127449	0.0622408
1493.5	0.127449	0.0622624
1494	0.127449	0.0622839
1494.5	0.127449	0.0623055
1495	0.127449	0.062327
1495.5	0.127449	0.0623485
1496	0.127449	0.0623726
1496.5	0.127449	0.0623941
1497	0.127449	0.0624155
1497.5	0.127449	0.062437
1498	0.127449	0.0624584
1498.5	0.127449	0.0624798
1499	0.127449	0.0625012
1499.5	0.127449	0.0625226
1500	0.127449	0.0625359
1500.5	0	0.0625359
1501	0	0.0625359
1501.5	0	0.0625359
1502	0	0.0625359
1502.5	0	0.0625359
1503	0	0.0625359
1503.5	0	0.0625359
1504	0	0.0625359
1504.5	0	0.0625359
1505	0.0075153	0.0623447
1505.5	0.127449	0.0623553
1506	0	0.0623553
1506.5	0	0.0623553
1507	0	0.0623553
1507.5	0	0.0623553
1508	0	0.0623553
1508.5	0	0.0623553
1509	0	0.0623553
1509.5	0	0.0623553
1510	0	0.0623553
1510.5	0	0.0623553
1511	0	0.0623553
1511.5	0	0.0623553
1512	0	0.0623553
1512.5	0	0.0623553
1513	0	0.0623553
1513.5	0	0.0623553
1514	0	0.0623553
1514.5	0	0.0623553
1515	0	0.0623553
1515.5	0	0.0623553
1516	0	0.0623553
1516.5	0	0.0623553
1517	0	0.0623553
1517.5	0	0.0623553
1518	0.00430173	0.061866
1518.5	0.127449	0.0618873
1519	0.127449	0.0619086
1519.5	0.127449	0.0619299
1520	0.127449	0.0619512
1520.5	0.127449	0.0619751
1521	0.127449	0.0619963
1521.5	0.127449	0.0620176
1522	0.127449	0.0620388
1522.5	0.127449	0.06206
1523	0.127449	0.0620812
1523.5	0.127449	0.0621024
1524	0.0883341	0.062107
1524.5	0.093904	0.0621227
1525	0.1507	0.062153
1525.5	0.0681402	0.0621548
1526	0.200519	0.062201
1526.5	0.154032	0.0622317
1527	0.119863	0.0622516
1527.5	0.136407	0.0622739
1528	0.127449	0.062295
1528.5	0.114007	0.0623137
1529	0.096031	0.0623209
1529.5	0.0118021	0.0622989
1530	0.0720243	0.062301
1530.5	0	0.062301
1531	0	0.062301
1531.5	0.00967645	0.0622451
1532	0.074868	0.0622477
1532.5	0.015822	0.0622327
1533	0	0.0622327
1533.5	0	0.0622327
1534	0	0.0622327
1534.5	0	0.0622327
1535	0	0.0622327
1535.5	0	0.0622327
1536	0	0.0622327
1536.5	0	0.0622327
1537	0	0.0622327
1537.5	0.00603712	0.0620422
1538	0.127449	0.0620658
1538.5	0.127449	0.0620868
1539	0.127449	0.0621078
1539.5	0.127449	0.0621287
1540	0.127449	0.0621497
1540.5	0.127449	0.0621706
1541	0.127449	0.0621915
1541.5	0.127449	0.0622124
1542	0.127449	0.0622359
1542.5	0.127347	0.0622567
1543	0.12687	0.0622645
1543.5	0	0.0622645
1544	0	0.0622645
1544.5	0	0.0622645
1545	0	0.0622645
1545.5	0.022218	0.0621912
1546	0.127449	0.062212
1546.5	0.124726	0.0622324
1547	0.127392	0.0622532
1547.5	0.127361	0.062274
1548	0.111083	0.0622896
1548.5	0.127449	0.0622922
1549	0	0.0622922
1549.5	0	0.0622922
1550	0	0.0622922
1550.5	0	0.0622922
1551	0	0.0622922
1551.5	0	0.0622922
1552	0.0178378	0.0621785
1552.5	0.126132	0.0621991
1553	0.126779	0.0622017
1553.5	0	0.0622017
1554	0	0.0622017
1554.5	0	0.0622017
1555	0	0.0622017
1555.5	0	0.0622017
1556	0.0141191	0.0620984
1556.5	0.0890645	0.0621091
1557	0.185574	0.0621158
1557.5	0	0.0621158
1558	0	0.0621158
1558.5	0	0.0621158
1559	0	0.0621158
1559.5	0	0.0621158
1560	0	0.0621158
1560.5	0	0.0621158
1561	0	0.0621158
1561.5	0	0.0621158
1562	0	0.0621158
1562.5	0	0.0621158
1563	0	0.0621158
1563.5	0	0.0621158
1564	0	0.0621158
1564.5	0	0.0621158
1565	0	0.0621158
1565.5	0.00530695	0.0617932
1566	0.127485	0.0618139
1566.5	0.127339	0.0618372
1567	0.127547	0.0618579
1567.5	0.127251	0.0618785
1568	0.127273	0.0618991
1568.5	0.127705	0.0619198
1569	0.127501	0.0619404
1569.5	0.124414	0.0619605
1570	0.130723	0.0619816
1570.5	0.121394	0.0620012
1571	0.135747	0.0620257
1571.5	0.127449	0.0620462
1572	0.127449	0.0620667
1572.5	0.127449	0.0620873
1573	0.127449	0.0621078
1573.5	0.127449	0.0621283
1574	0.127449	0.0621385
1574.5	0	0.0621385
1575	0	0.0621385
1575.5	0	0.0621385
1576	0	0.0621385
1576.5	0	0.0621385
1577	0	0.0621385
1577.5	0	0.0621385
1578	0	0.0621385
1578.5	0.00815596	0.0619737
1579	0.127435	0.0619941
1579.5	0.123944	0.0620115
1580	0.128204	0.0620218
1580.5	0	0.0620218
1581	0	0.0620218
1581.5	0	0.0620218
1582	0.0105138	0.0619488
1582.5	0.129241	0.0619721
1583	0.123173	0.0619819
1583.5	0.0310987	0.0619671
1584	0.12437	0.0619871
1584.5	0.127139	0.0619922
1585	0	0.0619922
1585.5	0	0.0619922
1586	0	0.0619922
1586.5	0	0.0619922
1587	0	0.0619922
1587.5	0	0.0619922
1588	0	0.0619922
1588.5	0	0.0619922
1589	0	0.0619922
1589.5	0	0.0619922
1590	0	0.0619922
1590.5	0	0.0619922
1591	0	0.0619922
1591.5	0	0.0619922
1592	0	0.0619922
1592.5	0	0.0619922
1593	0	0.0619922
1593.5	0	0.0619922
1594	0	0.0619922
1594.5	0	0.0619922
1595	0	0.0619922
1595.5	0	0.0619922
1596	0	0.0619922
1596.5	0	0.0619922
1597	0	0.0619922
1597.5	0.00468304	0.0615103
1598	0.127449	0.0615307
1598.5	0.126503	0.0615509
1599	0.127086	0.0615712
1599.5	0.127377	0.0615915
1600	0.128853	0.061612
