3.5	0	-0
4	0.0159391	0.141406
4.5	0.124554	0.132446
5	0.12744	0.130599
5.5	0.127553	0.129847
6	0.127086	0.129477
6.5	0	0.129477
7	0	0.129477
7.5	0	0.129477
8	0	0.129477
8.5	0	0.129477
9	0	0.129477
9.5	0	0.129477
10	0	0.129477
10.5	0	0.129477
11	0	0.129477
11.5	0	0.129477
12	0	0.129477
12.5	0	0.129477
13	0	0.129477
13.5	0	0.129477
14	0	0.129477
14.5	0	0.129477
15	0	0.129477
15.5	0	0.129477
16	0	0.129477
16.5	0	0.129477
17	0	0.129477
17.5	0	0.129477
18	0	0.129477
18.5	0	0.129477
19	0	0.129477
19.5	0	0.129477
20	0	0.129477
20.5	0	0.129477
21	0.00206934	0.0188639
21.5	0.127449	0.0218413
22	0.127449	0.0246597
22.5	0.127449	0.0276559
23	0.127449	0.0301762
23.5	0.123111	0.0325441
24	0.130706	0.0348447
24.5	0.120294	0.0369666
25	0.127449	0.0385297
25.5	0	0.0385297
26	0	0.0385297
26.5	0	0.0385297
27	0	0.0385297
27.5	0	0.0385297
28	0.00255124	0.0340055
28.5	0.127449	0.0360755
29	0.127449	0.03784
29.5	0.127449	0.0395377
30	0.127449	0.0397454
30.5	0	0.0397454
31	0	0.0397454
31.5	0.0243489	0.0386819
32	0.127413	0.0400276
32.5	0.123694	0.041675
33	0.125321	0.0429206
33.5	0.12631	0.0443052
34	0.0810973	0.0450052
34.5	0.136501	0.0463638
35	0.103056	0.0473229
35.5	0.200127	0.0497558
36	0.129264	0.0505025
36.5	0	0.0505025
37	0	0.0505025
37.5	0	0.0505025
38	0.0146642	0.0482764
38.5	0.132426	0.0495588
39	0.127449	0.05064
39.5	0.12584	0.0516825
40	0.114025	0.0523898
40.5	0.13724	0.0537021
41	0.0740894	0.0539331
41.5	0.0953796	0.0543841
42	0.0154174	0.0538664
42.5	0.0681645	0.0541196
43	0.138414	0.0552081
43.5	0.125925	0.0560892
44	0.123043	0.0569322
44.5	0.135035	0.0578181
45	0.127315	0.0586442
45.5	0.12761	0.0594525
46	0.127385	0.0603381
46.5	0.127465	0.0611066
47	0.127434	0.0618575
47.5	0.127382	0.0625913
48	0.127522	0.0633097
48.5	0.127408	0.0636626
49	0	0.0636626
49.5	0	0.0636626
50	0	0.0636626
50.5	0	0.0636626
51	0	0.0636626
51.5	0	0.0636626
52	0	0.0636626
52.5	0	0.0636626
53	0.00164931	0.0577022
53.5	0.127239	0.0583884
54	0.127579	0.0590628
54.5	0.121427	0.0596949
55	0.133682	0.0603699
55.5	0.127704	0.0610857
56	0.127439	0.061708
56.5	0.127304	0.0623182
57	0.121624	0.0628901
57.5	0.128166	0.0634086
58	0.113269	0.0638527
58.5	0.105802	0.064305
59	0.126362	0.0648601
59.5	0.153544	0.0655886
60	0.149271	0.066367
60.5	0.127449	0.0668948
61	0.126361	0.0674085
61.5	0.127547	0.0679188
62	0.127527	0.0684205
62.5	0.128377	0.0689176
63	0.127449	0.0694624
63.5	0.127449	0.0699382
64	0.127449	0.0701146
64.5	0	0.0701146
65	0	0.0701146
65.5	0	0.0701146
66	0	0.0701146
66.5	0	0.0701146
67	0	0.0701146
67.5	0	0.0701146
68	0	0.0701146
68.5	0	0.0701146
69	0.0103744	0.065286
69.5	0.127449	0.0657499
70	0.127449	0.0660933
70.5	0	0.0660933
71	0	0.0660933
71.5	0	0.0660933
72	0	0.0660933
72.5	0	0.0660933
73	0	0.0660933
73.5	0	0.0660933
74	0	0.0660933
74.5	0	0.0660933
75	0	0.0660933
75.5	0	0.0660933
76	0	0.0660933
76.5	0.00235731	0.0602827
77	0.110483	0.0606221
77.5	0.129544	0.0610734
78	0.142085	0.0616139
78.5	0.123603	0.0620336
79	0.12058	0.0624371
79.5	0.0949532	0.0626492
80	0.126548	0.0630634
80.5	0.146144	0.0634695
81	0.0926379	0.0636926
81.5	0.120664	0.0640726
82	0.0925574	0.0642571
82.5	0.184854	0.0650344
83	0.187526	0.0657437
83.5	0.12755	0.0661712
84	0.127356	0.0665457
84.5	0.12748	0.066916
85	0.127496	0.0672819
85.5	0.127402	0.0676431
86	0.121436	0.0679381
86.5	0.0986135	0.0681439
87	0.120208	0.0684693
87.5	0.105168	0.0686649
88	0.115147	0.0689647
88.5	0.162037	0.0694948
89	0.161769	0.0700182
89.5	0.136403	0.0703736
90	0.129501	0.0707463
90.5	0.125887	0.0710623
91	0.0753799	0.071088
91.5	0.108131	0.0713017
92	0	0.0713017
92.5	0.0328107	0.070888
93	0.127449	0.0711993
93.5	0.127449	0.0715455
94	0.127449	0.0718496
94.5	0.127277	0.0721499
95	0.127621	0.072448
95.5	0.127449	0.0727425
96	0.121408	0.0729128
96.5	0	0.0729128
97	0	0.0729128
97.5	0.0188652	0.0719562
98	0.124855	0.0722376
98.5	0.0902868	0.0723366
99	0.126388	0.0726177
99.5	0.108173	0.0727522
100	0.0841512	0.0728292
100.5	0.178005	0.0733549
101	0.116271	0.0735628
101.5	0.147303	0.0739636
102	0.12794	0.0739973
102.5	0	0.0739973
103	0	0.0739973
103.5	0	0.0739973
104	0	0.0739973
104.5	0	0.0739973
105	0	0.0739973
105.5	0	0.0739973
106	0	0.0739973
106.5	0	0.0739973
107	0.0115375	0.0707148
107.5	0.127449	0.0709834
108	0.127449	0.0712164
108.5	0	0.0712164
109	0	0.0712164
109.5	0.034658	0.07067
110	0.12137	0.0707934
110.5	0	0.0707934
111	0	0.0707934
111.5	0	0.0707934
112	0	0.0707934
112.5	0	0.0707934
113	0.014625	0.0691423
113.5	0.126795	0.0694018
114	0.127319	0.0696602
114.5	0.10786	0.0698354
115	0.0479703	0.0697712
115.5	0.0335199	0.0695439
116	0.113496	0.069733
116.5	0.162074	0.0701679
117	0.237273	0.0707039
117.5	0.0373929	0.07052
118	0.11913	0.0707158
118.5	0.161983	0.0711385
119	0.151225	0.0713905
119.5	0.0508228	0.0712811
120	0.13372	0.0714699
120.5	0	0.0714699
121	0	0.0714699
121.5	0	0.0714699
122	0.0254087	0.07063
122.5	0.127449	0.0708651
123	0.12246	0.0710588
123.5	0.0421186	0.070924
124	0.109284	0.0710384
124.5	0.0725957	0.0710467
125	0.0870657	0.0711061
125.5	0.154275	0.0714529
126	0.105528	0.0715976
126.5	0.0185299	0.0714148
127	0.0540658	0.0713333
127.5	0.107473	0.0714822
128	0.0874365	0.0715397
128.5	0.154945	0.0719113
129	0.150453	0.0720747
129.5	0	0.0720747
130	0	0.0720747
130.5	0	0.0720747
131	0	0.0720747
131.5	0	0.0720747
132	0	0.0720747
132.5	0	0.0720747
133	0	0.0720747
133.5	0	0.0720747
134	0.0104502	0.0695939
134.5	0.12747	0.0698114
135	0.127286	0.0700269
135.5	0.11246	0.0701838
136	0.12366	0.0703886
136.5	0.12654	0.070598
137	0.138517	0.0708573
137.5	0.137199	0.071112
138	0.127449	0.0713182
138.5	0.127449	0.0715229
139	0.123248	0.0717173
139.5	0.102204	0.0718205
140	0	0.0718205
140.5	0	0.0718205
141	0	0.0718205
141.5	0	0.0718205
142	0	0.0718205
142.5	0	0.0718205
143	0	0.0718205
143.5	0	0.0718205
144	0	0.0718205
144.5	0.00171248	0.0695358
145	0	0.0695358
145.5	0	0.0695358
146	0	0.0695358
146.5	0	0.0695358
147	0	0.0695358
147.5	0	0.0695358
148	0	0.0695358
148.5	0	0.0695358
149	0	0.0695358
149.5	0	0.0695358
150	0	0.0695358
150.5	0	0.0695358
151	0	0.0695358
151.5	0.00211275	0.0661526
152	0.127449	0.0663559
152.5	0.127448	0.0665578
153	0.12745	0.0667834
153.5	0.127449	0.0669825
154	0.127449	0.0671803
154.5	0.12736	0.0673767
155	0.127392	0.0675719
155.5	0.127323	0.0677656
156	0.127722	0.0679588
156.5	0.127449	0.0681503
157	0.127449	0.0682931
157.5	0	0.0682931
158	0	0.0682931
158.5	0	0.0682931
159	0	0.0682931
159.5	0	0.0682931
160	0	0.0682931
160.5	0	0.0682931
161	0	0.0682931
161.5	0	0.0682931
162	0	0.0682931
162.5	0	0.0682931
163	0	0.0682931
163.5	0.00476562	0.0656777
164	0.12909	0.0659177
164.5	0.127354	0.0660823
165	0.127435	0.0662927
165.5	0.126122	0.0664765
166	0.127636	0.0665691
166.5	0	0.0665691
167	0	0.0665691
167.5	0	0.0665691
168	0	0.0665691
168.5	0	0.0665691
169	0	0.0665691
169.5	0	0.0665691
170	0	0.0665691
170.5	0	0.0665691
171	0	0.0665691
171.5	0	0.0665691
172	0	0.0665691
172.5	0	0.0665691
173	0.00107859	0.0637597
173.5	0.136313	0.0638581
174	0.0714315	0.0638922
174.5	0.127506	0.0640753
175	0.127781	0.0640982
175.5	0	0.0640982
176	0	0.0640982
176.5	0	0.0640982
177	0	0.0640982
177.5	0	0.0640982
178	0	0.0640982
178.5	0	0.0640982
179	0	0.0640982
179.5	0	0.0640982
180	0	0.0640982
180.5	0	0.0640982
181	0	0.0640982
181.5	0.00341504	0.0617486
182	0.119926	0.0619192
182.5	0.110635	0.0620542
183	0.151801	0.0623126
183.5	0.123046	0.0624846
184	0.094871	0.0625736
184.5	0.151023	0.0627514
185	0.0993599	0.0628788
185.5	0.127449	0.0630535
186	0.127449	0.0631188
186.5	0	0.0631188
187	0	0.0631188
187.5	0	0.0631188
188	0	0.0631188
188.5	0	0.0631188
189	0	0.0631188
189.5	0	0.0631188
190	0	0.0631188
190.5	0	0.0631188
191	0	0.0631188
191.5	0	0.0631188
192	0	0.0631188
192.5	0	0.0631188
193	0	0.0631188
193.5	0	0.0631188
194	0	0.0631188
194.5	0	0.0631188
195	0	0.0631188
195.5	0	0.0631188
196	0	0.0631188
196.5	0	0.0631188
197	0	0.0631188
197.5	0	0.0631188
198	0	0.0631188
198.5	0	0.0631188
199	0	0.0631188
199.5	0	0.0631188
200	0	0.0631188
200.5	0	0.0631188
201	0	0.0631188
201.5	0	0.0631188
202	0	0.0631188
202.5	0.000474987	0.0579124
203	0	0.0579124
203.5	0	0.0579124
204	0	0.0579124
204.5	0	0.0579124
205	0	0.0579124
205.5	0	0.0579124
206	0	0.0579124
206.5	0	0.0579124
207	0	0.0579124
207.5	0	0.0579124
208	0.00541101	0.0564237
208.5	0.097353	0.0565202
209	0.121459	0.0566427
209.5	0.0748499	0.0566983
210	0.120596	0.0568593
210.5	0.0804813	0.0568705
211	0	0.0568705
211.5	0	0.0568705
212	0	0.0568705
212.5	0	0.0568705
213	0	0.0568705
213.5	0	0.0568705
214	0	0.0568705
214.5	0	0.0568705
215	0	0.0568705
215.5	0	0.0568705
216	0.00533886	0.0554452
216.5	0.0926224	0.0555044
217	0.0825849	0.0555887
217.5	0.0308619	0.05553
218	0.117343	0.0555686
218.5	0	0.0555686
219	0.0056342	0.0552461
219.5	0.0999225	0.0553435
220	0.0294693	0.0552799
220.5	0.651979	0.055313
221	0	0.055313
221.5	0.00629296	0.0550325
222	0.0220116	0.0549248
222.5	0.115744	0.0550189
223	0.0810178	0.0550878
223.5	0.0418904	0.0550653
224	0.0150736	0.0549708
224.5	0	0.0549708
225	0	0.0549708
225.5	0	0.0549708
226	0	0.0549708
226.5	0	0.0549708
227	0.0147935	0.0543989
227.5	0.116617	0.0544737
228	0	0.0544737
228.5	0	0.0544737
229	0	0.0544737
229.5	0	0.0544737
230	0	0.0544737
230.5	0	0.0544737
231	0	0.0544737
231.5	0	0.0544737
232	0	0.0544737
232.5	0	0.0544737
233	0	0.0544737
233.5	0	0.0544737
234	0	0.0544737
234.5	0	0.0544737
235	0.00607997	0.0528556
235.5	0.127428	0.0530139
236	0.127428	0.0531715
236.5	0.121464	0.0533229
237	0.134037	0.0534848
237.5	0.127495	0.0536599
238	0.121184	0.0537904
238.5	0.0751239	0.0538378
239	0.123416	0.053988
239.5	0.0948703	0.0540739
240	0.0682064	0.0541014
240.5	0.0719414	0.0541424
241	0	0.0541424
241.5	0.0359419	0.0540756
242	0.110076	0.0542262
242.5	0.0830031	0.0542831
243	0.214831	0.0543076
243.5	0	0.0543076
244	0	0.0543076
244.5	0	0.0543076
245	0.00651582	0.0538311
245.5	0	0.0538311
246	0	0.0538311
246.5	0	0.0538311
247	0.0308298	0.0536388
247.5	0.127449	0.0537877
248	0.127449	0.0539546
248.5	0.127449	0.0541023
249	0.127449	0.0542494
249.5	0.127449	0.0542677
250	0	0.0542677
250.5	0	0.0542677
251	0	0.0542677
251.5	0	0.0542677
252	0	0.0542677
252.5	0	0.0542677
253	0	0.0542677
253.5	0	0.0542677
254	0	0.0542677
254.5	0	0.0542677
255	0	0.0542677
255.5	0	0.0542677
256	0	0.0542677
256.5	0	0.0542677
257	0	0.0542677
257.5	0	0.0542677
258	0.00615492	0.0525812
258.5	0.130581	0.0527282
259	0.128952	0.0528915
259.5	0.127449	0.0530349
260	0.127449	0.0531777
260.5	0.12519	0.0533182
261	0.127397	0.0534599
261.5	0.128624	0.053602
262	0.127418	0.0537427
262.5	0.127514	0.0539003
263	0.127402	0.0540398
263.5	0.127397	0.0541788
264	0.127444	0.0543173
264.5	0.127527	0.0544553
265	0.127454	0.0545927
265.5	0.127346	0.0547296
266	0.127465	0.054866
266.5	0.12755	0.0550189
267	0.127382	0.0551542
267.5	0.127501	0.0552891
268	0.127371	0.0554233
268.5	0.127454	0.0555571
269	0.127439	0.0556904
269.5	0.12747	0.0558233
270	0.127444	0.0559556
270.5	0.124045	0.0560846
271	0.103284	0.0561383
271.5	0	0.0561383
272	0	0.0561383
272.5	0	0.0561383
273	0	0.0561383
273.5	0	0.0561383
274	0	0.0561383
274.5	0	0.0561383
275	0	0.0561383
275.5	0	0.0561383
276	0	0.0561383
276.5	0.00412445	0.0550512
277	0.127072	0.0551813
277.5	0.119899	0.0553049
278	0.0994791	0.055381
278.5	0.158104	0.0555664
279	0.112444	0.0556672
279.5	0.0883626	0.0557303
280	0.0904394	0.0557956
280.5	0.123033	0.0559194
281	0.189113	0.0561582
281.5	0.216175	0.056221
282	0	0.056221
282.5	0	0.056221
283	0	0.056221
283.5	0	0.056221
284	0	0.056221
284.5	0.00931696	0.0556589
285	0.108104	0.0557535
285.5	0.0716138	0.0557597
286	0.0244699	0.0556886
286.5	0.051366	0.055677
287	0.107545	0.055717
287.5	0	0.055717
288	0	0.055717
288.5	0.0285578	0.0555599
289	0.0789627	0.0556007
289.5	0	0.0556007
290	0	0.0556007
290.5	0	0.0556007
291	0	0.0556007
291.5	0	0.0556007
292	0	0.0556007
292.5	0	0.0556007
293	0	0.0556007
293.5	0.00846258	0.0548474
294	0.127449	0.0549705
294.5	0.127449	0.0550931
295	0.127449	0.0552153
295.5	0.125536	0.0553357
296	0.127485	0.0554571
296.5	0.127359	0.055578
297	0.128996	0.0557149
297.5	0.127501	0.055835
298	0.127418	0.0559547
298.5	0.127706	0.0560742
299	0.127449	0.0561932
299.5	0.127449	0.0563117
300	0.127449	0.0564298
300.5	0.127449	0.0565476
301	0.127449	0.0566796
301.5	0.127449	0.0567965
302	0.125736	0.0569117
302.5	0.127659	0.057028
303	0.127284	0.0571437
303.5	0.127599	0.0572592
304	0.121459	0.0573695
304.5	0.13224	0.0574876
305	0.129054	0.057603
305.5	0.124385	0.0577145
306	0.130322	0.0578446
306.5	0.126531	0.057957
307	0.127413	0.0580697
307.5	0.127522	0.0581821
308	0.121422	0.0582894
308.5	0.130663	0.0584034
309	0.130701	0.058517
309.5	0.124375	0.0586256
310	0.130904	0.0587386
310.5	0.124674	0.0588602
311	0.130728	0.0589724
311.5	0.127189	0.0590817
312	0.127459	0.0591908
312.5	0.128866	0.0593006
313	0.126068	0.059408
313.5	0.127371	0.059516
314	0.127509	0.0596372
314.5	0.127418	0.0597445
315	0.112186	0.0598269
315.5	0.129428	0.0599351
316	0.142349	0.0600659
316.5	0.102876	0.0601389
317	0.161189	0.0601546
317.5	0	0.0601546
318	0	0.0601546
318.5	0.0203839	0.0599117
319	0.128179	0.0600176
319.5	0.127449	0.0601227
320	0.126046	0.0602264
320.5	0.127477	0.0603438
321	0.128852	0.0604489
321.5	0.127449	0.0605526
322	0.127449	0.0606561
322.5	0.126982	0.0607588
323	0.127547	0.0608616
323.5	0.11627	0.0609551
324	0.0648179	0.0609609
324.5	0.0484933	0.0609421
325	0.161571	0.0610485
325.5	0	0.0610485
326	0	0.0610485
326.5	0.0234011	0.0608532
327	0.059707	0.0608518
327.5	0	0.0608518
328	0.0145022	0.0606973
328.5	0.0810656	0.0607276
329	0.0809506	0.0607457
329.5	0	0.0607457
330	0	0.0607457
330.5	0	0.0607457
331	0	0.0607457
331.5	0	0.0607457
332	0.00975447	0.0602463
332.5	0.127449	0.0603595
333	0.127449	0.0604597
333.5	0.127449	0.0605597
334	0.127449	0.0606593
334.5	0.127449	0.0607586
335	0.127449	0.0608082
335.5	0.0815959	0.0608564
336	0.127449	0.060955
336.5	0.127449	0.0610533
337	0.127449	0.0611391
337.5	0	0.0611391
338	0.0447716	0.0610876
338.5	0.129427	0.0611989
339	0.127428	0.0612961
339.5	0.125275	0.0613915
340	0.127387	0.0614881
340.5	0.130696	0.0615867
341	0.122362	0.061679
341.5	0.0340596	0.0616414
342	0	0.0616414
342.5	0.011994	0.0615455
343	0	0.0615455
343.5	0	0.0615455
344	0	0.0615455
344.5	0.0162633	0.0612253
345	0.12007	0.0612816
345.5	0.0808499	0.0613149
346	0.0575444	0.0613089
346.5	0.0147434	0.0612367
347	0.0555932	0.0612297
347.5	0.028232	0.0612031
348	0.0132136	0.0611203
348.5	0.0441567	0.0610941
349	0.0162047	0.0610312
349.5	0.0720612	0.061052
350	0.147328	0.0611846
350.5	0.169333	0.0613434
351	0.126377	0.0614363
351.5	0.172714	0.061596
352	0.127449	0.061689
352.5	0.127449	0.0617818
353	0.127449	0.0618281
353.5	0	0.0618281
354	0.0383485	0.0617459
354.5	0.127443	0.0618495
355	0.121301	0.0619261
355.5	0.0881335	0.0619659
356	0.153819	0.0620987
356.5	0.129497	0.0621912
357	0.146886	0.0623064
357.5	0.127354	0.0623969
358	0.127544	0.0624873
358.5	0.127449	0.0625887
359	0.127449	0.0626785
359.5	0.127449	0.0627681
360	0.127449	0.0628574
360.5	0.127449	0.0629465
361	0.103827	0.0630069
361.5	0.12439	0.0630934
362	0.127496	0.0631818
362.5	0.130614	0.0632721
363	0.130712	0.0633621
363.5	0.12434	0.0634476
364	0.127532	0.0634586
364.5	0	0.0634586
365	0	0.0634586
365.5	0	0.0634586
366	0	0.0634586
366.5	0	0.0634586
367	0	0.0634586
367.5	0	0.0634586
368	0	0.0634586
368.5	0	0.0634586
369	0.00735997	0.0626404
369.5	0	0.0626404
370	0	0.0626404
370.5	0	0.0626404
371	0	0.0626404
371.5	0	0.0626404
372	0	0.0626404
372.5	0	0.0626404
373	0	0.0626404
373.5	0	0.0626404
374	0	0.0626404
374.5	0	0.0626404
375	0	0.0626404
375.5	0.00484008	0.0616329
376	0	0.0616329
376.5	0	0.0616329
377	0	0.0616329
377.5	0	0.0616329
378	0	0.0616329
378.5	0	0.0616329
379	0	0.0616329
379.5	0	0.0616329
380	0	0.0616329
380.5	0.00920173	0.0609216
381	0.0849361	0.0609568
381.5	0.167199	0.0610623
382	0.123834	0.0611569
382.5	0.117418	0.0612362
383	0	0.0612362
383.5	0.047897	0.0612017
384	0.12058	0.0612829
384.5	0.0973805	0.0613287
385	0	0.0613287
385.5	0.0491684	0.0612982
386	0.0852987	0.0613271
386.5	0	0.0613271
387	0	0.0613271
387.5	0	0.0613271
388	0	0.0613271
388.5	0	0.0613271
389	0	0.0613271
389.5	0	0.0613271
390	0	0.0613271
390.5	0	0.0613271
391	0	0.0613271
391.5	0	0.0613271
392	0	0.0613271
392.5	0	0.0613271
393	0	0.0613271
393.5	0	0.0613271
394	0	0.0613271
394.5	0	0.0613271
395	0	0.0613271
395.5	0	0.0613271
396	0	0.0613271
396.5	0	0.0613271
397	0	0.0613271
397.5	0	0.0613271
398	0	0.0613271
398.5	0	0.0613271
399	0.00239402	0.0593744
399.5	0.125229	0.0594577
400	0.123487	0.0595295
400.5	0	0.0595295
401	0	0.0595295
401.5	0	0.0595295
402	0	0.0595295
402.5	0	0.0595295
403	0	0.0595295
403.5	0	0.0595295
404	0	0.0595295
404.5	0	0.0595295
405	0	0.0595295
405.5	0	0.0595295
406	0	0.0595295
406.5	0	0.0595295
407	0.0022353	0.058533
407.5	0.117747	0.0586111
408	0.0808701	0.0586377
408.5	0.154319	0.0587578
409	0.145705	0.0588617
409.5	0.132891	0.0589478
410	0.108179	0.0589742
410.5	0	0.0589742
411	0	0.0589742
411.5	0	0.0589742
412	0	0.0589742
412.5	0.00551798	0.0586026
413	0.127449	0.0586854
413.5	0.127454	0.058768
414	0.128973	0.0588512
414.5	0.125906	0.0589325
415	0.124474	0.0590128
415.5	0.130641	0.0590963
416	0.127467	0.0591881
416.5	0.127309	0.0592694
417	0.127439	0.0593505
417.5	0.127439	0.0594315
418	0.127179	0.0595122
418.5	0.129045	0.0595936
419	0.092632	0.059634
419.5	0.116324	0.0596984
420	0.100747	0.0597521
420.5	0.094806	0.0597938
421	0.126128	0.059863
421.5	0.0847082	0.0598795
422	0	0.0598795
422.5	0	0.0598795
423	0	0.0598795
423.5	0.0207746	0.0596686
424	0.0882793	0.0597048
424.5	0.200483	0.0598749
425	0.11328	0.0599363
425.5	0.123084	0.0600126
426	0.157865	0.0601276
426.5	0.098243	0.0601636
427	0.0846208	0.0601957
427.5	0.149772	0.0602622
428	0.0318593	0.0602127
428.5	0.0498906	0.0602013
429	0.107909	0.0602258
429.5	0	0.0602258
430	0	0.0602258
430.5	0	0.0602258
431	0	0.0602258
431.5	0	0.0602258
432	0	0.0602258
432.5	0	0.0602258
433	0	0.0602258
433.5	0	0.0602258
434	0	0.0602258
434.5	0	0.0602258
435	0	0.0602258
435.5	0	0.0602258
436	0	0.0602258
436.5	0	0.0602258
437	0	0.0602258
437.5	0	0.0602258
438	0	0.0602258
438.5	0	0.0602258
439	0	0.0602258
439.5	0	0.0602258
440	0	0.0602258
440.5	0	0.0602258
441	0	0.0602258
441.5	0	0.0602258
442	0	0.0602258
442.5	0	0.0602258
443	0	0.0602258
443.5	0	0.0602258
444	0	0.0602258
444.5	0	0.0602258
445	0	0.0602258
445.5	0	0.0602258
446	0	0.0602258
446.5	0	0.0602258
447	0.000858663	0.0577802
447.5	0.127449	0.0578574
448	0.127449	0.0579441
448.5	0.127449	0.058021
449	0.127449	0.0580882
449.5	0	0.0580882
450	0	0.0580882
450.5	0	0.0580882
451	0	0.0580882
451.5	0	0.0580882
452	0	0.0580882
452.5	0	0.0580882
453	0	0.0580882
453.5	0	0.0580882
454	0	0.0580882
454.5	0	0.0580882
455	0	0.0580882
455.5	0	0.0580882
456	0	0.0580882
456.5	0	0.0580882
457	0	0.0580882
457.5	0	0.0580882
458	0.00174032	0.0569706
458.5	0.0809755	0.0569961
459	0.165637	0.0571317
459.5	0.083232	0.0571586
460	0.147381	0.0572638
460.5	0.126168	0.0573388
461	0.10802	0.0573629
461.5	0	0.0573629
462	0	0.0573629
462.5	0	0.0573629
463	0	0.0573629
463.5	0	0.0573629
464	0	0.0573629
464.5	0	0.0573629
465	0	0.0573629
465.5	0	0.0573629
466	0	0.0573629
466.5	0	0.0573629
467	0	0.0573629
467.5	0	0.0573629
468	0	0.0573629
468.5	0	0.0573629
469	0	0.0573629
469.5	0	0.0573629
470	0	0.0573629
470.5	0	0.0573629
471	0	0.0573629
471.5	0	0.0573629
472	0	0.0573629
472.5	0	0.0573629
473	0.00322086	0.0559586
473.5	0.1144	0.0560353
474	0.173746	0.0561595
474.5	0.141707	0.05625
475	0.127449	0.0563243
475.5	0.127449	0.0563985
476	0.127171	0.0564724
476.5	0.127728	0.0565464
477	0.127449	0.0566109
477.5	0	0.0566109
478	0	0.0566109
478.5	0	0.0566109
479	0	0.0566109
479.5	0	0.0566109
480	0.0151916	0.0563417
480.5	0.127449	0.0564151
481	0.127449	0.0564883
481.5	0.122535	0.0565591
482	0.132774	0.0566343
482.5	0.127449	0.0567071
483	0.127449	0.0567798
483.5	0.127449	0.0568613
484	0.127449	0.0569336
484.5	0.127449	0.0570058
485	0.127449	0.0570508
485.5	0	0.0570508
486	0.033524	0.0569938
486.5	0.127449	0.0570656
487	0.127449	0.0571373
487.5	0.127449	0.0572177
488	0.127449	0.0572891
488.5	0.127449	0.0573603
489	0.127449	0.0574314
489.5	0.124973	0.0575012
490	0.124281	0.0575705
490.5	0.132774	0.0576435
491	0.128114	0.0577143
491.5	0.127449	0.0577934
492	0.127449	0.0578636
492.5	0.127449	0.0579337
493	0.126192	0.058003
493.5	0.126517	0.0580723
494	0.127506	0.058142
494.5	0.124714	0.0582102
495	0.123219	0.0582776
495.5	0.123371	0.0583449
496	0.119495	0.0584019
496.5	0.092714	0.0584372
497	0.124596	0.0584795
497.5	0	0.0584795
498	0	0.0584795
498.5	0	0.0584795
499	0	0.0584795
499.5	0	0.0584795
500	0	0.0584795
500.5	0	0.0584795
501	0	0.0584795
501.5	0.00501628	0.0579759
502	0.124985	0.0580433
502.5	0.130201	0.058113
503	0.127435	0.0581899
503.5	0.127387	0.0582581
504	0.127346	0.0583261
504.5	0.127439	0.058394
505	0.127594	0.0584619
505.5	0.127397	0.0585295
506	0.127475	0.058597
506.5	0.128585	0.0586649
507	0.127449	0.0587406
507.5	0.127449	0.0588077
508	0.125502	0.0588738
508.5	0.129458	0.0589416
509	0.126844	0.059008
509.5	0.127	0.0590744
510	0.127377	0.0591408
510.5	0.127465	0.0592072
511	0.128183	0.059282
511.5	0.12747	0.0593481
512	0.12438	0.0594126
512.5	0.130625	0.0594798
513	0.126156	0.0595449
513.5	0.12749	0.0596105
514	0.127408	0.0596759
514.5	0	0.0596759
515	0	0.0596759
515.5	0.021102	0.0595639
516	0.1401	0.0596343
516.5	0.121311	0.0597042
517	0.135301	0.059781
517.5	0.126049	0.0598452
518	0.0925931	0.0598775
518.5	0.13308	0.0599446
519	0.113945	0.0599662
519.5	0	0.0599662
520	0	0.0599662
520.5	0	0.0599662
521	0	0.0599662
521.5	0.0195811	0.0597476
522	0.127366	0.0597717
522.5	0	0.0597717
523	0	0.0597717
523.5	0	0.0597717
524	0	0.0597717
524.5	0	0.0597717
525	0	0.0597717
525.5	0	0.0597717
526	0	0.0597717
526.5	0.00326633	0.0592528
527	0.130565	0.0593183
527.5	0.125143	0.0593813
528	0.127633	0.0594453
528.5	0.127449	0.059517
529	0.124423	0.0595637
529.5	0.105242	0.0596026
530	0.101743	0.0596519
530.5	0.0809747	0.0596715
531	0.123432	0.059733
531.5	0.0737618	0.0597471
532	0.0883545	0.0597759
532.5	0.15338	0.0598574
533	0.161058	0.0598667
533.5	0	0.0598667
534	0	0.0598667
534.5	0	0.0598667
535	0	0.0598667
535.5	0	0.0598667
536	0	0.0598667
536.5	0	0.0598667
537	0	0.0598667
537.5	0	0.0598667
538	0.0014277	0.0592661
538.5	0.127449	0.059321
539	0	0.059321
539.5	0	0.059321
540	0	0.059321
540.5	0	0.059321
541	0	0.059321
541.5	0	0.059321
542	0	0.059321
542.5	0	0.059321
543	0	0.059321
543.5	0	0.059321
544	0	0.059321
544.5	0	0.059321
545	0	0.059321
545.5	0.00222231	0.0585774
546	0.137335	0.0586354
546.5	0.137398	0.0587182
547	0.131825	0.0587903
547.5	0.127449	0.0588524
548	0.127449	0.0589144
548.5	0.127449	0.0589763
549	0.125654	0.0590374
549.5	0.127475	0.0590991
550	0.127351	0.0591606
550.5	0.127553	0.0592221
551	0.127458	0.0592911
551.5	0.127397	0.0593524
552	0.129307	0.0594142
552.5	0.127449	0.0594752
553	0.127449	0.0595362
553.5	0.126262	0.0595964
554	0.127485	0.0596571
554.5	0.127371	0.0597177
555	0.116338	0.0597731
555.5	0.125784	0.0598253
556	0.129581	0.059894
556.5	0.0971736	0.0599267
557	0.100849	0.0599669
557.5	0.079069	0.059984
558	0.114348	0.0600244
558.5	0.108149	0.0600747
559	0.0316377	0.0600493
559.5	0.170679	0.0601408
560	0.0882816	0.0601677
560.5	0.0925241	0.0601973
561	0.116389	0.0602448
561.5	0.132651	0.0603139
562	0.122658	0.0603638
562.5	0.11492	0.0604171
563	0.138398	0.0604882
563.5	0.203873	0.0606163
564	0.127449	0.060675
564.5	0.127449	0.0607336
565	0.127449	0.0607921
565.5	0.127449	0.0608505
566	0.127449	0.0609087
566.5	0.127449	0.0609742
567	0.127449	0.0610323
567.5	0.127449	0.0610903
568	0.127449	0.0611481
568.5	0.127449	0.0612059
569	0.127449	0.0612636
569.5	0.127449	0.0613211
570	0.124476	0.0613773
570.5	0.128592	0.0614352
571	0.127352	0.0614996
571.5	0.127542	0.0615568
572	0.129405	0.0616146
572.5	0.127449	0.0616716
573	0.127449	0.0617285
573.5	0.120101	0.061782
574	0.129186	0.0618394
574.5	0.133097	0.0619055
575	0.124342	0.0619538
575.5	0.127421	0.0620172
576	0.13033	0.0620746
576.5	0.124702	0.0621296
577	0.127485	0.0621857
577.5	0.129299	0.0622425
578	0.12605	0.0622977
578.5	0.127537	0.0623536
579	0.127454	0.0624093
579.5	0.127248	0.0624717
580	0.127633	0.0625273
580.5	0.123177	0.0625808
581	0.110725	0.0626221
581.5	0.154299	0.0626625
582	0.0316972	0.0626227
582.5	0.132739	0.06268
583	0.127449	0.062735
583.5	0.127449	0.06279
584	0.127228	0.0628515
584.5	0.127699	0.0629064
585	0.127449	0.062961
585.5	0.124883	0.0630145
586	0.127408	0.0630689
586.5	0.127506	0.0631233
587	0.127352	0.0631775
587.5	0.127484	0.0632317
588	0.127413	0.063252
588.5	0	0.063252
589	0	0.063252
589.5	0	0.063252
590	0	0.063252
590.5	0	0.063252
591	0	0.063252
591.5	0	0.063252
592	0	0.063252
592.5	0.0097578	0.062814
593	0.127449	0.062868
593.5	0.127449	0.0629219
594	0.127449	0.0629757
594.5	0.126236	0.0630355
595	0.127428	0.0630757
595.5	0	0.0630757
596	0.0373271	0.0630301
596.5	0.107915	0.0630741
597	0.116239	0.0631164
597.5	0.170834	0.0631914
598	0.12919	0.0632587
598.5	0.089617	0.0632781
599	0.123447	0.0633038
599.5	0	0.0633038
600	0	0.0633038
600.5	0.01334	0.0631562
601	0.130739	0.0632105
601.5	0.124656	0.0632687
602	0.130756	0.0633228
602.5	0.127164	0.0633754
603	0.127413	0.063428
603.5	0.127506	0.0634805
604	0.127346	0.0635329
604.5	0.130016	0.063593
605	0.127449	0.0636453
605.5	0.127449	0.0636974
606	0.124932	0.0637421
606.5	0.111037	0.0637754
607	0.0244577	0.0637336
607.5	0.152451	0.0638016
608	0.13284	0.0638555
608.5	0.0845475	0.0638746
609	0.094886	0.0639
609.5	0.140436	0.0639494
610	0.0499106	0.0639348
610.5	0.110516	0.0639675
611	0.0965354	0.063998
611.5	0.0917843	0.0640175
612	0.0301722	0.0639886
612.5	0.0599914	0.0639852
613	0	0.0639852
613.5	0.0273398	0.0639334
614	0.0824001	0.0639536
614.5	0.215814	0.064071
615	0.120145	0.0641189
615.5	0	0.0641189
616	0	0.0641189
616.5	0	0.0641189
617	0	0.0641189
617.5	0	0.0641189
618	0	0.0641189
618.5	0	0.0641189
619	0	0.0641189
619.5	0	0.0641189
620	0	0.0641189
620.5	0	0.0641189
621	0	0.0641189
621.5	0	0.0641189
622	0	0.0641189
622.5	0	0.0641189
623	0	0.0641189
623.5	0	0.0641189
624	0	0.0641189
624.5	0	0.0641189
625	0	0.0641189
625.5	0	0.0641189
626	0	0.0641189
626.5	0	0.0641189
627	0	0.0641189
627.5	0	0.0641189
628	0	0.0641189
628.5	0	0.0641189
629	0	0.0641189
629.5	0	0.0641189
630	0	0.0641189
630.5	0	0.0641189
631	0	0.0641189
631.5	0	0.0641189
632	0	0.0641189
632.5	0	0.0641189
633	0.00174214	0.0623345
633.5	0.127554	0.0623854
634	0	0.0623854
634.5	0	0.0623854
635	0	0.0623854
635.5	0	0.0623854
636	0	0.0623854
636.5	0	0.0623854
637	0	0.0623854
637.5	0	0.0623854
638	0	0.0623854
638.5	0	0.0623854
639	0	0.0623854
639.5	0	0.0623854
640	0	0.0623854
640.5	0	0.0623854
641	0	0.0623854
641.5	0	0.0623854
642	0	0.0623854
642.5	0	0.0623854
643	0	0.0623854
643.5	0	0.0623854
644	0	0.0623854
644.5	0	0.0623854
645	0	0.0623854
645.5	0	0.0623854
646	0	0.0623854
646.5	0	0.0623854
647	0	0.0623854
647.5	0	0.0623854
648	0	0.0623854
648.5	0	0.0623854
649	0	0.0623854
649.5	0	0.0623854
650	0.00333324	0.0608808
650.5	0.120341	0.0609288
651	0.0324086	0.0609181
651.5	0	0.0609181
652	0.0121106	0.0608206
652.5	0.157605	0.0608948
653	0.178056	0.0609822
653.5	0.097393	0.0610093
654	0.0633699	0.0610111
654.5	0.0809037	0.0610259
655	0.147105	0.0610963
655.5	0.207864	0.0611728
656	0.0712446	0.0611762
656.5	0	0.0611762
657	0	0.0611762
657.5	0	0.0611762
658	0	0.0611762
658.5	0	0.0611762
659	0	0.0611762
659.5	0	0.0611762
660	0	0.0611762
660.5	0	0.0611762
661	0	0.0611762
661.5	0.00791169	0.0606947
662	0.12661	0.0607443
662.5	0.061788	0.0607451
663	0.160793	0.0607599
663.5	0	0.0607599
664	0	0.0607599
664.5	0	0.0607599
665	0	0.0607599
665.5	0	0.0607599
666	0	0.0607599
666.5	0	0.0607599
667	0	0.0607599
667.5	0	0.0607599
668	0	0.0607599
668.5	0	0.0607599
669	0	0.0607599
669.5	0	0.0607599
670	0	0.0607599
670.5	0	0.0607599
671	0	0.0607599
671.5	0	0.0607599
672	0	0.0607599
672.5	0.000792114	0.0598724
673	0.128173	0.0599223
673.5	0.12517	0.0599712
674	0.125282	0.0600199
674.5	0.128903	0.0600637
675	0.128404	0.0601196
675.5	0.127454	0.060169
676	0.12747	0.0602182
676.5	0.124281	0.0602663
677	0.127458	0.0603215
677.5	0.132093	0.0603721
678	0.127584	0.0604211
678.5	0.127981	0.0604702
679	0.127755	0.060513
679.5	0	0.060513
680	0	0.060513
680.5	0	0.060513
681	0	0.060513
681.5	0	0.060513
682	0	0.060513
682.5	0	0.060513
683	0	0.060513
683.5	0	0.060513
684	0	0.060513
684.5	0	0.060513
685	0	0.060513
685.5	0	0.060513
686	0.007743	0.0599648
686.5	0.127217	0.0599951
687	0	0.0599951
687.5	0	0.0599951
688	0	0.0599951
688.5	0	0.0599951
689	0	0.0599951
689.5	0	0.0599951
690	0	0.0599951
690.5	0	0.0599951
691	0	0.0599951
691.5	0	0.0599951
692	0	0.0599951
692.5	0.00761647	0.0595254
693	0.129302	0.0595745
693.5	0.129137	0.0596296
694	0.126331	0.0596596
694.5	0	0.0596596
695	0	0.0596596
695.5	0	0.0596596
696	0.0178807	0.0595273
696.5	0.127449	0.0595756
697	0.127449	0.0596237
697.5	0.127449	0.0596358
698	0	0.0596358
698.5	0	0.0596358
699	0	0.0596358
699.5	0	0.0596358
700	0	0.0596358
700.5	0	0.0596358
701	0	0.0596358
701.5	0	0.0596358
702	0	0.0596358
702.5	0	0.0596358
703	0	0.0596358
703.5	0	0.0596358
704	0	0.0596358
704.5	0	0.0596358
705	0.00600277	0.0590364
705.5	0.127481	0.0590904
706	0.127335	0.0591143
706.5	0	0.0591143
707	0	0.0591143
707.5	0	0.0591143
708	0	0.0591143
708.5	0	0.0591143
709	0	0.0591143
709.5	0	0.0591143
710	0	0.0591143
710.5	0	0.0591143
711	0	0.0591143
711.5	0	0.0591143
712	0	0.0591143
712.5	0	0.0591143
713	0	0.0591143
713.5	0	0.0591143
714	0	0.0591143
714.5	0	0.0591143
715	0	0.0591143
715.5	0	0.0591143
716	0	0.0591143
716.5	0	0.0591143
717	0	0.0591143
717.5	0	0.0591143
718	0	0.0591143
718.5	0	0.0591143
719	0	0.0591143
719.5	0	0.0591143
720	0	0.0591143
720.5	0.0021328	0.0579453
721	0.13176	0.0580004
721.5	0.119107	0.0580396
722	0.110454	0.0580759
722.5	0.0883838	0.0580983
723	0.0959065	0.0581155
723.5	0.102276	0.0581578
724	0.12966	0.0582059
724.5	0.177946	0.0582864
725	0.0849752	0.0583035
725.5	0.153941	0.0583709
726	0.184417	0.05846
726.5	0.103149	0.0584929
727	0.123358	0.0585385
727.5	0.154259	0.0586057
728	0.132613	0.058654
728.5	0.0922	0.0586659
729	0	0.0586659
729.5	0	0.0586659
730	0	0.0586659
730.5	0	0.0586659
731	0	0.0586659
731.5	0	0.0586659
732	0	0.0586659
732.5	0	0.0586659
733	0	0.0586659
733.5	0.0119203	0.0583288
734	0.127449	0.0583754
734.5	0.127449	0.0584219
735	0.127449	0.0584684
735.5	0.125402	0.0585141
736	0.129061	0.0585609
736.5	0.121253	0.0586052
737	0.129175	0.0586519
737.5	0.125032	0.0586973
738	0.131786	0.0587506
738.5	0.128631	0.058797
739	0.123115	0.0588416
739.5	0.123068	0.058886
740	0.126169	0.0589315
740.5	0.138805	0.0589805
741	0.127501	0.0590262
741.5	0.127342	0.0590775
742	0.123466	0.0591163
742.5	0.126077	0.0591614
743	0.098637	0.0591911
743.5	0.0973081	0.059216
744	0.192955	0.0593041
744.5	0.131682	0.0593506
745	0.127449	0.0594015
745.5	0.10936	0.0594353
746	0.0924483	0.0594542
746.5	0.0705147	0.0594624
747	0.108058	0.0594909
747.5	0.114788	0.0595315
748	0	0.0595315
748.5	0	0.0595315
749	0	0.0595315
749.5	0.00389381	0.0593813
750	0.1339	0.0594281
750.5	0.127823	0.0594337
751	0	0.0594337
751.5	0.0424602	0.0594002
752	0.127449	0.0594449
752.5	0.127449	0.0594896
753	0.124413	0.0595333
753.5	0.128	0.0595557
754	0	0.0595557
754.5	0	0.0595557
755	0	0.0595557
755.5	0	0.0595557
756	0	0.0595557
756.5	0	0.0595557
757	0	0.0595557
757.5	0	0.0595557
758	0.00165898	0.0591929
758.5	0.127537	0.059243
759	0.129244	0.059288
759.5	0.124377	0.0593314
760	0.127781	0.0593536
760.5	0	0.0593536
761	0	0.0593536
761.5	0	0.0593536
762	0	0.0593536
762.5	0	0.0593536
763	0	0.0593536
763.5	0	0.0593536
764	0	0.0593536
764.5	0	0.0593536
765	0	0.0593536
765.5	0	0.0593536
766	0	0.0593536
766.5	0	0.0593536
767	0	0.0593536
767.5	0	0.0593536
768	0	0.0593536
768.5	0	0.0593536
769	0	0.0593536
769.5	0	0.0593536
770	0	0.0593536
770.5	0	0.0593536
771	0.00349923	0.058538
771.5	0.127101	0.0585821
772	0	0.0585821
772.5	0	0.0585821
773	0	0.0585821
773.5	0	0.0585821
774	0	0.0585821
774.5	0	0.0585821
775	0	0.0585821
775.5	0	0.0585821
776	0	0.0585821
776.5	0	0.0585821
777	0	0.0585821
777.5	0.00258738	0.0581435
778	0.127449	0.05816
778.5	0	0.05816
779	0	0.05816
779.5	0	0.05816
780	0	0.05816
780.5	0	0.05816
781	0	0.05816
781.5	0	0.05816
782	0	0.05816
782.5	0	0.05816
783	0	0.05816
783.5	0	0.05816
784	0	0.05816
784.5	0	0.05816
785	0	0.05816
785.5	0	0.05816
786	0	0.05816
786.5	0	0.05816
787	0.00337889	0.0575108
787.5	0.127449	0.0575548
788	0.127449	0.0575986
788.5	0.127449	0.0576424
789	0.125232	0.0576855
789.5	0.124642	0.0577284
790	0	0.0577284
790.5	0	0.0577284
791	0	0.0577284
791.5	0.0116119	0.0576098
792	0.12778	0.0576535
792.5	0.12756	0.0576971
793	0.127439	0.0577406
793.5	0.123994	0.0577831
794	0.130137	0.0578327
794.5	0.115434	0.0578673
795	0.140061	0.0579139
795.5	0.116166	0.0579486
796	0.134717	0.058005
796.5	0.130487	0.058049
797	0.127449	0.058092
797.5	0.127449	0.0581189
798	0	0.0581189
798.5	0	0.0581189
799	0	0.0581189
799.5	0	0.0581189
800	0	0.0581189
800.5	0	0.0581189
801	0	0.0581189
801.5	0	0.0581189
802	0	0.0581189
802.5	0	0.0581189
803	0	0.0581189
803.5	0	0.0581189
804	0	0.0581189
804.5	0.00435881	0.0576358
805	0.127449	0.0576787
805.5	0.126627	0.0577213
806	0.126814	0.0577692
806.5	0.127249	0.0578119
807	0.110131	0.0578397
807.5	0.124149	0.0578866
808	0.116073	0.0579208
808.5	0.146879	0.0579798
809	0.138823	0.0580252
809.5	0.127449	0.0580729
810	0.127449	0.0581153
810.5	0.127449	0.0581576
811	0.127449	0.0581998
811.5	0.127449	0.058242
812	0.127449	0.0582841
812.5	0.127447	0.0583262
813	0.127449	0.0583683
813.5	0.126085	0.0584099
814	0.127555	0.0584518
814.5	0.119362	0.0584864
815	0.0865297	0.0584989
815.5	0.0755657	0.0585142
816	0.113397	0.0585469
816.5	0.248293	0.0585838
817	0	0.0585838
817.5	0	0.0585838
818	0	0.0585838
818.5	0	0.0585838
819	0	0.0585838
819.5	0	0.0585838
820	0	0.0585838
820.5	0	0.0585838
821	0	0.0585838
821.5	0	0.0585838
822	0	0.0585838
822.5	0	0.0585838
823	0	0.0585838
823.5	0	0.0585838
824	0	0.0585838
824.5	0	0.0585838
825	0	0.0585838
825.5	0.00252523	0.0579483
826	0.127397	0.0579899
826.5	0.0801882	0.0579925
827	0	0.0579925
827.5	0	0.0579925
828	0	0.0579925
828.5	0	0.0579925
829	0	0.0579925
829.5	0	0.0579925
830	0	0.0579925
830.5	0	0.0579925
831	0	0.0579925
831.5	0	0.0579925
832	0	0.0579925
832.5	0.00365963	0.0575711
833	0.127449	0.0576126
833.5	0.127449	0.057654
834	0.125309	0.0576948
834.5	0.129414	0.0577419
835	0.127449	0.0577832
835.5	0.127449	0.0578244
836	0.125237	0.057865
836.5	0.124793	0.0579054
837	0.0790689	0.057918
837.5	0.142296	0.0579681
838	0.123196	0.058008
838.5	0.114349	0.0580357
839	0.132084	0.0580884
839.5	0.169569	0.05815
840	0.133552	0.0581977
840.5	0.12871	0.0582387
841	0.127542	0.0582795
841.5	0.127449	0.0583201
842	0.126412	0.0583604
842.5	0.129327	0.0584066
843	0	0.0584066
843.5	0	0.0584066
844	0	0.0584066
844.5	0	0.0584066
845	0	0.0584066
845.5	0	0.0584066
846	0	0.0584066
846.5	0	0.0584066
847	0	0.0584066
847.5	0	0.0584066
848	0.00715956	0.0580742
848.5	0.123603	0.0581135
849	0.131559	0.058155
849.5	0.115368	0.0581872
850	0.117709	0.0582246
850.5	0.145418	0.0582746
851	0.13014	0.0583206
851.5	0.127402	0.0583607
852	0.127371	0.0584008
852.5	0.127641	0.0584409
853	0.127361	0.0584809
853.5	0.126535	0.0585206
854	0.129998	0.0585611
854.5	0.12738	0.0586059
855	0.126018	0.0586454
855.5	0.127335	0.0586851
856	0.124142	0.0587239
856.5	0.129837	0.0587642
857	0.104777	0.0587884
857.5	0.0863108	0.058806
858	0.118324	0.0588383
858.5	0.0705101	0.0588459
859	0.154569	0.0589027
859.5	0	0.0589027
860	0.0447006	0.058891
860.5	0	0.058891
861	0	0.058891
861.5	0	0.058891
862	0	0.058891
862.5	0	0.058891
863	0.0166632	0.0587291
863.5	0.126928	0.0587683
864	0.124324	0.0588068
864.5	0.129287	0.0588465
865	0.112165	0.0588768
865.5	0.145383	0.0589255
866	0.129282	0.0589651
866.5	0.12674	0.0590089
867	0.0953639	0.0590262
867.5	0.0736423	0.0590352
868	0.121811	0.0590726
868.5	0.126394	0.0591112
869	0	0.0591112
869.5	0	0.0591112
870	0.0105241	0.0590277
870.5	0.105873	0.0590557
871	0.149464	0.0591049
871.5	0.0689678	0.0591114
872	0	0.0591114
872.5	0.0490747	0.0591003
873	0.127434	0.059139
873.5	0.127468	0.0591776
874	0.129302	0.0592216
874.5	0.127449	0.0592602
875	0.127449	0.0592987
875.5	0.127449	0.0593131
876	0	0.0593131
876.5	0	0.0593131
877	0	0.0593131
877.5	0	0.0593131
878	0	0.0593131
878.5	0.00531526	0.0591309
879	0	0.0591309
879.5	0	0.0591309
880	0	0.0591309
880.5	0	0.0591309
881	0	0.0591309
881.5	0	0.0591309
882	0	0.0591309
882.5	0	0.0591309
883	0	0.0591309
883.5	0	0.0591309
884	0	0.0591309
884.5	0.00987704	0.0587758
885	0.133191	0.0588106
885.5	0	0.0588106
886	0	0.0588106
886.5	0	0.0588106
887	0	0.0588106
887.5	0	0.0588106
888	0	0.0588106
888.5	0	0.0588106
889	0	0.0588106
889.5	0	0.0588106
890	0	0.0588106
890.5	0.0111909	0.0585096
891	0.127449	0.0585478
891.5	0.127449	0.058586
892	0.127449	0.0586242
892.5	0.127449	0.0586623
893	0.127449	0.0587004
893.5	0.127442	0.0587431
894	0.12748	0.0587526
894.5	0	0.0587526
895	0	0.0587526
895.5	0.00849122	0.0586485
896	0.129249	0.0586869
896.5	0.127449	0.0587012
897	0	0.0587012
897.5	0	0.0587012
898	0	0.0587012
898.5	0	0.0587012
899	0	0.0587012
899.5	0	0.0587012
900	0	0.0587012
900.5	0	0.0587012
901	0	0.0587012
901.5	0	0.0587012
902	0	0.0587012
902.5	0	0.0587012
903	0	0.0587012
903.5	0	0.0587012
904	0	0.0587012
904.5	0.00376232	0.0581927
905	0.0995847	0.0582144
905.5	0.126331	0.0582519
906	0.123508	0.0582887
906.5	0.180393	0.0583592
907	0.133821	0.0583984
907.5	0.127449	0.0584407
908	0.127449	0.0584688
908.5	0	0.0584688
909	0	0.0584688
909.5	0	0.0584688
910	0	0.0584688
910.5	0	0.0584688
911	0	0.0584688
911.5	0	0.0584688
912	0	0.0584688
912.5	0	0.0584688
913	0	0.0584688
913.5	0	0.0584688
914	0	0.0584688
914.5	0	0.0584688
915	0	0.0584688
915.5	0	0.0584688
916	0	0.0584688
916.5	0	0.0584688
917	0	0.0584688
917.5	0	0.0584688
918	0	0.0584688
918.5	0	0.0584688
919	0	0.0584688
919.5	0.00135114	0.0577449
920	0.127346	0.0577823
920.5	0.130626	0.0578205
921	0.127449	0.0578579
921.5	0.127449	0.0578998
922	0.127449	0.0579278
922.5	0	0.0579278
923	0	0.0579278
923.5	0	0.0579278
924	0	0.0579278
924.5	0	0.0579278
925	0.00750934	0.0577564
925.5	0.127449	0.0577936
926	0.127449	0.0578308
926.5	0.12389	0.057867
927	0.130652	0.0579049
927.5	0.127449	0.0579419
928	0.127402	0.0579789
928.5	0.127459	0.0580159
929	0.127463	0.0580574
929.5	0.128009	0.0580945
930	0.127449	0.0581313
930.5	0.127449	0.0581681
931	0.127449	0.0582049
931.5	0.127449	0.0582417
932	0	0.0582417
932.5	0	0.0582417
933	0.0153783	0.0581711
933.5	0.127449	0.0582078
934	0.126848	0.0582443
934.5	0.127408	0.0582808
935	0.127459	0.0583174
935.5	0.128087	0.0583541
936	0.127449	0.0583906
936.5	0.127449	0.0584315
937	0.127449	0.0584679
937.5	0.118153	0.0584976
938	0.13532	0.0585405
938.5	0.115949	0.0585696
939	0.138558	0.0586132
939.5	0.127449	0.0586494
940	0.121982	0.0586842
940.5	0.0643501	0.0586849
941	0.0547339	0.0586813
941.5	0.138673	0.0587247
942	0.0925874	0.058743
942.5	0.165127	0.0588022
943	0.215882	0.0588812
943.5	0.127541	0.0589171
944	0.127449	0.058953
944.5	0.127449	0.0589933
945	0.127449	0.0590157
945.5	0	0.0590157
946	0	0.0590157
946.5	0.028961	0.0589639
947	0.130114	0.0590048
947.5	0.127449	0.0590405
948	0.127001	0.059076
948.5	0.12606	0.0591113
949	0.129331	0.0591474
949.5	0.124758	0.0591822
950	0	0.0591822
950.5	0	0.0591822
951	0	0.0591822
951.5	0	0.0591822
952	0	0.0591822
952.5	0	0.0591822
953	0	0.0591822
953.5	0	0.0591822
954	0	0.0591822
954.5	0	0.0591822
955	0	0.0591822
955.5	0	0.0591822
956	0	0.0591822
956.5	0	0.0591822
957	0.00728085	0.0587718
957.5	0.124242	0.0588064
958	0.129077	0.0588422
958.5	0.124222	0.0588768
959	0.130892	0.0589129
959.5	0.124183	0.0589474
960	0.12749	0.0589827
960.5	0.116079	0.0589908
961	0	0.0589908
961.5	0	0.0589908
962	0	0.0589908
962.5	0	0.0589908
963	0	0.0589908
963.5	0	0.0589908
964	0.0100373	0.0587917
964.5	0.127262	0.0588136
965	0	0.0588136
965.5	0	0.0588136
966	0	0.0588136
966.5	0	0.0588136
967	0	0.0588136
967.5	0	0.0588136
968	0	0.0588136
968.5	0	0.0588136
969	0	0.0588136
969.5	0	0.0588136
970	0	0.0588136
970.5	0	0.0588136
971	0	0.0588136
971.5	0	0.0588136
972	0.00205082	0.0583653
972.5	0.0851897	0.0583781
973	0.172045	0.0584422
973.5	0.125079	0.0584767
974	0.12991	0.0585122
974.5	0.127449	0.0585166
975	0	0.0585166
975.5	0	0.0585166
976	0	0.0585166
976.5	0	0.0585166
977	0	0.0585166
977.5	0	0.0585166
978	0	0.0585166
978.5	0	0.0585166
979	0.00168292	0.058245
979.5	0.0704599	0.0582547
980	0.0771282	0.0582646
980.5	0.193619	0.0583151
981	0.0323916	0.0583086
981.5	0	0.0583086
982	0	0.0583086
982.5	0	0.0583086
983	0	0.0583086
983.5	0	0.0583086
984	0	0.0583086
984.5	0	0.0583086
985	0	0.0583086
985.5	0.0112084	0.0580737
986	0.127413	0.0581085
986.5	0.126863	0.0581431
987	0.127182	0.0581777
987.5	0.12899	0.0582171
988	0.117696	0.0582453
988.5	0.0883008	0.0582615
989	0.107745	0.0582871
989.5	0.149083	0.0583307
990	0.166225	0.0583771
990.5	0.125124	0.0584068
991	0.138521	0.0584574
991.5	0.0771119	0.058467
992	0.182394	0.0585316
992.5	0.126906	0.0585658
993	0.128233	0.0586003
993.5	0.127449	0.0586345
994	0.126523	0.0586685
994.5	0.127421	0.0587027
995	0.127597	0.0587368
995.5	0.127463	0.0587752
996	0.127418	0.0588093
996.5	0.124384	0.0588426
997	0.124385	0.0588759
997.5	0.11269	0.0589022
998	0.107896	0.0589273
998.5	0.140118	0.0589638
999	0.0845463	0.0589781
999.5	0.0719904	0.0589838
1000	0	0.0589838
1000.5	0	0.0589838
1001	0	0.0589838
1001.5	0	0.0589838
1002	0	0.0589838
1002.5	0	0.0589838
1003	0	0.0589838
1003.5	0	0.0589838
1004	0	0.0589838
1004.5	0	0.0589838
1005	0	0.0589838
1005.5	0	0.0589838
1006	0	0.0589838
1006.5	0	0.0589838
1007	0	0.0589838
1007.5	0.00487715	0.0585505
1008	0.130761	0.058585
1008.5	0.129175	0.0586234
1009	0.125274	0.0586524
1009.5	0.122466	0.0586849
1010	0.0863718	0.0586999
1010.5	0.129417	0.058734
1011	0.129664	0.0587425
1011.5	0.00882309	0.0586985
1012	0.128355	0.0587322
1012.5	0.099653	0.0587386
1013	0	0.0587386
1013.5	0	0.0587386
1014	0	0.0587386
1014.5	0	0.0587386
1015	0	0.0587386
1015.5	0	0.0587386
1016	0.00614138	0.0585396
1016.5	0.128029	0.0585732
1017	0.127449	0.0586067
1017.5	0.127449	0.0586401
1018	0.127449	0.0586777
1018.5	0.127449	0.058711
1019	0.127449	0.0587443
1019.5	0.127449	0.0587776
1020	0.125561	0.0588105
1020.5	0.127496	0.0588437
1021	0.124236	0.0588762
1021.5	0.127516	0.0589093
1022	0.127361	0.0589425
1022.5	0.13027	0.0589804
1023	0.127641	0.0590135
1023.5	0.126547	0.0590463
1024	0.127662	0.0590794
1024.5	0.128345	0.0591125
1025	0.12773	0.0591455
1025.5	0.124633	0.0591778
1026	0.128468	0.0592109
1026.5	0.12045	0.0592421
1027	0.137718	0.0592814
1027.5	0.127449	0.0593141
1028	0.127449	0.0593469
1028.5	0.127449	0.0593796
1029	0.127449	0.0594123
1029.5	0.127449	0.0594449
1030	0.127449	0.0594816
1030.5	0.125669	0.0595138
1031	0.124399	0.0595456
1031.5	0.13069	0.0595789
1032	0.126753	0.0596112
1032.5	0.124365	0.059643
1033	0.12997	0.0596759
1033.5	0.127708	0.0596922
1034	0	0.0596922
1034.5	0	0.0596922
1035	0.0134575	0.0596138
1035.5	0.122508	0.059645
1036	0.132206	0.0596784
1036.5	0.128537	0.059715
1037	0.125346	0.0597428
1037.5	0.0823989	0.0597553
1038	0	0.0597553
1038.5	0	0.0597553
1039	0	0.0597553
1039.5	0	0.0597553
1040	0	0.0597553
1040.5	0	0.0597553
1041	0	0.0597553
1041.5	0	0.0597553
1042	0	0.0597553
1042.5	0	0.0597553
1043	0	0.0597553
1043.5	0	0.0597553
1044	0	0.0597553
1044.5	0	0.0597553
1045	0	0.0597553
1045.5	0	0.0597553
1046	0	0.0597553
1046.5	0	0.0597553
1047	0	0.0597553
1047.5	0	0.0597553
1048	0	0.0597553
1048.5	0	0.0597553
1049	0	0.0597553
1049.5	0	0.0597553
1050	0.00125891	0.0590588
1050.5	0.121457	0.0590896
1051	0.102327	0.0591086
1051.5	0	0.0591086
1052	0.0360194	0.0590894
1052.5	0	0.0590894
1053	0	0.0590894
1053.5	0	0.0590894
1054	0	0.0590894
1054.5	0	0.0590894
1055	0	0.0590894
1055.5	0	0.0590894
1056	0	0.0590894
1056.5	0	0.0590894
1057	0	0.0590894
1057.5	0	0.0590894
1058	0	0.0590894
1058.5	0	0.0590894
1059	0	0.0590894
1059.5	0	0.0590894
1060	0	0.0590894
1060.5	0	0.0590894
1061	0	0.0590894
1061.5	0	0.0590894
1062	0	0.0590894
1062.5	0.00366967	0.0585301
1063	0.124389	0.0585615
1063.5	0.130669	0.0585942
1064	0.127582	0.0586142
1064.5	0	0.0586142
1065	0	0.0586142
1065.5	0	0.0586142
1066	0	0.0586142
1066.5	0	0.0586142
1067	0	0.0586142
1067.5	0	0.0586142
1068	0	0.0586142
1068.5	0	0.0586142
1069	0	0.0586142
1069.5	0	0.0586142
1070	0	0.0586142
1070.5	0	0.0586142
1071	0	0.0586142
1071.5	0.00511086	0.0582298
1072	0.124365	0.058261
1072.5	0.127397	0.0582928
1073	0.130772	0.0583254
1073.5	0.127129	0.0583611
1074	0.127548	0.0583929
1074.5	0.127402	0.0584246
1075	0.130612	0.0584529
1075.5	0	0.0584529
1076	0	0.0584529
1076.5	0	0.0584529
1077	0	0.0584529
1077.5	0	0.0584529
1078	0	0.0584529
1078.5	0	0.0584529
1079	0.00580298	0.0582544
1079.5	0.127496	0.0582861
1080	0.124315	0.058317
1080.5	0.12749	0.0583526
1081	0.127511	0.0583842
1081.5	0	0.0583842
1082	0	0.0583842
1082.5	0	0.0583842
1083	0	0.0583842
1083.5	0	0.0583842
1084	0	0.0583842
1084.5	0	0.0583842
1085	0	0.0583842
1085.5	0	0.0583842
1086	0.00157702	0.0581232
1086.5	0.120293	0.0581531
1087	0.13699	0.0581865
1087.5	0.127449	0.0582218
1088	0.127449	0.0582533
1088.5	0.127449	0.0582847
1089	0.127449	0.058316
1089.5	0.127188	0.0583473
1090	0.126572	0.0583785
1090.5	0.128297	0.0584099
1091	0.126114	0.0584409
1091.5	0.127142	0.0584721
1092	0.127795	0.0585072
1092.5	0.127781	0.0585229
1093	0	0.0585229
1093.5	0	0.0585229
1094	0	0.0585229
1094.5	0	0.0585229
1095	0	0.0585229
1095.5	0	0.0585229
1096	0	0.0585229
1096.5	0	0.0585229
1097	0	0.0585229
1097.5	0	0.0585229
1098	0.00957642	0.0582665
1098.5	0.127449	0.0582976
1099	0.127449	0.0583286
1099.5	0.127449	0.0583597
1100	0.127449	0.0583907
1100.5	0.12563	0.0584213
1101	0.127599	0.0584562
1101.5	0.127075	0.0584871
1102	0.0992508	0.0585047
1102.5	0.0944654	0.0585182
1103	0.0675308	0.058523
1103.5	0.0904797	0.0585381
1104	0.0630918	0.0585402
1104.5	0.0948431	0.0585565
1105	0.0809887	0.0585644
1105.5	0.107827	0.0585807
1106	0.081079	0.0585925
1106.5	0.126918	0.0586308
1107	0.0827104	0.0586432
1107.5	0.145814	0.0586814
1108	0.169319	0.0587325
1108.5	0.163457	0.058778
1109	0.127449	0.0588085
1109.5	0.127449	0.05882
1110	0	0.05882
1110.5	0.0297705	0.0587854
1111	0.112431	0.0587956
1111.5	0	0.0587956
1112	0	0.0587956
1112.5	0	0.0587956
1113	0	0.0587956
1113.5	0.0141251	0.0586838
1114	0.127325	0.0587181
1114.5	0.127501	0.0587333
1115	0	0.0587333
1115.5	0	0.0587333
1116	0	0.0587333
1116.5	0.0105364	0.0586366
1117	0.128941	0.0586674
1117.5	0.11586	0.0586917
1118	0.135746	0.0587276
1118.5	0.124335	0.0587573
1119	0.13063	0.0587883
1119.5	0.127555	0.0588224
1120	0.127408	0.0588526
1120.5	0.116056	0.0588734
1121	0.122785	0.0589026
1121.5	0.139955	0.0589433
1122	0.127428	0.0589734
1122.5	0.127537	0.0590036
1123	0.12732	0.0590336
1123.5	0.127444	0.0590637
1124	0	0.0590637
1124.5	0	0.0590637
1125	0	0.0590637
1125.5	0	0.0590637
1126	0	0.0590637
1126.5	0	0.0590637
1127	0.00885462	0.0589054
1127.5	0.126971	0.0589353
1128	0.124977	0.0589648
1128.5	0.13239	0.0589957
1129	0.12004	0.0590241
1129.5	0.125749	0.0590499
1130	0	0.0590499
1130.5	0	0.0590499
1131	0.0253104	0.0590036
1131.5	0.120727	0.059032
1132	0.0949324	0.0590478
1132.5	0.0665257	0.0590509
1133	0.0380735	0.0590471
1133.5	0	0.0590471
1134	0	0.0590471
1134.5	0	0.0590471
1135	0.00393033	0.0589498
1135.5	0	0.0589498
1136	0	0.0589498
1136.5	0	0.0589498
1137	0	0.0589498
1137.5	0	0.0589498
1138	0	0.0589498
1138.5	0.00815351	0.0587776
1139	0.127449	0.0588074
1139.5	0.127449	0.0588372
1140	0.126881	0.0588668
1140.5	0.127265	0.0588964
1141	0.128208	0.0589263
1141.5	0.127449	0.0589411
1142	0.0810114	0.0589561
1142.5	0.124518	0.0589851
1143	0.127433	0.0590147
1143.5	0.117193	0.0590352
1144	0.0809771	0.0590463
1144.5	0.110731	0.0590688
1145	0.12606	0.0590944
1145.5	0.188524	0.0591604
1146	0.128156	0.0591899
1146.5	0.12749	0.0592194
1147	0.127542	0.0592488
1147.5	0.127377	0.0592781
1148	0.12749	0.0593111
1148.5	0.127418	0.0593404
1149	0.121441	0.0593684
1149.5	0.129982	0.0593981
1150	0.134991	0.0594135
1150.5	0.0849342	0.0594299
1151	0.0960361	0.0594403
1151.5	0.0439785	0.0594307
1152	0.119432	0.0594547
1152.5	0.123535	0.0594831
1153	0.110466	0.0595051
1153.5	0.228836	0.0595606
1154	0	0.0595606
1154.5	0	0.0595606
1155	0	0.0595606
1155.5	0	0.0595606
1156	0	0.0595606
1156.5	0.0173943	0.0594452
1157	0.127449	0.0594742
1157.5	0.127449	0.0595032
1158	0.127449	0.0595286
1158.5	0.114251	0.0595546
1159	0.127449	0.0595835
1159.5	0.127449	0.0596124
1160	0.127449	0.0596196
1160.5	0	0.0596196
1161	0.0453847	0.0596026
1161.5	0.125071	0.059631
1162	0.127496	0.0596598
1162.5	0.127458	0.0596922
1163	0.124399	0.0597204
1163.5	0.118107	0.0597438
1164	0.129504	0.0597729
1164.5	0.137794	0.0598073
1165	0.127506	0.059836
1165.5	0.127511	0.0598647
1166	0.127398	0.0598969
1166.5	0.124725	0.0599249
1167	0.127387	0.0599535
1167.5	0.130723	0.0599826
1168	0.12438	0.0600105
1168.5	0.130674	0.0600397
1169	0.121463	0.0600669
1169.5	0.130696	0.060096
1170	0.130337	0.0601286
1170.5	0.127449	0.060157
1171	0.127459	0.0601854
1171.5	0.11419	0.0602044
1172	0.082752	0.0602154
1172.5	0.173959	0.0602636
1173	0.102907	0.0602831
1173.5	0.16945	0.0603306
1174	0.126486	0.0603586
1174.5	0.127418	0.0603868
1175	0.127485	0.060415
1175.5	0.12787	0.0604433
1176	0.120413	0.0604699
1176.5	0.11582	0.0604923
1177	0.10801	0.0605099
1177.5	0.0863024	0.0605219
1178	0.107036	0.0605248
1178.5	0	0.0605248
1179	0.0363316	0.0604981
1179.5	0.0120184	0.0604712
1180	0.0885461	0.0604839
1180.5	0.0525339	0.0604809
1181	0.0721056	0.0604852
1181.5	0	0.0604852
1182	0.0205904	0.0604594
1182.5	0.048386	0.0604511
1183	0.147165	0.0604903
1183.5	0.115832	0.0605062
1184	0.0889325	0.060521
1184.5	0.090437	0.0605342
1185	0.17149	0.0605729
1185.5	0.0587493	0.0605722
1186	0	0.0605722
1186.5	0	0.0605722
1187	0	0.0605722
1187.5	0	0.0605722
1188	0	0.0605722
1188.5	0	0.0605722
1189	0	0.0605722
1189.5	0.0130772	0.0604041
1190	0.127449	0.0604319
1190.5	0.121206	0.0604452
1191	0	0.0604452
1191.5	0	0.0604452
1192	0	0.0604452
1192.5	0	0.0604452
1193	0	0.0604452
1193.5	0	0.0604452
1194	0	0.0604452
1194.5	0	0.0604452
1195	0	0.0604452
1195.5	0	0.0604452
1196	0	0.0604452
1196.5	0	0.0604452
1197	0.00116064	0.0601095
1197.5	0.127449	0.0601373
1198	0.127449	0.060165
1198.5	0.127449	0.0601685
1199	0	0.0601685
1199.5	0	0.0601685
1200	0	0.0601685
1200.5	0	0.0601685
1201	0	0.0601685
1201.5	0	0.0601685
1202	0	0.0601685
1202.5	0	0.0601685
1203	0	0.0601685
1203.5	0	0.0601685
1204	0	0.0601685
1204.5	0	0.0601685
1205	0	0.0601685
1205.5	0	0.0601685
1206	0.00693735	0.0598182
1206.5	0.128006	0.059846
1207	0.12617	0.0598734
1207.5	0.132762	0.0599055
1208	0.127369	0.0599331
1208.5	0.127304	0.0599607
1209	0.122887	0.0599873
1209.5	0.0449523	0.0599808
1210	0.136871	0.0600137
1210.5	0.127449	0.0600274
1211	0	0.0600274
1211.5	0	0.0600274
1212	0	0.0600274
1212.5	0	0.0600274
1213	0	0.0600274
1213.5	0	0.0600274
1214	0	0.0600274
1214.5	0	0.0600274
1215	0.00331551	0.059806
1215.5	0.127685	0.0598335
1216	0.115228	0.0598553
1216.5	0.10077	0.0598736
1217	0.0721062	0.059878
1217.5	0.0904745	0.0598911
1218	0.108052	0.0599113
1218.5	0.0460449	0.0599055
1219	0.0786317	0.0599116
1219.5	0.0964481	0.0599287
1220	0.105205	0.0599454
1220.5	0.104995	0.0599619
1221	0.0507338	0.0599584
1221.5	0.0909341	0.059976
1222	0.0925051	0.0599896
1222.5	0.152018	0.0600246
1223	0.176284	0.060067
1223.5	0	0.060067
1224	0	0.060067
1224.5	0	0.060067
1225	0	0.060067
1225.5	0	0.060067
1226	0	0.060067
1226.5	0	0.060067
1227	0	0.060067
1227.5	0	0.060067
1228	0	0.060067
1228.5	0	0.060067
1229	0	0.060067
1229.5	0	0.060067
1230	0	0.060067
1230.5	0	0.060067
1231	0	0.060067
1231.5	0	0.060067
1232	0.00431104	0.0596542
1232.5	0.127449	0.0596813
1233	0.127449	0.0597085
1233.5	0.127449	0.0597356
1234	0.127449	0.0597491
1234.5	0	0.0597491
1235	0	0.0597491
1235.5	0	0.0597491
1236	0	0.0597491
1236.5	0	0.0597491
1237	0	0.0597491
1237.5	0	0.0597491
1238	0	0.0597491
1238.5	0	0.0597491
1239	0	0.0597491
1239.5	0	0.0597491
1240	0	0.0597491
1240.5	0	0.0597491
1241	0	0.0597491
1241.5	0	0.0597491
1242	0.00571497	0.0593899
1242.5	0.124878	0.0594164
1243	0.129825	0.0594473
1243.5	0.127449	0.0594743
1244	0.120874	0.0594968
1244.5	0.127412	0.0595271
1245	0.133864	0.0595552
1245.5	0.127449	0.0595821
1246	0.127449	0.059609
1246.5	0.127449	0.0596359
1247	0.127449	0.0596661
1247.5	0.127449	0.0596929
1248	0.127449	0.0597197
1248.5	0.127449	0.059723
1249	0	0.059723
1249.5	0	0.059723
1250	0	0.059723
1250.5	0.00680903	0.0596253
1251	0	0.0596253
1251.5	0	0.0596253
1252	0	0.0596253
1252.5	0.0185787	0.0595559
1253	0.127454	0.0595827
1253.5	0.127356	0.0596094
1254	0.127527	0.0596394
1254.5	0.125351	0.0596657
1255	0.130695	0.059693
1255.5	0.12435	0.059719
1256	0.124886	0.0597452
1256.5	0.127723	0.0597718
1257	0.130706	0.059799
1257.5	0.127649	0.0598256
1258	0.0969214	0.0598399
1258.5	0.0862116	0.0598514
1259	0.144149	0.0598733
1259.5	0.0346616	0.0598597
1260	0.157138	0.0598906
1260.5	0.168028	0.0599428
1261	0.168639	0.059983
1261.5	0.12748	0.0599962
1262	0	0.0599962
1262.5	0	0.0599962
1263	0	0.0599962
1263.5	0	0.0599962
1264	0	0.0599962
1264.5	0	0.0599962
1265	0	0.0599962
1265.5	0.00365548	0.0598047
1266	0.0949097	0.0598185
1266.5	0.13765	0.059843
1267	0.0646579	0.0598453
1267.5	0.0830897	0.059854
1268	0.126142	0.0598801
1268.5	0.195838	0.0599361
1269	0.0923334	0.0599469
1269.5	0.0689238	0.059951
1270	0.0648838	0.0599529
1270.5	0.143013	0.05996
1271	0.053942	0.0599559
1271.5	0.112676	0.0599791
1272	0.122666	0.0600012
1272.5	0.096129	0.0600105
1273	0.0223436	0.0599896
1273.5	0.0926603	0.0600027
1274	0.173542	0.0600471
1274.5	0.183921	0.060097
1275	0.127547	0.0601231
1275.5	0.127361	0.0601491
1276	0.127537	0.0601752
1276.5	0.127475	0.0602012
1277	0.130087	0.0602277
1277.5	0.127449	0.0602569
1278	0.121789	0.0602787
1278.5	0.075309	0.0602848
1279	0.136454	0.0603123
1279.5	0.150772	0.0603491
1280	0.11934	0.0603704
1280.5	0.082546	0.0603803
1281	0.12308	0.0604053
1281.5	0.174709	0.0604455
1282	0	0.0604455
1282.5	0	0.0604455
1283	0.00519054	0.0603802
1283.5	0.127449	0.060406
1284	0.127449	0.060435
1284.5	0.127449	0.0604608
1285	0.127449	0.0604865
1285.5	0.127449	0.0605026
1286	0	0.0605026
1286.5	0	0.0605026
1287	0	0.0605026
1287.5	0	0.0605026
1288	0	0.0605026
1288.5	0	0.0605026
1289	0	0.0605026
1289.5	0	0.0605026
1290	0	0.0605026
1290.5	0	0.0605026
1291	0	0.0605026
1291.5	0.00379178	0.0602294
1292	0.127511	0.0602551
1292.5	0.127434	0.0602807
1293	0.127516	0.0603064
1293.5	0.127387	0.060332
1294	0.127482	0.060348
1294.5	0	0.060348
1295	0	0.060348
1295.5	0	0.060348
1296	0.0252121	0.0602888
1296.5	0.127449	0.0603176
1297	0.127449	0.0603431
1297.5	0.127449	0.0603687
1298	0.127449	0.0603942
1298.5	0.127449	0.0604197
1299	0.127449	0.0604451
1299.5	0.127449	0.0604706
1300	0.127449	0.060496
1300.5	0.127449	0.0605246
1301	0.127449	0.06055
1301.5	0.127449	0.0605754
1302	0.127449	0.0606007
1302.5	0.127449	0.0606261
1303	0.127449	0.0606514
1303.5	0.127449	0.0606767
1304	0.127366	0.0607019
1304.5	0.127261	0.0607272
1305	0.0880819	0.0607384
1305.5	0.115465	0.0607527
1306	0.0498897	0.0607474
1306.5	0.172969	0.0607943
1307	0.0829496	0.0608023
1307.5	0.14935	0.060813
1308	0	0.060813
1308.5	0	0.060813
1309	0	0.060813
1309.5	0	0.060813
1310	0	0.060813
1310.5	0	0.060813
1311	0	0.060813
1311.5	0.00539219	0.0606281
1312	0	0.0606281
1312.5	0	0.0606281
1313	0	0.0606281
1313.5	0	0.0606281
1314	0	0.0606281
1314.5	0	0.0606281
1315	0	0.0606281
1315.5	0	0.0606281
1316	0	0.0606281
1316.5	0	0.0606281
1317	0.00291979	0.0603921
1317.5	0.0486634	0.0603878
1318	0.105749	0.0604082
1318.5	0.154217	0.0604445
1319	0.108237	0.0604629
1319.5	0.0735603	0.0604683
1320	0.0852044	0.0604769
1320.5	0	0.0604769
1321	0	0.0604769
1321.5	0	0.0604769
1322	0.0195005	0.0604144
1322.5	0.127449	0.0604269
1323	0	0.0604269
1323.5	0	0.0604269
1324	0	0.0604269
1324.5	0	0.0604269
1325	0	0.0604269
1325.5	0.0213925	0.0603295
1326	0.117576	0.0603497
1326.5	0.128613	0.0603749
1327	0.0971247	0.0603883
1327.5	0.158252	0.0604286
1328	0.112995	0.0604479
1328.5	0.145801	0.0604791
1329	0.0882338	0.0604903
1329.5	0.216011	0.0605116
1330	0	0.0605116
1330.5	0	0.0605116
1331	0	0.0605116
1331.5	0	0.0605116
1332	0	0.0605116
1332.5	0	0.0605116
1333	0	0.0605116
1333.5	0.014647	0.0603638
1334	0.127449	0.0603887
1334.5	0.1254	0.0604131
1335	0.127449	0.0604379
1335.5	0.124634	0.0604652
1336	0.133002	0.0604909
1336.5	0.127449	0.0605156
1337	0.127449	0.0605403
1337.5	0.127449	0.0605619
1338	0	0.0605619
1338.5	0	0.0605619
1339	0	0.0605619
1339.5	0	0.0605619
1340	0	0.0605619
1340.5	0	0.0605619
1341	0	0.0605619
1341.5	0	0.0605619
1342	0	0.0605619
1342.5	0	0.0605619
1343	0	0.0605619
1343.5	0	0.0605619
1344	0	0.0605619
1344.5	0	0.0605619
1345	0	0.0605619
1345.5	0	0.0605619
1346	0	0.0605619
1346.5	0	0.0605619
1347	0	0.0605619
1347.5	0	0.0605619
1348	0	0.0605619
1348.5	0	0.0605619
1349	0	0.0605619
1349.5	0	0.0605619
1350	0	0.0605619
1350.5	0	0.0605619
1351	0	0.0605619
1351.5	0	0.0605619
1352	0	0.0605619
1352.5	0	0.0605619
1353	0	0.0605619
1353.5	0	0.0605619
1354	0	0.0605619
1354.5	0	0.0605619
1355	0	0.0605619
1355.5	0	0.0605619
1356	0	0.0605619
1356.5	0	0.0605619
1357	0	0.0605619
1357.5	0	0.0605619
1358	0	0.0605619
1358.5	0.00223402	0.0596551
1359	0.127449	0.0596798
1359.5	0.127449	0.0597074
1360	0.127449	0.059729
1360.5	0.100456	0.0597454
1361	0.108175	0.0597531
1361.5	0	0.0597531
1362	0	0.0597531
1362.5	0	0.0597531
1363	0	0.0597531
1363.5	0	0.0597531
1364	0.0027087	0.0596317
1364.5	0	0.0596317
1365	0	0.0596317
1365.5	0	0.0596317
1366	0	0.0596317
1366.5	0	0.0596317
1367	0	0.0596317
1367.5	0	0.0596317
1368	0	0.0596317
1368.5	0.0031959	0.0594287
1369	0.126368	0.0594531
1369.5	0.127413	0.0594776
1370	0.127459	0.0595021
1370.5	0.12715	0.0595112
1371	0	0.0595112
1371.5	0	0.0595112
1372	0.0173659	0.0594556
1372.5	0.127501	0.0594678
1373	0	0.0594678
1373.5	0	0.0594678
1374	0	0.0594678
1374.5	0	0.0594678
1375	0	0.0594678
1375.5	0	0.0594678
1376	0	0.0594678
1376.5	0	0.0594678
1377	0	0.0594678
1377.5	0.00296986	0.0592507
1378	0.127449	0.0592751
1378.5	0.127501	0.0592995
1379	0.124321	0.0593234
1379.5	0.125033	0.0593473
1380	0.159264	0.0593545
1380.5	0	0.0593545
1381	0	0.0593545
1381.5	0	0.0593545
1382	0	0.0593545
1382.5	0	0.0593545
1383	0	0.0593545
1383.5	0	0.0593545
1384	0	0.0593545
1384.5	0	0.0593545
1385	0.0014512	0.0591279
1385.5	0.12732	0.0591523
1386	0.127542	0.0591766
1386.5	0.127536	0.0592009
1387	0.127444	0.0592252
1387.5	0.124374	0.059249
1388	0.130701	0.0592737
1388.5	0.127757	0.059298
1389	0.124788	0.0593247
1389.5	0.127431	0.0593459
1390	0.12097	0.0593632
1390.5	0	0.0593632
1391	0	0.0593632
1391.5	0	0.0593632
1392	0	0.0593632
1392.5	0	0.0593632
1393	0	0.0593632
1393.5	0	0.0593632
1394	0.00376433	0.0591966
1394.5	0.129693	0.0592211
1395	0.1244	0.0592447
1395.5	0.127402	0.0592689
1396	0.127418	0.059293
1396.5	0.131138	0.0593207
1397	0.127449	0.0593448
1397.5	0.127449	0.0593688
1398	0.127449	0.0593929
1398.5	0.127449	0.0594169
1399	0.121403	0.0594398
1399.5	0.135141	0.0594619
1400	0	0.0594619
1400.5	0	0.0594619
1401	0	0.0594619
1401.5	0	0.0594619
1402	0	0.0594619
1402.5	0	0.0594619
1403	0	0.0594619
1403.5	0	0.0594619
1404	0	0.0594619
1404.5	0	0.0594619
1405	0	0.0594619
1405.5	0.0102779	0.0592477
1406	0.130739	0.0592722
1406.5	0	0.0592722
1407	0	0.0592722
1407.5	0	0.0592722
1408	0.0275355	0.0592271
1408.5	0.131187	0.0592516
1409	0.124316	0.059275
1409.5	0.127449	0.0592989
1410	0.109634	0.0593168
1410.5	0.149161	0.059347
1411	0.115156	0.0593686
1411.5	0.108144	0.0593736
1412	0	0.0593736
1412.5	0	0.0593736
1413	0	0.0593736
1413.5	0	0.0593736
1414	0	0.0593736
1414.5	0	0.0593736
1415	0	0.0593736
1415.5	0	0.0593736
1416	0	0.0593736
1416.5	0.00878891	0.0591819
1417	0.130701	0.0592062
1417.5	0.128632	0.0592332
1418	0.127449	0.0592569
1418.5	0.127449	0.0592806
1419	0.127449	0.0593044
1419.5	0.117754	0.0593236
1420	0.132517	0.0593511
1420.5	0.120781	0.0593596
1421	0.131176	0.059402
1421.5	0.127109	0.0594256
1422	0.127439	0.0594492
1422.5	0.127346	0.0594727
1423	0.127511	0.0594963
1423.5	0.127397	0.0595199
1424	0.125064	0.059543
1424.5	0.127496	0.0595666
1425	0.127392	0.0595901
1425.5	0.122438	0.0596127
1426	0.132683	0.05964
1426.5	0.0341337	0.0596359
1427	0.0411245	0.059626
1427.5	0.107914	0.0596408
1428	0.110493	0.0596585
1428.5	0.129358	0.0596852
1429	0.205821	0.0597399
1429.5	0.111412	0.0597527
1430	0.0496097	0.0597482
1430.5	0.153693	0.0597818
1431	0.111549	0.0597945
1431.5	0.112517	0.0598151
1432	0.0771142	0.0598213
1432.5	0.121498	0.0598463
1433	0.149029	0.0598759
1433.5	0.161711	0.0599139
1434	0.126467	0.059937
1434.5	0.162273	0.0599715
1435	0.0564231	0.0599708
1435.5	0.0755503	0.0599787
1436	0.0720961	0.0599824
1436.5	0.077136	0.0599885
1437	0.0809827	0.0599942
1437.5	0.105999	0.0600155
1438	0.0601774	0.0600156
1438.5	0.0762816	0.0600203
1439	0.0843904	0.0600297
1439.5	0.157652	0.0600636
1440	0.180497	0.0601073
1440.5	0.129093	0.0601306
1441	0.0949192	0.0601426
1441.5	0.101362	0.0601537
1442	0.134367	0.0601868
1442.5	0.184944	0.0602236
1443	0.128914	0.0602468
1443.5	0.124932	0.0602722
1444	0.131782	0.0602811
1444.5	0	0.0602811
1445	0	0.0602811
1445.5	0	0.0602811
1446	0	0.0602811
1446.5	0.00832013	0.0601792
1447	0.133365	0.0602001
1447.5	0.103645	0.0602183
1448	0.256036	0.0602266
1448.5	0	0.0602266
1449	0	0.0602266
1449.5	0	0.0602266
1450	0	0.0602266
1450.5	0	0.0602266
1451	0	0.0602266
1451.5	0	0.0602266
1452	0	0.0602266
1452.5	0	0.0602266
1453	0	0.0602266
1453.5	0	0.0602266
1454	0	0.0602266
1454.5	0	0.0602266
1455	0	0.0602266
1455.5	0	0.0602266
1456	0.00372938	0.0598994
1456.5	0.15397	0.0599324
1457	0.0588312	0.0599321
1457.5	0.0647264	0.0599341
1458	0.142256	0.0599622
1458.5	0.142389	0.0599902
1459	0.200021	0.0600393
1459.5	0.123372	0.0600614
1460	0.108106	0.0600758
1460.5	0.126676	0.0601012
1461	0.147589	0.0601268
1461.5	0.138738	0.0601542
1462	0.112749	0.0601743
1462.5	0.132859	0.0601978
1463	0.119757	0.0602192
1463.5	0.153544	0.0602486
1464	0	0.0602486
1464.5	0	0.0602486
1465	0	0.0602486
1465.5	0	0.0602486
1466	0	0.0602486
1466.5	0	0.0602486
1467	0	0.0602486
1467.5	0	0.0602486
1468	0	0.0602486
1468.5	0	0.0602486
1469	0	0.0602486
1469.5	0.00913449	0.060039
1470	0.123209	0.0600609
1470.5	0.102867	0.0600765
1471	0.19873	0.0600914
1471.5	0	0.0600914
1472	0	0.0600914
1472.5	0	0.0600914
1473	0	0.0600914
1473.5	0	0.0600914
1474	0	0.0600914
1474.5	0	0.0600914
1475	0.00192589	0.0599304
1475.5	0	0.0599304
1476	0	0.0599304
1476.5	0	0.0599304
1477	0	0.0599304
1477.5	0	0.0599304
1478	0	0.0599304
1478.5	0	0.0599304
1479	0	0.0599304
1479.5	0	0.0599304
1480	0	0.0599304
1480.5	0	0.0599304
1481	0.00377526	0.0596935
1481.5	0.127558	0.0597161
1482	0.127343	0.0597415
1482.5	0.128956	0.0597642
1483	0.0718698	0.0597678
1483.5	0	0.0597678
1484	0	0.0597678
1484.5	0	0.0597678
1485	0	0.0597678
1485.5	0.00309407	0.0596709
1486	0.127255	0.0596934
1486.5	0.116421	0.059714
1487	0.143095	0.0597386
1487.5	0.128185	0.059764
1488	0.127449	0.0597865
1488.5	0.124476	0.0598084
1489	0.127351	0.0598308
1489.5	0.127573	0.0598532
1490	0.12733	0.0598756
1490.5	0.127693	0.059898
1491	0.127412	0.0599204
1491.5	0.127222	0.0599315
1492	0	0.0599315
1492.5	0	0.0599315
1493	0.030303	0.0598955
1493.5	0.127449	0.0599178
1494	0.127449	0.0599401
1494.5	0.127449	0.0599429
1495	0	0.0599429
1495.5	0	0.0599429
1496	0	0.0599429
1496.5	0	0.0599429
1497	0	0.0599429
1497.5	0	0.0599429
1498	0	0.0599429
1498.5	0.00884367	0.0597913
1499	0.127449	0.0598136
1499.5	0.127449	0.0598359
1500	0.127449	0.0598581
1500.5	0.127449	0.0598803
1501	0.127449	0.0599053
1501.5	0.127449	0.0599275
1502	0.127449	0.0599497
1502.5	0.127449	0.0599719
1503	0.126308	0.0599939
1503.5	0.127408	0.060016
1504	0.127496	0.0600381
1504.5	0.124288	0.0600597
1505	0.127496	0.0600818
1505.5	0.130281	0.0601072
1506	0.127522	0.0601292
1506.5	0.128611	0.0601515
1507	0.127449	0.0601735
1507.5	0.127449	0.0601955
1508	0.127449	0.0602175
1508.5	0.127285	0.0602395
1509	0.127467	0.0602642
1509.5	0.123875	0.060283
1510	0.127449	0.0602967
1510.5	0	0.0602967
1511	0	0.0602967
1511.5	0	0.0602967
1512	0	0.0602967
1512.5	0	0.0602967
1513	0	0.0602967
1513.5	0	0.0602967
1514	0	0.0602967
1514.5	0.00330276	0.0601175
1515	0.127449	0.0601395
1515.5	0.127449	0.0601614
1516	0.127449	0.0601833
1516.5	0.127449	0.0602052
1517	0.127449	0.060227
1517.5	0.127449	0.0602489
1518	0.127449	0.0602707
1518.5	0.127449	0.0602953
1519	0.127449	0.0603171
1519.5	0.127449	0.0603389
1520	0.127449	0.0603607
1520.5	0.127449	0.0603825
1521	0.127449	0.0604042
1521.5	0.127449	0.060426
1522	0.127449	0.0604477
1522.5	0.121993	0.0604555
1523	0	0.0604555
1523.5	0	0.0604555
1524	0	0.0604555
1524.5	0	0.0604555
1525	0	0.0604555
1525.5	0	0.0604555
1526	0	0.0604555
1526.5	0.0180471	0.0603345
1527	0.152596	0.0603625
1527.5	0.129634	0.0603845
1528	0.127427	0.0604089
1528.5	0.122862	0.060422
1529	0	0.060422
1529.5	0	0.060422
1530	0	0.060422
1530.5	0	0.060422
1531	0	0.060422
1531.5	0	0.060422
1532	0.012882	0.0603083
1532.5	0.077247	0.060314
1533	0.0607003	0.0603141
1533.5	0.0528618	0.0603112
1534	0.189361	0.0603531
1534.5	0.160875	0.0603883
1535	0.128636	0.0604019
1535.5	0	0.0604019
1536	0	0.0604019
1536.5	0	0.0604019
1537	0	0.0604019
1537.5	0	0.0604019
1538	0	0.0604019
1538.5	0	0.0604019
1539	0	0.0604019
1539.5	0	0.0604019
1540	0	0.0604019
1540.5	0	0.0604019
1541	0	0.0604019
1541.5	0	0.0604019
1542	0	0.0604019
1542.5	0	0.0604019
1543	0	0.0604019
1543.5	0	0.0604019
1544	0	0.0604019
1544.5	0	0.0604019
1545	0	0.0604019
1545.5	0	0.0604019
1546	0	0.0604019
1546.5	0.00403508	0.0599758
1547	0.12738	0.06
1547.5	0.127361	0.0600215
1548	0.126968	0.060043
1548.5	0.130389	0.0600649
1549	0.125143	0.060086
1549.5	0.129598	0.0601077
1550	0.127685	0.0601292
1550.5	0.127449	0.0601319
1551	0	0.0601319
1551.5	0	0.0601319
1552	0	0.0601319
1552.5	0	0.0601319
1553	0	0.0601319
1553.5	0	0.0601319
1554	0	0.0601319
1554.5	0.00700115	0.0599784
1555	0.125889	0.0599996
1555.5	0.118286	0.060017
1556	0.088493	0.0600268
1556.5	0.0998038	0.0600388
1557	0.086489	0.0600481
1557.5	0.0350865	0.0600409
1558	0.115127	0.0600602
1558.5	0.0485855	0.0600567
1559	0.132919	0.0600788
1559.5	0.123305	0.0600994
1560	0	0.0600994
1560.5	0	0.0600994
1561	0	0.0600994
1561.5	0	0.0600994
1562	0	0.0600994
1562.5	0	0.0600994
1563	0	0.0600994
1563.5	0.00786576	0.0599659
1564	0.127449	0.0599898
1564.5	0.127449	0.0600111
1565	0.127449	0.0600324
1565.5	0.126248	0.0600534
1566	0.127719	0.0600747
1566.5	0.124256	0.0600955
1567	0.13069	0.0601171
1567.5	0.127361	0.0601383
1568	0.12717	0.0601595
1568.5	0.127606	0.0601833
1569	0	0.0601833
1569.5	0	0.0601833
1570	0	0.0601833
1570.5	0	0.0601833
1571	0.00959593	0.0601042
1571.5	0.127486	0.060128
1572	0.127553	0.0601491
1572.5	0.127537	0.0601702
1573	0.127299	0.0601913
1573.5	0.127465	0.0602124
1574	0.128903	0.0602337
1574.5	0.127449	0.0602548
1575	0.127449	0.0602758
1575.5	0.125083	0.0602965
1576	0.127477	0.0603201
1576.5	0.127449	0.060328
1577	0.0309088	0.0603138
1577.5	0.12754	0.0603269
1578	0	0.0603269
1578.5	0	0.0603269
1579	0	0.0603269
1579.5	0	0.0603269
1580	0	0.0603269
1580.5	0.00242858	0.0602084
1581	0.125087	0.060229
1581.5	0.0917789	0.0602392
1582	0.145725	0.0602655
1582.5	0.138466	0.0602907
1583	0.13269	0.0603124
1583.5	0.130996	0.0603365
1584	0.127439	0.0603574
1584.5	0.128723	0.0603785
1585	0.0490889	0.0603751
1585.5	0.127568	0.060396
1586	0.125902	0.0604166
1586.5	0.127348	0.06044
1587	0.1116	0.0604559
1587.5	0.128955	0.060477
1588	0.124469	0.0604973
1588.5	0.127366	0.0605181
1589	0.130766	0.0605394
1589.5	0.129409	0.0605604
1590	0.127449	0.0605838
1590.5	0.127449	0.0606045
1591	0.127449	0.0606252
1591.5	0.127449	0.060646
1592	0.127449	0.0606667
1592.5	0.127449	0.0606873
1593	0.127449	0.060708
1593.5	0.127449	0.0607287
1594	0.127449	0.0607519
1594.5	0.127449	0.0607726
1595	0.127449	0.0607932
1595.5	0.127449	0.0608138
1596	0.127449	0.0608344
1596.5	0.127449	0.060855
1597	0.127449	0.0608756
1597.5	0.125174	0.0608958
1598	0.123467	0.0609107
1598.5	0	0.0609107
1599	0	0.0609107
1599.5	0	0.0609107
1600	0	0.0609107
